%%MatrixMarket matrix coordinate real general
308 308 3500
1 1 0.007199999999999999
2 1              -0.0023
3 1 0.0001333333333333333
4 1 -0.0007666666666666666
5 1              -0.0023
6 1 -0.0007666666666666666
7 1 0.0001333333333333333
1 2              -0.0023
2 2  0.01659999999999999
3 2               0.0004
4 2 0.0001333333333333333
5 2 0.0002666666666666667
7 2              -0.0023
8 2              -0.0023
9 2 0.0002666666666666667
10 2              -0.0046
11 2              -0.0023
12 2 0.0001333333333333333
1 3 0.0001333333333333333
2 3               0.0004
3 3 0.009399999999999997
4 3 -0.001533333333333334
5 3              -0.0023
8 3 0.0001333333333333333
9 3              -0.0023
10 3 0.0002666666666666666
13 3 -0.001533333333333334
1 4 -0.0007666666666666666
2 4 0.0001333333333333333
3 4 -0.001533333333333334
4 4 0.003599999999999999
8 4 -0.0007666666666666665
1 5              -0.0023
2 5 0.0002666666666666667
3 5              -0.0023
5 5               0.0166
6 5 0.0001333333333333333
7 5               0.0004
10 5 -0.004599999999999999
13 5 0.0001333333333333333
14 5              -0.0023
15 5              -0.0023
16 5 0.0002666666666666666
1 6 -0.0007666666666666666
5 6 0.0001333333333333333
6 6               0.0072
7 6              -0.0023
15 6 -0.002300000000000001
17 6 -0.0007666666666666664
18 6 0.0001333333333333334
1 7 0.0001333333333333333
2 7              -0.0023
5 7               0.0004
6 7              -0.0023
7 7  0.01659999999999999
10 7 0.0002666666666666667
12 7              -0.0023
15 7 0.0002666666666666667
16 7 -0.004600000000000001
18 7 -0.002299999999999999
19 7 0.0001333333333333334
2 8              -0.0023
3 8 0.0001333333333333333
4 8 -0.0007666666666666665
8 8 0.007199999999999998
9 8              -0.0023
11 8 0.0001333333333333333
20 8 -0.0007666666666666665
2 9 0.0002666666666666667
3 9              -0.0023
8 9              -0.0023
9 9               0.1816
10 9 -0.004599999999999999
11 9               0.0004
13 9 0.0001333333333333333
20 9 0.0001333333333333333
21 9              -0.0023
22 9 0.0002666666666666666
23 9  -0.1672999999999999
2 10              -0.0046
3 10 0.0002666666666666666
5 10 -0.004599999999999999
7 10 0.0002666666666666667
9 10 -0.004599999999999999
10 10               0.1982
11 10 0.0002666666666666667
12 10               0.0004
13 10               0.0004
14 10 0.0002666666666666667
16 10 -0.004599999999999999
21 10 0.0002666666666666667
22 10              -0.1696
24 10              -0.0046
25 10 0.0002666666666666666
2 11              -0.0023
8 11 0.0001333333333333333
9 11               0.0004
10 11 0.0002666666666666667
11 11               1.0066
12 11  -0.1672999999999999
20 11  -0.1672999999999999
22 11  -0.4171000000000001
23 11 0.0002666666666666667
26 11  -0.2497999999999999
27 11 0.0001333333333333334
2 12 0.0001333333333333333
7 12              -0.0023
10 12               0.0004
11 12  -0.1672999999999999
12 12               1.0066
16 12 0.0002666666666666667
19 12  -0.1672999999999999
22 12 0.0002666666666666667
25 12  -0.4171000000000001
27 12  -0.2497999999999999
28 12 0.0001333333333333334
3 13 -0.001533333333333334
5 13 0.0001333333333333333
9 13 0.0001333333333333333
10 13               0.0004
13 13 0.009399999999999997
14 13              -0.0023
21 13              -0.0023
24 13 0.0002666666666666667
29 13 -0.001533333333333333
5 14              -0.0023
10 14 0.0002666666666666667
13 14              -0.0023
14 14               0.0166
15 14 0.0001333333333333333
16 14               0.0004
24 14 -0.004600000000000001
29 14 0.0001333333333333334
30 14 -0.002299999999999999
31 14              -0.0023
32 14 0.0002666666666666667
5 15              -0.0023
6 15 -0.002300000000000001
7 15 0.0002666666666666667
14 15 0.0001333333333333333
15 15               0.0166
16 15              -0.0046
17 15 0.0001333333333333334
18 15 0.0004000000000000001
31 15 -0.002300000000000001
33 15 -0.002299999999999999
34 15 0.0002666666666666667
5 16 0.0002666666666666666
7 16 -0.004600000000000001
10 16 -0.004599999999999999
12 16 0.0002666666666666667
14 16               0.0004
15 16              -0.0046
16 16               0.1982
18 16 0.0002666666666666668
19 16 0.0004000000000000001
24 16 0.0002666666666666667
25 16              -0.1696
31 16 0.0002666666666666667
32 16 -0.004600000000000001
34 16 -0.004599999999999998
35 16 0.0002666666666666667
6 17 -0.0007666666666666664
15 17 0.0001333333333333334
17 17 0.007199999999999999
18 17              -0.0023
33 17              -0.0023
36 17 -0.0007666666666666665
37 17 0.0001333333333333333
6 18 0.0001333333333333334
7 18 -0.002299999999999999
15 18 0.0004000000000000001
16 18 0.0002666666666666668
17 18              -0.0023
18 18               0.0166
19 18              -0.0023
33 18 0.0002666666666666667
34 18 -0.004600000000000001
37 18 -0.002299999999999999
38 18 0.0001333333333333333
7 19 0.0001333333333333334
12 19  -0.1672999999999999
16 19 0.0004000000000000001
18 19              -0.0023
19 19               1.0066
25 19 0.0002666666666666668
28 19  -0.2497999999999999
34 19 0.0002666666666666667
35 19  -0.4171000000000001
38 19  -0.1672999999999999
39 19 0.0001333333333333333
8 20 -0.0007666666666666665
9 20 0.0001333333333333333
11 20  -0.1672999999999999
20 20   0.5022000000000001
23 20  -0.2498000000000001
26 20 0.0001333333333333334
40 20 -0.08326666666666663
9 21              -0.0023
10 21 0.0002666666666666667
13 21              -0.0023
21 21               0.1816
22 21               0.0004
23 21 0.0001333333333333333
24 21 -0.004600000000000001
29 21 0.0001333333333333334
41 21 -0.002299999999999999
42 21 0.0002666666666666667
43 21  -0.1672999999999999
9 22 0.0002666666666666666
10 22              -0.1696
11 22  -0.4171000000000001
12 22 0.0002666666666666667
21 22               0.0004
22 22    2.343200000000001
23 22  -0.4170999999999999
24 22 0.0002666666666666667
25 22  -0.4170999999999999
26 22 0.0002666666666666667
27 22 0.0004000000000000001
42 22  -0.4171000000000001
43 22 0.0002666666666666667
44 22  -0.4995999999999997
45 22 0.0002666666666666667
9 23  -0.1672999999999999
11 23 0.0002666666666666667
20 23  -0.2498000000000001
21 23 0.0001333333333333333
22 23  -0.4170999999999999
23 23               1.3366
26 23 0.0004000000000000001
40 23 0.0001333333333333334
43 23  -0.2498000000000001
44 23 0.0002666666666666667
46 23  -0.2497999999999999
10 24              -0.0046
13 24 0.0002666666666666667
14 24 -0.004600000000000001
16 24 0.0002666666666666667
21 24 -0.004600000000000001
22 24 0.0002666666666666667
24 24               0.1982
25 24               0.0004
29 24 0.0004000000000000002
30 24 0.0002666666666666668
32 24 -0.004600000000000001
41 24 0.0002666666666666668
42 24              -0.1696
47 24 -0.004599999999999998
48 24 0.0002666666666666667
10 25 0.0002666666666666666
12 25  -0.4171000000000001
16 25              -0.1696
19 25 0.0002666666666666668
22 25  -0.4170999999999999
24 25               0.0004
25 25    2.343200000000001
27 25 0.0002666666666666668
28 25 0.0004000000000000002
32 25 0.0002666666666666667
35 25  -0.4170999999999999
42 25 0.0002666666666666667
45 25  -0.4995999999999998
48 25  -0.4171000000000001
49 25 0.0002666666666666668
11 26  -0.2497999999999999
20 26 0.0001333333333333334
22 26 0.0002666666666666667
23 26 0.0004000000000000001
26 26    1.336298224132161
27 26  -0.2497193794750383
40 26  -0.2497210187625262
44 26  -0.4168855996784453
46 26 0.0002703754610148973
226 26  -0.1660309960620981
227 26 0.001164995794879684
11 27 0.0001333333333333334
12 27  -0.2497999999999999
22 27 0.0004000000000000001
25 27 0.0002666666666666668
26 27  -0.2497193794750383
27 27    1.336590065740001
28 27  -0.2497164348375727
44 27 0.0002705340182793535
45 27  -0.4167819834527069
227 27  -0.1640290923353139
228 27 0.002787734647679051
12 28 0.0001333333333333334
19 28  -0.2497999999999999
25 28 0.0004000000000000002
27 28  -0.2497164348375727
28 28    1.336266881358719
35 28 0.0002666666666666667
39 28  -0.2497118089846871
45 28 0.0002709029715449713
49 28  -0.4168593300843166
228 28  -0.1659536696904479
229 28 0.001230831190729921
13 29 -0.001533333333333333
14 29 0.0001333333333333334
21 29 0.0001333333333333334
24 29 0.0004000000000000002
29 29 0.009400000000000002
30 29 -0.002300000000000001
41 29 -0.002300000000000001
47 29 0.0002666666666666668
54 29 -0.001533333333333334
14 30 -0.002299999999999999
24 30 0.0002666666666666668
29 30 -0.002300000000000001
30 30               0.0166
31 30 0.0001333333333333334
32 30 0.0004000000000000002
47 30 -0.004600000000000003
54 30 0.0001333333333333334
55 30 -0.002300000000000001
56 30 -0.002300000000000001
57 30 0.0002666666666666668
14 31              -0.0023
15 31 -0.002300000000000001
16 31 0.0002666666666666667
30 31 0.0001333333333333334
31 31               0.0166
32 31 -0.004600000000000002
33 31 0.0001333333333333334
34 31 0.0004000000000000001
56 31 -0.002299999999999999
58 31 -0.002299999999999999
59 31 0.0002666666666666668
14 32 0.0002666666666666667
16 32 -0.004600000000000001
24 32 -0.004600000000000001
25 32 0.0002666666666666667
30 32 0.0004000000000000002
31 32 -0.004600000000000002
32 32               0.1982
34 32 0.0002666666666666668
35 32 0.0004000000000000001
47 32 0.0002666666666666668
48 32              -0.1696
56 32 0.0002666666666666668
57 32 -0.004599999999999998
59 32 -0.004599999999999998
60 32 0.0002666666666666668
15 33 -0.002299999999999999
17 33              -0.0023
18 33 0.0002666666666666667
31 33 0.0001333333333333334
33 33  0.01659999999999999
34 33              -0.0046
36 33 0.0001333333333333333
37 33 0.0003999999999999999
58 33              -0.0023
61 33              -0.0023
62 33 0.0002666666666666666
15 34 0.0002666666666666667
16 34 -0.004599999999999998
18 34 -0.004600000000000001
19 34 0.0002666666666666667
31 34 0.0004000000000000001
32 34 0.0002666666666666668
33 34              -0.0046
34 34   0.1981999999999999
35 34  -0.1695999999999999
37 34 0.0002666666666666666
38 34 0.0003999999999999999
58 34 0.0002666666666666667
59 34 -0.004600000000000001
62 34 -0.004599999999999998
63 34 0.0002666666666666666
16 35 0.0002666666666666667
19 35  -0.4171000000000001
25 35  -0.4170999999999999
28 35 0.0002666666666666667
32 35 0.0004000000000000001
34 35  -0.1695999999999999
35 35    2.343200000000001
38 35 0.0002666666666666666
39 35 0.0004000000000000001
48 35 0.0002666666666666668
49 35  -0.4995999999999997
59 35 0.0002666666666666667
60 35  -0.4171000000000001
63 35  -0.4170999999999999
64 35 0.0002666666666666667
17 36 -0.0007666666666666665
33 36 0.0001333333333333333
36 36 0.007199999999999997
37 36 -0.002299999999999999
61 36              -0.0023
65 36 -0.0007666666666666665
66 36 0.0001333333333333333
17 37 0.0001333333333333333
18 37 -0.002299999999999999
33 37 0.0003999999999999999
34 37 0.0002666666666666666
36 37 -0.002299999999999999
37 37  0.01659999999999999
38 37 -0.002299999999999999
61 37 0.0002666666666666666
62 37 -0.004599999999999999
66 37 -0.002299999999999999
67 37 0.0001333333333333333
18 38 0.0001333333333333333
19 38  -0.1672999999999999
34 38 0.0003999999999999999
35 38 0.0002666666666666666
37 38 -0.002299999999999999
38 38               1.0066
39 38  -0.2497999999999998
62 38 0.0002666666666666666
63 38  -0.4170999999999999
67 38  -0.1672999999999999
68 38 0.0001333333333333333
19 39 0.0001333333333333333
28 39  -0.2497118089846871
35 39 0.0004000000000000001
38 39  -0.2497999999999998
39 39    1.336236391429583
49 39 0.0002714456186340043
63 39 0.0002666666666666667
64 39  -0.4168335372724884
68 39  -0.2497050068304501
229 39  -0.1658752696081011
232 39 0.001295466087071901
20 40 -0.08326666666666663
23 40 0.0001333333333333334
26 40  -0.2497210187625262
40 40   0.5021722925314613
46 40  -0.1671535380804548
226 40 0.001154476675711857
233 40 0.0002230811118774485
21 41 -0.002299999999999999
24 41 0.0002666666666666668
29 41 -0.002300000000000001
41 41   0.1816000000000001
42 41 0.0004000000000000002
43 41 0.0001333333333333334
47 41 -0.004600000000000003
54 41 0.0001333333333333334
71 41 -0.002300000000000001
72 41 0.0002666666666666668
73 41  -0.1673000000000001
21 42 0.0002666666666666667
22 42  -0.4171000000000001
24 42              -0.1696
25 42 0.0002666666666666667
41 42 0.0004000000000000002
42 42    2.343200000000001
43 42              -0.4171
44 42 0.0002666666666666667
45 42 0.0004000000000000001
47 42 0.0002666666666666668
48 42              -0.4171
72 42  -0.4170999999999999
73 42 0.0002666666666666668
74 42  -0.4995999999999998
75 42 0.0002666666666666668
21 43  -0.1672999999999999
22 43 0.0002666666666666667
23 43  -0.2498000000000001
41 43 0.0001333333333333334
42 43              -0.4171
43 43               1.3366
44 43 0.0004000000000000001
46 43 0.0001333333333333334
73 43  -0.2497999999999999
74 43 0.0002666666666666668
76 43  -0.2497999999999999
22 44  -0.4995999999999997
23 44 0.0002666666666666667
26 44  -0.4168855996784453
27 44 0.0002705340182793535
42 44 0.0002666666666666667
43 44 0.0004000000000000001
44 44     2.34315160638937
45 44   -0.417024360623931
46 44  -0.4170287818007339
74 44  -0.4171000000000002
76 44 0.0002666666666666667
77 44   -0.168592905398092
78 44 0.0005521081680114411
226 44 0.002752584896070078
227 44 0.004022057686533704
22 45 0.0002666666666666667
25 45  -0.4995999999999998
27 45  -0.4167819834527069
28 45 0.0002709029715449713
42 45 0.0004000000000000001
44 45   -0.417024360623931
45 45    2.343332703147304
48 45 0.0002666666666666668
49 45  -0.4170149602553651
74 45 0.0002666666666666667
75 45  -0.4171000000000002
78 45  -0.1680720813248195
79 45 0.0008869881548167445
227 45  0.00410445415968771
228 45 0.005809076060874325
23 46  -0.2497999999999999
26 46 0.0002703754610148973
40 46  -0.1671535380804548
43 46 0.0001333333333333334
44 46  -0.4170287818007339
46 46    1.007027411443485
76 46              -0.1673
77 46 0.0004643643374151375
80 46 -0.0005465786167991858
226 46 0.006453624329966548
233 46 0.005709555008218613
24 47 -0.004599999999999998
29 47 0.0002666666666666668
30 47 -0.004600000000000003
32 47 0.0002666666666666668
41 47 -0.004600000000000003
42 47 0.0002666666666666668
47 47   0.1982000000000001
48 47 0.0004000000000000002
54 47 0.0004000000000000001
55 47 0.0002666666666666667
57 47 -0.004600000000000003
71 47 0.0002666666666666668
72 47  -0.1696000000000001
81 47 -0.004600000000000002
82 47 0.0002666666666666668
24 48 0.0002666666666666667
25 48  -0.4171000000000001
32 48              -0.1696
35 48 0.0002666666666666668
42 48              -0.4171
45 48 0.0002666666666666668
47 48 0.0004000000000000002
48 48    2.343200000000001
49 48 0.0004000000000000002
57 48 0.0002666666666666668
60 48              -0.4171
72 48 0.0002666666666666668
75 48  -0.4995999999999999
82 48              -0.4171
83 48 0.0002666666666666669
25 49 0.0002666666666666668
28 49  -0.4168593300843166
35 49  -0.4995999999999997
39 49 0.0002714456186340043
45 49  -0.4170149602553651
48 49 0.0004000000000000002
49 49    2.343582282902812
60 49 0.0002666666666666667
64 49  -0.4169565608800112
75 49 0.0002666666666666667
79 49   -0.166303603569845
83 49  -0.4170973840941151
228 49  0.00383579260505508
229 49 0.007807049796275108
239 49 0.003030276132052102
50 50    6294877.819924827
51 50    873757.7448043285
70 50    864477.0787606365
85 50    1994941.273914402
86 50    1332812.155178624
217 50    5865.681661459993
221 50    5569.009629850969
222 50     23059.5437716375
224 50    26655.28176600905
234 50    2011270.107596683
237 50    1328467.362636563
50 51    873757.7448043285
51 51     6407821.65372146
52 51    894409.4210069537
86 51    1997112.984978016
87 51    1333179.506527375
217 51    5655.764786135846
218 51    6020.737082165985
222 51    29733.94887700646
223 51    26587.91226839951
234 51    1372077.726502638
235 51     2080401.49154132
51 52    894409.4210069537
52 52    6612417.691469483
53 52    926768.1513569241
87 52    1999379.975234548
88 52    1333330.609631299
218 52     5829.50038376787
219 52     6281.52881113559
223 52    37492.79917616866
225 52    33978.22205029331
235 52    1463532.530656535
236 52    2201518.784325339
52 53    926768.1513569241
53 53    6912754.926258358
69 53    970770.6956650771
84 53    2377975.780916743
88 53    1999994.282102905
89 53    1333333.333333332
219 53    6106.753294268348
220 53    6675.915756142587
225 53    56430.90889342135
230 53    48918.01449600358
236 53    1606074.518160478
29 54 -0.001533333333333334
30 54 0.0001333333333333334
41 54 0.0001333333333333334
47 54 0.0004000000000000001
54 54 0.009400000000000002
55 54 -0.002300000000000001
71 54 -0.002300000000000001
81 54 0.0002666666666666667
90 54 -0.001533333333333334
30 55 -0.002300000000000001
47 55 0.0002666666666666667
54 55 -0.002300000000000001
55 55               0.0166
56 55 0.0001333333333333334
57 55 0.0004000000000000001
81 55 -0.004600000000000002
90 55 0.0001333333333333334
91 55 -0.002300000000000001
92 55 -0.002300000000000001
93 55 0.0002666666666666667
30 56 -0.002300000000000001
31 56 -0.002299999999999999
32 56 0.0002666666666666668
55 56 0.0001333333333333334
56 56               0.0166
57 56 -0.004600000000000003
58 56 0.0001333333333333334
59 56 0.0004000000000000002
92 56 -0.002300000000000001
94 56 -0.002299999999999999
95 56 0.0002666666666666668
30 57 0.0002666666666666668
32 57 -0.004599999999999998
47 57 -0.004600000000000003
48 57 0.0002666666666666668
55 57 0.0004000000000000001
56 57 -0.004600000000000003
57 57   0.1982000000000002
59 57 0.0002666666666666668
60 57 0.0004000000000000002
81 57 0.0002666666666666668
82 57  -0.1696000000000001
92 57 0.0002666666666666668
93 57 -0.004600000000000003
95 57 -0.004599999999999998
96 57 0.0002666666666666668
31 58 -0.002299999999999999
33 58              -0.0023
34 58 0.0002666666666666667
56 58 0.0001333333333333334
58 58               0.0166
59 58 -0.004600000000000001
61 58 0.0001333333333333333
62 58 0.0003999999999999999
94 58 -0.002299999999999999
97 58              -0.0023
98 58 0.0002666666666666667
31 59 0.0002666666666666668
32 59 -0.004599999999999998
34 59 -0.004600000000000001
35 59 0.0002666666666666667
56 59 0.0004000000000000002
57 59 0.0002666666666666668
58 59 -0.004600000000000001
59 59   0.1981999999999999
60 59  -0.1695999999999999
62 59 0.0002666666666666666
63 59 0.0003999999999999999
94 59 0.0002666666666666668
95 59 -0.004599999999999998
98 59 -0.004600000000000001
99 59 0.0002666666666666667
32 60 0.0002666666666666668
35 60  -0.4171000000000001
48 60              -0.4171
49 60 0.0002666666666666667
57 60 0.0004000000000000002
59 60  -0.1695999999999999
60 60    2.343200000000001
63 60 0.0002666666666666666
64 60 0.0004000000000000001
82 60 0.0002666666666666669
83 60              -0.4996
95 60 0.0002666666666666668
96 60  -0.4170999999999999
99 60  -0.4171000000000001
100 60 0.0002666666666666667
33 61              -0.0023
36 61              -0.0023
37 61 0.0002666666666666666
58 61 0.0001333333333333333
61 61  0.01659999999999999
62 61 -0.004599999999999997
65 61 0.0001333333333333333
66 61 0.0003999999999999999
97 61              -0.0023
101 61              -0.0023
102 61 0.0002666666666666666
33 62 0.0002666666666666666
34 62 -0.004599999999999998
37 62 -0.004599999999999999
38 62 0.0002666666666666666
58 62 0.0003999999999999999
59 62 0.0002666666666666666
61 62 -0.004599999999999997
62 62   0.1981999999999999
63 62  -0.1695999999999999
66 62 0.0002666666666666666
67 62 0.0003999999999999999
97 62 0.0002666666666666666
98 62 -0.004599999999999999
102 62 -0.004599999999999998
103 62 0.0002666666666666666
34 63 0.0002666666666666666
35 63  -0.4170999999999999
38 63  -0.4170999999999999
39 63 0.0002666666666666667
59 63 0.0003999999999999999
60 63 0.0002666666666666666
62 63  -0.1695999999999999
63 63               2.3432
64 63  -0.4995999999999996
67 63 0.0002666666666666666
68 63 0.0004000000000000001
98 63 0.0002666666666666666
99 63  -0.4170999999999999
103 63  -0.4170999999999999
104 63 0.0002666666666666667
35 64 0.0002666666666666667
39 64  -0.4168335372724884
49 64  -0.4169565608800112
60 64 0.0004000000000000001
63 64  -0.4995999999999996
64 64    2.344733251518961
68 64 0.0002723733959968104
83 64 0.0002667323299551798
99 64 0.0002666666666666667
100 64   -0.416986996642621
104 64  -0.4167274843075488
229 64 0.005802252775239616
232 64  0.01128807931572577
239 64  -0.1614253517413248
246 64 0.007433753415060779
36 65 -0.0007666666666666665
61 65 0.0001333333333333333
65 65 0.003599999999999998
66 65 -0.001533333333333333
101 65 -0.0007666666666666665
36 66 0.0001333333333333333
37 66 -0.002299999999999999
61 66 0.0003999999999999999
62 66 0.0002666666666666666
65 66 -0.001533333333333333
66 66 0.009399999999999995
67 66 -0.001533333333333333
101 66 0.0001333333333333333
102 66              -0.0023
37 67 0.0001333333333333333
38 67  -0.1672999999999999
62 67 0.0003999999999999999
63 67 0.0002666666666666666
66 67 -0.001533333333333333
67 67   0.5043999999999997
68 67  -0.1665333333333332
102 67 0.0001333333333333333
103 67  -0.1672999999999999
38 68 0.0001333333333333333
39 68  -0.2497050068304501
63 68 0.0004000000000000001
64 68 0.0002723733959968104
67 68  -0.1665333333333332
68 68   0.8340408560868717
103 68 0.0001333333333333334
104 68  -0.2497050070547852
232 68  -0.1661796693479065
53 69    970770.6956650771
69 69    3939808.323116881
84 69    1785612.453323772
89 69    1333333.333333332
105 69    970783.2597814001
220 69     6515.97687254533
230 69    100535.4021344776
231 69    706.3970391672004
245 69    6515.583505979911
50 70    864477.0787606365
70 70    3060060.986665063
85 70     1332583.44458084
106 70    666560.5669181031
221 70    5269.519527049279
224 70    20746.55434622251
237 70    1375993.931701883
41 71 -0.002300000000000001
47 71 0.0002666666666666668
54 71 -0.002300000000000001
71 71               0.1816
72 71 0.0004000000000000001
73 71 0.0001333333333333334
81 71 -0.004600000000000002
90 71 0.0001333333333333334
107 71 -0.002300000000000001
108 71 0.0002666666666666667
109 71              -0.1673
41 72 0.0002666666666666668
42 72  -0.4170999999999999
47 72  -0.1696000000000001
48 72 0.0002666666666666668
71 72 0.0004000000000000001
72 72    2.343200000000001
73 72  -0.4171000000000001
74 72 0.0002666666666666668
75 72 0.0004000000000000002
81 72 0.0002666666666666667
82 72  -0.4171000000000001
108 72  -0.4171000000000001
109 72 0.0002666666666666668
110 72  -0.4995999999999999
111 72 0.0002666666666666668
41 73  -0.1673000000000001
42 73 0.0002666666666666668
43 73  -0.2497999999999999
71 73 0.0001333333333333334
72 73  -0.4171000000000001
73 73               1.3366
74 73 0.0004000000000000002
76 73 0.0001333333333333334
109 73  -0.2498000000000001
110 73 0.0002666666666666668
112 73  -0.2497999999999999
42 74  -0.4995999999999998
43 74 0.0002666666666666668
44 74  -0.4171000000000002
45 74 0.0002666666666666667
72 74 0.0002666666666666668
73 74 0.0004000000000000002
74 74    2.343200000000001
75 74              -0.4171
76 74              -0.4171
77 74 0.0002666666666666666
78 74 0.0003999999999999999
110 74  -0.4170999999999999
112 74 0.0002666666666666668
113 74  -0.1696000000000001
114 74 0.0002666666666666667
42 75 0.0002666666666666668
45 75  -0.4171000000000002
48 75  -0.4995999999999999
49 75 0.0002666666666666667
72 75 0.0004000000000000002
74 75              -0.4171
75 75    2.343200000000001
78 75 0.0002666666666666666
79 75 0.0004000000000000001
82 75 0.0002666666666666669
83 75              -0.4171
110 75 0.0002666666666666668
111 75              -0.4171
114 75  -0.1696000000000001
115 75 0.0002666666666666667
43 76  -0.2497999999999999
44 76 0.0002666666666666667
46 76              -0.1673
73 76 0.0001333333333333334
74 76              -0.4171
76 76               1.0066
77 76 0.0003999999999999999
80 76 0.0001333333333333333
112 76  -0.1672999999999999
113 76 0.0002666666666666667
116 76              -0.0023
44 77   -0.168592905398092
46 77 0.0004643643374151375
74 77 0.0002666666666666666
76 77 0.0003999999999999999
77 77   0.3428602026208467
78 77  0.02256361043103789
80 77  0.02179385723242408
85 77  0.03333333333333334
86 77  0.06666666666666668
113 77  0.01834970492284058
116 77  0.01563214304120712
117 77  0.06666666666666667
118 77  0.03333333333333333
226 77  0.02618758245240386
227 77  0.02697996495855311
240 77 0.001945774452815966
241 77 0.001950799502142293
252 77  0.01159956781523529
253 77 0.006234261164172469
44 78 0.0005521081680114411
45 78  -0.1680720813248195
74 78 0.0003999999999999999
75 78 0.0002666666666666666
77 78  0.02256361043103789
78 78   0.3460941587188935
79 78  0.02418518786738681
86 78  0.03333333333333335
87 78  0.06666666666666668
113 78  0.01715551891651409
114 78  0.02008965387331742
118 78  0.06666666666666668
119 78  0.03333333333333334
227 78  0.02668136538057642
228 78  0.02708402721394502
241 78 0.001264909645895076
242 78 0.0007337662099680521
253 78 0.009865794693547423
254 78 0.004371967427968321
45 79 0.0008869881548167445
49 79   -0.166303603569845
75 79 0.0004000000000000001
78 79  0.02418518786738681
79 79   0.3510624033820535
83 79 0.0002494143398031353
87 79  0.03333333333333333
88 79  0.06666666666666665
114 79  0.02056829603384317
115 79  0.02317573308423829
119 79  0.06666666666666665
120 79  0.03333333333333332
228 79  0.02725210331688961
229 79  0.02558707058422292
239 79  0.02623795044720285
242 79 0.0002480741112476881
243 79 -8.251456797337312e-05
254 79 0.006452338469975403
255 79 0.001436192422216234
46 80 -0.0005465786167991855
76 80 0.0001333333333333333
77 80  0.02179385723242408
80 80   0.1083234692368525
85 80  0.06666666666666668
106 80  0.03333333333333334
116 80  0.01283234791256982
117 80  0.03333333333333333
121 80  0.06666666666666667
226 80  0.03414464757721835
233 80  0.02766255747814992
240 80 0.002598089643476187
247 80 0.0002031187300262849
252 80 0.007077002502017241
256 80 0.001614200117568629
47 81 -0.004600000000000002
54 81 0.0002666666666666667
55 81 -0.004600000000000002
57 81 0.0002666666666666668
71 81 -0.004600000000000002
72 81 0.0002666666666666667
81 81               0.1982
82 81 0.0004000000000000001
90 81 0.0004000000000000001
91 81 0.0002666666666666667
93 81 -0.004600000000000002
107 81 0.0002666666666666668
108 81              -0.1696
122 81 -0.004600000000000002
123 81 0.0002666666666666667
47 82 0.0002666666666666668
48 82              -0.4171
57 82  -0.1696000000000001
60 82 0.0002666666666666669
72 82  -0.4171000000000001
75 82 0.0002666666666666669
81 82 0.0004000000000000001
82 82    2.343200000000001
83 82 0.0004000000000000005
93 82 0.0002666666666666668
96 82              -0.4171
108 82 0.0002666666666666668
111 82              -0.4996
123 82  -0.4171000000000001
124 82 0.0002666666666666669
48 83 0.0002666666666666669
49 83  -0.4170973840941151
60 83              -0.4996
64 83 0.0002667323299551798
75 83              -0.4171
79 83 0.0002494143398031353
82 83 0.0004000000000000005
83 83    2.343191922344858
96 83 0.0002666666666666669
100 83  -0.4170974261047689
111 83 0.0002666666666666669
115 83  -0.1695880469550883
124 83  -0.4171000000000001
125 83 0.0003012492988451401
239 83 0.0005618424323422941
53 84    2377975.780916743
69 84    1785612.453323772
84 84    17078225.05774192
88 84     2666651.55123757
89 84    4000000.066666663
105 84    2377817.157855693
120 84     3987791.46991452
126 84    2666651.551238627
225 84    10030.10982282474
230 84    61862.79193694265
236 84     2003251.36234993
238 84    523.9273426008855
244 84    10027.29125767018
250 84    1105368.255050687
257 84    2003242.441815547
50 85    1994941.273914402
70 85     1332583.44458084
77 85  0.03333333333333334
80 85  0.06666666666666668
85 85    1015621464.971575
86 85    174724859.2633524
106 85    174724852.7476052
117 85    331086739.5406676
121 85     330420257.773919
234 85    2647106.751376696
237 85    3974139.602749467
50 86    1332812.155178624
51 86    1997112.984978016
77 86  0.06666666666666668
78 86  0.03333333333333335
85 86    174724859.2633525
86 86    1015622455.619161
87 86     174724869.455175
117 86    330420260.7171198
118 86     331086836.996831
234 86    3982044.930853086
235 86    2655344.347235842
51 87    1333179.506527375
52 87    1999379.975234548
78 87  0.06666666666666668
79 87  0.03333333333333333
86 87     174724869.455175
87 87    1015623389.279273
88 87    174724872.7636639
118 87    330420264.8057222
119 87    331086916.9850757
235 87    3993815.642096121
236 87    2664178.370463315
52 88    1333330.609631299
53 88    1999994.282102905
79 88  0.06666666666666665
84 88     2666651.55123757
87 88    174724872.7636639
88 88    1015623609.010429
89 88    174724872.8049781
119 88    330420265.8888599
120 88    331086932.4961044
236 88    3999812.997194654
53 89    1333333.333333332
69 89    1333333.333333332
84 89    4000000.066666663
88 89    174724872.8049781
89 89    666173865.2641947
105 89    1333333.333333333
120 89     330420265.898764
126 89     157028726.493786
54 90 -0.001533333333333334
55 90 0.0001333333333333334
71 90 0.0001333333333333334
81 90 0.0004000000000000001
90 90 0.005800000000000002
91 90 -0.001533333333333334
107 90 -0.001533333333333334
122 90 0.0001333333333333334
55 91 -0.002300000000000001
81 91 0.0002666666666666667
90 91 -0.001533333333333334
91 91 0.009400000000000002
92 91 0.0001333333333333334
93 91 0.0004000000000000001
122 91 -0.002300000000000001
127 91 -0.001533333333333334
128 91 0.0001333333333333334
55 92 -0.002300000000000001
56 92 -0.002300000000000001
57 92 0.0002666666666666668
91 92 0.0001333333333333334
92 92               0.0166
93 92 -0.004600000000000003
94 92 0.0001333333333333334
95 92 0.0004000000000000002
127 92 -0.002300000000000001
129 92 -0.002299999999999999
130 92 0.0002666666666666668
55 93 0.0002666666666666667
57 93 -0.004600000000000003
81 93 -0.004600000000000002
82 93 0.0002666666666666668
91 93 0.0004000000000000001
92 93 -0.004600000000000003
93 93   0.1982000000000001
95 93 0.0002666666666666668
96 93 0.0004000000000000002
122 93 0.0002666666666666668
123 93  -0.1696000000000001
127 93 0.0002666666666666668
128 93 -0.004600000000000003
130 93 -0.004599999999999998
131 93 0.0002666666666666668
56 94 -0.002299999999999999
58 94 -0.002299999999999999
59 94 0.0002666666666666668
92 94 0.0001333333333333334
94 94               0.0166
95 94 -0.004600000000000002
97 94 0.0001333333333333334
98 94 0.0004000000000000001
129 94              -0.0023
132 94 -0.002300000000000001
133 94 0.0002666666666666667
56 95 0.0002666666666666668
57 95 -0.004599999999999998
59 95 -0.004599999999999998
60 95 0.0002666666666666668
92 95 0.0004000000000000002
93 95 0.0002666666666666668
94 95 -0.004600000000000002
95 95               0.1982
96 95              -0.1696
98 95 0.0002666666666666668
99 95 0.0004000000000000001
129 95 0.0002666666666666667
130 95 -0.004600000000000001
133 95 -0.004600000000000002
134 95 0.0002666666666666667
57 96 0.0002666666666666668
60 96  -0.4170999999999999
82 96              -0.4171
83 96 0.0002666666666666669
93 96 0.0004000000000000002
95 96              -0.1696
96 96    2.343200000000001
99 96 0.0002666666666666668
100 96 0.0004000000000000002
123 96 0.0002666666666666668
124 96  -0.4995999999999999
130 96 0.0002666666666666667
131 96  -0.4171000000000001
134 96  -0.4171000000000001
135 96 0.0002666666666666668
58 97              -0.0023
61 97              -0.0023
62 97 0.0002666666666666666
94 97 0.0001333333333333334
97 97               0.0166
98 97 -0.004599999999999999
101 97 0.0001333333333333333
102 97 0.0003999999999999999
132 97 -0.002299999999999999
136 97              -0.0023
137 97 0.0002666666666666667
58 98 0.0002666666666666667
59 98 -0.004600000000000001
62 98 -0.004599999999999999
63 98 0.0002666666666666666
94 98 0.0004000000000000001
95 98 0.0002666666666666668
97 98 -0.004599999999999999
98 98   0.1981999999999999
99 98  -0.1695999999999999
102 98 0.0002666666666666666
103 98 0.0003999999999999999
132 98 0.0002666666666666667
133 98 -0.004599999999999998
137 98 -0.004600000000000001
138 98 0.0002666666666666667
59 99 0.0002666666666666667
60 99  -0.4171000000000001
63 99  -0.4170999999999999
64 99 0.0002666666666666667
95 99 0.0004000000000000001
96 99 0.0002666666666666668
98 99  -0.1695999999999999
99 99               2.3432
100 99  -0.4995999999999997
103 99 0.0002666666666666666
104 99 0.0004000000000000001
133 99 0.0002666666666666667
134 99  -0.4170999999999998
138 99  -0.4171000000000001
139 99 0.0002666666666666667
60 100 0.0002666666666666667
64 100   -0.416986996642621
83 100  -0.4170974261047689
96 100 0.0004000000000000002
99 100  -0.4995999999999997
100 100     2.34386058545797
104 100 0.0002714489122062659
124 100 0.0002666666666666667
125 100  -0.1654835400687307
134 100 0.0002666666666666668
135 100   -0.417013381375634
139 100  -0.4168658278104295
239 100 0.004060395783617519
246 100 0.009790338830513334
261 100 0.004636269464261818
61 101              -0.0023
65 101 -0.0007666666666666665
66 101 0.0001333333333333333
97 101 0.0001333333333333333
101 101 0.007199999999999997
102 101 -0.002299999999999999
136 101 -0.0007666666666666665
61 102 0.0002666666666666666
62 102 -0.004599999999999998
66 102              -0.0023
67 102 0.0001333333333333333
97 102 0.0003999999999999999
98 102 0.0002666666666666666
101 102 -0.002299999999999999
102 102  0.01659999999999999
103 102 -0.002299999999999999
136 102 0.0001333333333333333
137 102              -0.0023
62 103 0.0002666666666666666
63 103  -0.4170999999999999
67 103  -0.1672999999999999
68 103 0.0001333333333333334
98 103 0.0003999999999999999
99 103 0.0002666666666666666
102 103 -0.002299999999999999
103 103               1.0066
104 103  -0.2497999999999998
137 103 0.0001333333333333333
138 103  -0.1672999999999999
63 104 0.0002666666666666667
64 104  -0.4167274843075488
68 104  -0.2497050070547852
99 104 0.0004000000000000001
100 104 0.0002714489122062659
103 104  -0.2497999999999998
104 104     1.33638023421422
138 104 0.0001333333333333334
139 104  -0.2497118074113537
232 104 0.002346492717521116
246 104  -0.1647040860827383
69 105    970783.2597814001
84 105    2377817.157855693
89 105    1333333.333333333
105 105    6912688.942276301
126 105    1999994.282102905
140 105    926783.8094159563
230 105    48902.62155619091
244 105    56437.01269768902
245 105    6676.247585518234
257 105    1606079.046338314
260 105    6106.458494343978
70 106    666560.5669181031
80 106  0.03333333333333334
85 106    174724852.7476052
106 106    349449705.3714463
121 106     174058202.367458
237 106    1332299.340117552
71 107 -0.002300000000000001
81 107 0.0002666666666666668
90 107 -0.001533333333333334
107 107   0.1744000000000001
108 107 0.0004000000000000001
109 107 0.0001333333333333334
122 107 -0.002300000000000001
141 107  -0.1665333333333333
142 107 0.0001333333333333334
71 108 0.0002666666666666667
72 108  -0.4171000000000001
81 108              -0.1696
82 108 0.0002666666666666668
107 108 0.0004000000000000001
108 108    2.343200000000001
109 108  -0.4171000000000001
110 108 0.0002666666666666668
111 108 0.0004000000000000002
122 108 0.0002666666666666667
123 108  -0.4171000000000001
141 108 0.0002666666666666668
142 108  -0.4171000000000001
143 108  -0.4995999999999999
144 108 0.0002666666666666668
71 109              -0.1673
72 109 0.0002666666666666668
73 109  -0.2498000000000001
107 109 0.0001333333333333334
108 109  -0.4171000000000001
109 109    1.336600000000001
110 109 0.0004000000000000002
112 109 0.0001333333333333334
141 109  -0.2498000000000001
143 109 0.0002666666666666668
145 109  -0.2497999999999999
72 110  -0.4995999999999999
73 110 0.0002666666666666668
74 110  -0.4170999999999999
75 110 0.0002666666666666668
108 110 0.0002666666666666668
109 110 0.0004000000000000002
110 110    2.343200000000001
111 110  -0.4171000000000001
112 110  -0.4171000000000001
113 110 0.0002666666666666667
114 110 0.0004000000000000001
143 110  -0.4171000000000002
145 110 0.0002666666666666667
146 110              -0.1696
147 110 0.0002666666666666667
72 111 0.0002666666666666668
75 111              -0.4171
82 111              -0.4996
83 111 0.0002666666666666669
108 111 0.0004000000000000002
110 111  -0.4171000000000001
111 111    2.343200000000001
114 111 0.0002666666666666668
115 111 0.0004000000000000002
123 111 0.0002666666666666668
124 111              -0.4171
143 111 0.0002666666666666667
144 111  -0.4171000000000002
147 111              -0.1696
148 111 0.0002666666666666668
73 112  -0.2497999999999999
74 112 0.0002666666666666668
76 112  -0.1672999999999999
109 112 0.0001333333333333334
110 112  -0.4171000000000001
112 112               1.0066
113 112 0.0004000000000000001
116 112 0.0001333333333333334
145 112              -0.1673
146 112 0.0002666666666666667
149 112 -0.002300000000000001
74 113  -0.1696000000000001
76 113 0.0002666666666666667
77 113  0.01834970492284058
78 113  0.01715551891651409
110 113 0.0002666666666666667
112 113 0.0004000000000000001
113 113   0.3160662872770479
114 113  0.01480809085687068
116 113  0.01336432774690189
117 113  0.03333333333333334
118 113  0.06666666666666668
146 113  0.01165529202153249
149 113 0.008285387418067596
150 113  0.06666666666666667
151 113  0.03333333333333333
252 113  0.01000054332859642
253 113  0.01460555699219825
266 113   0.0195860121747611
267 113  0.01321942195937768
74 114 0.0002666666666666667
75 114  -0.1696000000000001
78 114  0.02008965387331742
79 114  0.02056829603384317
110 114 0.0004000000000000001
111 114 0.0002666666666666668
113 114  0.01480809085687068
114 114   0.3237115328029246
115 114  0.01784410423737127
118 114  0.03333333333333335
119 114  0.06666666666666668
146 114 0.009841700630976918
147 114  0.01415270128423884
151 114  0.06666666666666668
152 114  0.03333333333333334
253 114 0.008402594086394103
254 114  0.01113275409389074
267 114  0.01760469040931178
268 114  0.01059164249416009
75 115 0.0002666666666666667
79 115  0.02317573308423829
83 115  -0.1695880469550883
111 115 0.0004000000000000002
114 115  0.01784410423737128
115 115   0.3368241219677719
119 115  0.03333333333333333
120 115  0.06666666666666665
124 115 0.0002666666666666667
125 115  0.02266364051448189
147 115  0.01343980954752873
148 115  0.01851489216126334
152 115  0.06666666666666665
153 115  0.03333333333333332
239 115  0.02656794533894419
254 115 0.005534572139799739
255 115 0.004934965458437981
268 115  0.01373588546290451
269 115 0.006120999500361357
76 116              -0.0023
77 116  0.01563214304120712
80 116  0.01283234791256982
112 116 0.0001333333333333334
113 116  0.01336432774690189
116 116  0.09514979426178954
117 116  0.06666666666666668
121 116  0.03333333333333334
149 116 0.009263029416341075
150 116  0.03333333333333333
154 116  0.06666666666666667
252 116  0.01614399854823703
256 116 0.002749831213606927
266 116  0.01445181614722296
270 116 0.005521142891986764
77 117  0.06666666666666667
80 117  0.03333333333333333
85 117    331086739.5406676
86 117    330420260.7171198
113 117  0.03333333333333334
116 117  0.06666666666666668
117 117    1990396170.200693
118 117    331084479.0384955
121 117    331083714.5005543
150 117    331077826.8472002
154 117    330419211.1944001
234 117    3765197.595958668
237 117    2552125.520407859
248 117    2414805.486439821
251 117    3594668.536237377
77 118  0.03333333333333333
78 118  0.06666666666666668
86 118    331086836.9968311
87 118    330420264.8057222
113 118  0.06666666666666668
114 118  0.03333333333333335
117 118    331084479.0384955
118 118    1990436690.670942
119 118     331085870.297111
150 118    330419515.3661275
151 118    331081367.1973175
234 118    2574155.504576882
235 118    3826307.108296883
248 118    3670911.748237558
249 118    2484223.079370345
78 119  0.03333333333333334
79 119  0.06666666666666665
87 119    331086916.9850757
88 119    330420265.8888599
114 119  0.06666666666666668
115 119  0.03333333333333333
118 119     331085870.297111
119 119    1990487997.990257
