%%MatrixMarket matrix coordinate real general
1089 1089 36199
1 1 4.700478577694876e-05
4 1 3.848795512171627e-06
7 1 -1.057735059191023e-05
28 1 -1.049902211326222e-05
31 1 3.828000120692583e-06
34 1 1.281768337898118e-05
37 1 -3.164960103521288e-05
46 1 -1.102713276768116e-05
64 1 -9.199956458822662e-06
67 1 8.496153500154675e-06
70 1 -1.845540362887527e-05
73 1 -1.088182059654444e-05
2 2 4.700478577694876e-05
5 2 3.848795512171627e-06
8 2 -1.057735059191023e-05
29 2 -1.049902211326222e-05
32 2 3.828000120692583e-06
35 2 1.281768337898118e-05
38 2 -3.164960103521288e-05
47 2 -1.102713276768116e-05
65 2 -9.199956458822662e-06
68 2 8.496153500154675e-06
71 2 -1.845540362887527e-05
74 2 -1.088182059654444e-05
3 3 4.700478577694876e-05
6 3 3.848795512171627e-06
9 3 -1.057735059191023e-05
30 3 -1.049902211326222e-05
33 3 3.828000120692583e-06
36 3 1.281768337898118e-05
39 3 -3.164960103521289e-05
48 3 -1.102713276768116e-05
66 3 -9.199956458822662e-06
69 3 8.496153500154675e-06
72 3 -1.845540362887527e-05
75 3 -1.088182059654444e-05
1 4 3.848795512171627e-06
4 4 4.745684886767293e-05
7 4 -1.055482497696662e-05
10 4 3.896653097818265e-06
13 4 -1.072830178214956e-05
34 4 8.523246104414967e-06
37 4 -1.100234763404849e-05
40 4 1.274257541948799e-05
43 4 -9.49771585122792e-06
46 4 -1.874790106899152e-05
49 4 -3.221954055245665e-05
58 4 -1.132911910896193e-05
2 5 3.848795512171627e-06
5 5 4.745684886767293e-05
8 5 -1.055482497696662e-05
11 5 3.896653097818265e-06
14 5 -1.072830178214956e-05
35 5 8.523246104414967e-06
38 5 -1.100234763404849e-05
41 5 1.274257541948799e-05
44 5 -9.49771585122792e-06
47 5 -1.874790106899152e-05
50 5 -3.221954055245665e-05
59 5 -1.132911910896193e-05
3 6 3.848795512171627e-06
6 6 4.745684886767293e-05
9 6 -1.055482497696662e-05
12 6 3.896653097818265e-06
15 6 -1.072830178214956e-05
36 6 8.523246104414967e-06
39 6 -1.100234763404849e-05
42 6 1.274257541948799e-05
45 6 -9.49771585122792e-06
48 6 -1.874790106899152e-05
51 6 -3.221954055245665e-05
60 6 -1.132911910896193e-05
1 7 -1.057735059191023e-05
4 7 -1.055482497696662e-05
7 7 5.360550291955961e-05
34 7 -1.200553796947938e-05
37 7 2.459543135640458e-05
46 7 2.464500162366998e-05
2 8 -1.057735059191023e-05
5 8 -1.055482497696662e-05
8 8 5.360550291955961e-05
35 8 -1.200553796947938e-05
38 8 2.459543135640458e-05
47 8 2.464500162366998e-05
3 9 -1.057735059191023e-05
6 9 -1.055482497696662e-05
9 9 5.360550291955961e-05
36 9 -1.200553796947938e-05
39 9 2.459543135640458e-05
48 9 2.464500162366998e-05
4 10 3.896653097818265e-06
10 10 4.825933612635091e-05
13 10 -1.068664988269658e-05
16 10 3.973138012724974e-06
19 10 -1.096214797005654e-05
40 10 8.55679407826911e-06
49 10 -1.128275920576237e-05
52 10 1.260977249024005e-05
55 10 -1.008223728881176e-05
58 10 -1.937608578218828e-05
61 10 -3.319207604352689e-05
82 10 -1.181061319069154e-05
5 11 3.896653097818265e-06
11 11 4.825933612635091e-05
14 11 -1.068664988269658e-05
17 11 3.973138012724974e-06
20 11 -1.096214797005654e-05
41 11 8.55679407826911e-06
50 11 -1.128275920576237e-05
53 11 1.260977249024005e-05
56 11 -1.008223728881176e-05
59 11 -1.937608578218828e-05
62 11 -3.319207604352689e-05
83 11 -1.181061319069154e-05
6 12 3.896653097818265e-06
12 12 4.825933612635091e-05
15 12 -1.068664988269658e-05
18 12 3.973138012724974e-06
21 12 -1.096214797005654e-05
42 12 8.55679407826911e-06
51 12 -1.128275920576237e-05
54 12 1.260977249024005e-05
57 12 -1.008223728881176e-05
60 12 -1.937608578218828e-05
63 12 -3.319207604352689e-05
84 12 -1.181061319069154e-05
4 13 -1.072830178214956e-05
10 13 -1.068664988269658e-05
13 13 5.435783438656099e-05
40 13 -1.218256641038205e-05
49 13 2.524619870076639e-05
58 13 2.533891850716553e-05
5 14 -1.072830178214956e-05
11 14 -1.068664988269658e-05
14 14 5.435783438656099e-05
41 14 -1.218256641038205e-05
50 14 2.524619870076639e-05
59 14 2.533891850716553e-05
6 15 -1.072830178214956e-05
12 15 -1.068664988269658e-05
15 15 5.435783438656099e-05
42 15 -1.218256641038205e-05
51 15 2.524619870076639e-05
60 15 2.533891850716553e-05
10 16 3.973138012724974e-06
16 16 4.944343960984646e-05
19 16 -1.089935533928095e-05
22 16 4.080945588250827e-06
25 16 -1.128855846754777e-05
52 16 8.579813789526028e-06
61 16 -1.173946872525274e-05
76 16 1.238868975133675e-05
79 16 -1.101471796717675e-05
82 16 -2.038317366210124e-05
85 16 -3.461113933308049e-05
154 16 -1.250239652714075e-05
11 17 3.973138012724974e-06
17 17 4.944343960984646e-05
20 17 -1.089935533928095e-05
23 17 4.080945588250827e-06
26 17 -1.128855846754777e-05
53 17 8.579813789526028e-06
62 17 -1.173946872525274e-05
77 17 1.238868975133675e-05
80 17 -1.101471796717675e-05
83 17 -2.038317366210124e-05
86 17 -3.461113933308049e-05
155 17 -1.250239652714075e-05
12 18 3.973138012724974e-06
18 18 4.944343960984646e-05
21 18 -1.089935533928095e-05
24 18 4.080945588250827e-06
27 18 -1.128855846754777e-05
54 18 8.579813789526028e-06
63 18 -1.173946872525274e-05
78 18 1.238868975133675e-05
81 18 -1.101471796717675e-05
84 18 -2.038317366210124e-05
87 18 -3.461113933308049e-05
156 18 -1.250239652714075e-05
10 19 -1.096214797005654e-05
16 19 -1.089935533928095e-05
19 19 5.55372222035993e-05
52 19 -1.245264226360151e-05
61 19 2.629949585589761e-05
82 19 2.644178478677519e-05
11 20 -1.096214797005654e-05
17 20 -1.089935533928095e-05
20 20 5.55372222035993e-05
53 20 -1.245264226360151e-05
62 20 2.629949585589761e-05
83 20 2.644178478677519e-05
12 21 -1.096214797005654e-05
18 21 -1.089935533928095e-05
21 21 5.55372222035993e-05
54 21 -1.245264226360151e-05
63 21 2.629949585589761e-05
84 21 2.644178478677519e-05
16 22 4.080945588250827e-06
22 22 2.250732451908223e-05
25 22 -1.120147204056037e-05
76 22 8.55913540900378e-06
85 22 -1.240126053482196e-05
154 22 -2.184361962304582e-05
175 22 4.080945588250827e-06
178 22 -1.240126053482196e-05
181 22 -1.120147204056037e-05
17 23 4.080945588250827e-06
23 23 2.250732451908223e-05
26 23 -1.120147204056037e-05
77 23 8.55913540900378e-06
86 23 -1.240126053482196e-05
155 23 -2.184361962304582e-05
176 23 4.080945588250827e-06
179 23 -1.240126053482196e-05
182 23 -1.120147204056037e-05
18 24 4.080945588250827e-06
24 24 2.250732451908223e-05
27 24 -1.120147204056037e-05
78 24 8.55913540900378e-06
87 24 -1.240126053482196e-05
156 24 -2.184361962304582e-05
177 24 4.080945588250827e-06
180 24 -1.240126053482196e-05
183 24 -1.120147204056037e-05
16 25 -1.128855846754777e-05
22 25 -1.120147204056037e-05
25 25 5.719612521102719e-05
76 25 -1.281617771052198e-05
85 25 2.782483086326944e-05
154 25 2.802710284790693e-05
17 26 -1.128855846754777e-05
23 26 -1.120147204056037e-05
26 26 5.719612521102719e-05
77 26 -1.281617771052198e-05
86 26 2.782483086326944e-05
155 26 2.802710284790693e-05
18 27 -1.128855846754777e-05
24 27 -1.120147204056037e-05
27 27 5.719612521102719e-05
78 27 -1.281617771052198e-05
87 27 2.782483086326944e-05
156 27 2.802710284790693e-05
1 28 -1.049902211326222e-05
28 28 5.324960148894984e-05
31 28 -1.050347611715348e-05
67 28 -1.192046970137889e-05
70 28 2.431710507000524e-05
73 28 2.430736179128691e-05
2 29 -1.049902211326222e-05
29 29 5.324960148894984e-05
32 29 -1.050347611715348e-05
68 29 -1.192046970137889e-05
71 29 2.431710507000524e-05
74 29 2.430736179128691e-05
3 30 -1.049902211326222e-05
30 30 5.324960148894984e-05
33 30 -1.050347611715348e-05
69 30 -1.192046970137889e-05
72 30 2.431710507000524e-05
75 30 2.430736179128691e-05
1 31 3.828000120692583e-06
28 31 -1.050347611715348e-05
31 31 2.684845728586144e-05
67 31 8.788920888314786e-06
70 31 -1.088669223590358e-05
73 31 -2.263693054398467e-05
2 32 3.828000120692583e-06
29 32 -1.050347611715348e-05
32 32 2.684845728586144e-05
68 32 8.788920888314786e-06
71 32 -1.088669223590358e-05
74 32 -2.263693054398467e-05
3 33 3.828000120692583e-06
30 33 -1.050347611715348e-05
33 33 2.684845728586145e-05
69 33 8.788920888314786e-06
72 33 -1.088669223590358e-05
75 33 -2.263693054398467e-05
1 34 1.281768337898118e-05
4 34 8.523246104414967e-06
7 34 -1.200553796947938e-05
34 34 0.0001302942820342344
37 34 -3.745866359650037e-05
40 34  1.3302039067796e-05
43 34 -3.289249263663615e-05
46 34 -2.248999912522341e-05
49 34 -1.033177628971407e-05
64 34 -3.208536466421678e-05
67 34 1.335614158511845e-05
70 34 -1.00189289960689e-05
199 34 1.329470935091923e-05
202 34 -2.829326804718138e-05
211 34 -7.193532663952628e-06
229 34 -5.984882456374032e-06
232 34 7.808997646745427e-06
235 34 -1.431975053453494e-05
238 34 -6.785500099903573e-06
2 35 1.281768337898118e-05
5 35 8.523246104414967e-06
8 35 -1.200553796947938e-05
35 35 0.0001302942820342344
38 35 -3.745866359650037e-05
41 35  1.3302039067796e-05
44 35 -3.289249263663615e-05
47 35 -2.248999912522341e-05
50 35 -1.033177628971407e-05
65 35 -3.208536466421678e-05
68 35 1.335614158511845e-05
71 35 -1.00189289960689e-05
200 35 1.329470935091923e-05
203 35 -2.829326804718138e-05
212 35 -7.193532663952628e-06
230 35 -5.984882456374032e-06
233 35 7.808997646745427e-06
236 35 -1.431975053453494e-05
239 35 -6.785500099903573e-06
3 36 1.281768337898118e-05
6 36 8.523246104414967e-06
9 36 -1.200553796947938e-05
36 36 0.0001302942820342344
39 36 -3.745866359650037e-05
42 36  1.3302039067796e-05
45 36 -3.289249263663615e-05
48 36 -2.248999912522341e-05
51 36 -1.033177628971407e-05
66 36 -3.208536466421679e-05
69 36 1.335614158511845e-05
72 36 -1.00189289960689e-05
201 36 1.329470935091923e-05
204 36 -2.829326804718138e-05
213 36 -7.193532663952628e-06
231 36 -5.984882456374032e-06
234 36 7.808997646745427e-06
237 36 -1.431975053453494e-05
240 36 -6.785500099903573e-06
1 37 -3.164960103521288e-05
4 37 -1.100234763404849e-05
7 37 2.459543135640458e-05
34 37 -3.745866359650037e-05
37 37 0.0001684194186972525
46 37 2.263862095280812e-05
64 37 1.884686466944407e-05
67 37 -1.004539037900975e-05
70 37 2.048480974393646e-05
2 38 -3.164960103521288e-05
5 38 -1.100234763404849e-05
8 38 2.459543135640458e-05
35 38 -3.745866359650037e-05
38 38 0.0001684194186972525
47 38 2.263862095280812e-05
65 38 1.884686466944407e-05
68 38 -1.004539037900975e-05
71 38 2.048480974393646e-05
3 39 -3.164960103521288e-05
6 39 -1.100234763404849e-05
9 39 2.459543135640458e-05
36 39 -3.745866359650037e-05
39 39 0.0001684194186972525
48 39 2.263862095280812e-05
66 39 1.884686466944407e-05
69 39 -1.004539037900975e-05
72 39 2.048480974393646e-05
4 40 1.274257541948799e-05
10 40 8.55679407826911e-06
13 40 -1.218256641038205e-05
34 40  1.3302039067796e-05
40 40 0.0001350455703801874
43 40 -3.234701384896574e-05
46 40 -1.026081937533776e-05
49 40 -3.743412193707308e-05
52 40 1.317387595272829e-05
55 40 -3.393647254758024e-05
58 40 -2.282264247591996e-05
61 40 -1.085824767687803e-05
199 40 7.964940854431084e-06
202 40 -7.112996670418843e-06
205 40 1.33111898792123e-05
208 40 -6.471470454658801e-06
211 40 -1.491657221910115e-05
214 40 -2.945373688143296e-05
223 40 -8.00989759706288e-06
5 41 1.274257541948799e-05
11 41 8.55679407826911e-06
14 41 -1.218256641038205e-05
35 41  1.3302039067796e-05
41 41 0.0001350455703801874
44 41 -3.234701384896574e-05
47 41 -1.026081937533776e-05
50 41 -3.743412193707308e-05
53 41 1.317387595272829e-05
56 41 -3.393647254758024e-05
59 41 -2.282264247591996e-05
62 41 -1.085824767687803e-05
200 41 7.964940854431084e-06
203 41 -7.112996670418843e-06
206 41 1.33111898792123e-05
209 41 -6.471470454658801e-06
212 41 -1.491657221910115e-05
215 41 -2.945373688143296e-05
224 41 -8.00989759706288e-06
6 42 1.274257541948799e-05
12 42 8.55679407826911e-06
15 42 -1.218256641038205e-05
36 42  1.3302039067796e-05
42 42 0.0001350455703801874
45 42 -3.234701384896574e-05
48 42 -1.026081937533776e-05
51 42 -3.743412193707308e-05
54 42 1.317387595272829e-05
57 42 -3.393647254758024e-05
60 42 -2.282264247591996e-05
63 42 -1.085824767687803e-05
201 42 7.964940854431084e-06
204 42 -7.112996670418843e-06
207 42 1.33111898792123e-05
210 42 -6.471470454658801e-06
213 42 -1.491657221910115e-05
216 42 -2.945373688143296e-05
225 42 -8.00989759706288e-06
4 43 -9.49771585122792e-06
34 43 -3.289249263663615e-05
40 43 -3.234701384896574e-05
43 43 0.0001372140007098723
46 43 1.953605898827026e-05
49 43 1.967797281702286e-05
199 43 -7.610409432781372e-06
202 43 1.32061326752798e-05
211 43 1.336720466234747e-05
5 44 -9.49771585122792e-06
35 44 -3.289249263663615e-05
41 44 -3.234701384896574e-05
44 44 0.0001372140007098723
47 44 1.953605898827026e-05
50 44 1.967797281702286e-05
200 44 -7.610409432781372e-06
203 44 1.32061326752798e-05
212 44 1.336720466234747e-05
6 45 -9.49771585122792e-06
36 45 -3.289249263663615e-05
42 45 -3.234701384896574e-05
45 45 0.0001372140007098723
48 45 1.953605898827026e-05
51 45 1.967797281702286e-05
201 45 -7.610409432781372e-06
204 45 1.32061326752798e-05
213 45 1.336720466234747e-05
1 46 -1.102713276768116e-05
4 46 -1.874790106899152e-05
7 46 2.464500162366998e-05
34 46 -2.248999912522341e-05
37 46 2.263862095280812e-05
40 46 -1.026081937533776e-05
43 46 1.953605898827026e-05
46 46 8.756679525797264e-05
49 46 2.120417986524232e-05
2 47 -1.102713276768116e-05
5 47 -1.874790106899152e-05
8 47 2.464500162366998e-05
35 47 -2.248999912522341e-05
38 47 2.263862095280812e-05
41 47 -1.026081937533776e-05
44 47 1.953605898827026e-05
47 47 8.756679525797264e-05
50 47 2.120417986524232e-05
3 48 -1.102713276768116e-05
6 48 -1.874790106899152e-05
9 48 2.464500162366998e-05
36 48 -2.248999912522341e-05
39 48 2.263862095280812e-05
42 48 -1.026081937533776e-05
45 48 1.953605898827026e-05
48 48 8.756679525797264e-05
51 48 2.120417986524232e-05
4 49 -3.221954055245665e-05
10 49 -1.128275920576237e-05
13 49 2.524619870076639e-05
34 49 -1.033177628971407e-05
40 49 -3.743412193707308e-05
43 49 1.967797281702286e-05
46 49 2.120417986524232e-05
49 49 0.000173034337269082
58 49 2.353930409792616e-05
5 50 -3.221954055245665e-05
11 50 -1.128275920576237e-05
14 50 2.524619870076639e-05
35 50 -1.033177628971407e-05
41 50 -3.743412193707308e-05
44 50 1.967797281702286e-05
47 50 2.120417986524232e-05
50 50 0.000173034337269082
59 50 2.353930409792616e-05
6 51 -3.221954055245665e-05
12 51 -1.128275920576237e-05
15 51 2.524619870076639e-05
36 51 -1.033177628971407e-05
42 51 -3.743412193707308e-05
45 51 1.967797281702286e-05
48 51 2.120417986524232e-05
51 51 0.000173034337269082
60 51 2.353930409792616e-05
10 52 1.260977249024005e-05
16 52 8.579813789526028e-06
19 52 -1.245264226360151e-05
40 52 1.317387595272829e-05
52 52 0.0001433502344771218
55 52 -3.294778738056543e-05
58 52 -1.073224559013109e-05
61 52 -3.734058368762898e-05
76 52 1.290544785381754e-05
79 52 -3.535859845286443e-05
82 52 -2.322737413322333e-05
85 52 -1.166502396880072e-05
205 52 8.226051347050183e-06
214 52 -7.854600809478267e-06
217 52 1.323710920397595e-05
220 52 -7.451297014653409e-06
223 52 -1.613751171147643e-05
226 52 -3.130465763107341e-05
304 52 -9.369318835324769e-06
11 53 1.260977249024005e-05
17 53 8.579813789526028e-06
20 53 -1.245264226360151e-05
41 53 1.317387595272829e-05
53 53 0.0001433502344771218
56 53 -3.294778738056543e-05
59 53 -1.073224559013109e-05
62 53 -3.734058368762898e-05
77 53 1.290544785381754e-05
80 53 -3.535859845286443e-05
83 53 -2.322737413322333e-05
86 53 -1.166502396880072e-05
206 53 8.226051347050183e-06
215 53 -7.854600809478267e-06
218 53 1.323710920397595e-05
221 53 -7.451297014653409e-06
224 53 -1.613751171147643e-05
227 53 -3.130465763107341e-05
305 53 -9.369318835324769e-06
12 54 1.260977249024005e-05
18 54 8.579813789526028e-06
21 54 -1.245264226360151e-05
42 54 1.317387595272829e-05
54 54 0.0001433502344771218
57 54 -3.294778738056543e-05
60 54 -1.073224559013109e-05
63 54 -3.734058368762898e-05
78 54 1.290544785381754e-05
81 54 -3.535859845286443e-05
84 54 -2.322737413322333e-05
87 54 -1.166502396880072e-05
207 54 8.226051347050183e-06
216 54 -7.854600809478267e-06
219 54 1.323710920397595e-05
222 54 -7.451297014653409e-06
225 54 -1.613751171147643e-05
228 54 -3.130465763107341e-05
306 54 -9.369318835324769e-06
10 55 -1.008223728881176e-05
40 55 -3.393647254758024e-05
52 55 -3.294778738056543e-05
55 55  0.00014833115269807
58 55 2.10299879483434e-05
61 55 2.128199212183729e-05
205 55 -8.408994125987508e-06
214 55 1.509749556990472e-05
223 55 1.540808914507399e-05
11 56 -1.008223728881176e-05
41 56 -3.393647254758024e-05
53 56 -3.294778738056543e-05
56 56  0.00014833115269807
59 56 2.10299879483434e-05
62 56 2.128199212183729e-05
206 56 -8.408994125987508e-06
215 56 1.509749556990472e-05
224 56 1.540808914507399e-05
12 57 -1.008223728881176e-05
42 57 -3.393647254758024e-05
54 57 -3.294778738056543e-05
57 57  0.00014833115269807
60 57 2.10299879483434e-05
63 57 2.128199212183729e-05
207 57 -8.408994125987508e-06
216 57 1.509749556990472e-05
225 57 1.540808914507399e-05
4 58 -1.132911910896193e-05
10 58 -1.937608578218828e-05
13 58 2.533891850716553e-05
40 58 -2.282264247591996e-05
49 58 2.353930409792616e-05
52 58 -1.073224559013109e-05
55 58 2.10299879483434e-05
58 58 9.205280032004582e-05
61 58 2.258200872447594e-05
5 59 -1.132911910896193e-05
11 59 -1.937608578218828e-05
14 59 2.533891850716553e-05
41 59 -2.282264247591996e-05
50 59 2.353930409792616e-05
53 59 -1.073224559013109e-05
56 59 2.10299879483434e-05
59 59 9.205280032004582e-05
62 59 2.258200872447594e-05
6 60 -1.132911910896193e-05
12 60 -1.937608578218828e-05
15 60 2.533891850716553e-05
42 60 -2.282264247591996e-05
51 60 2.353930409792616e-05
54 60 -1.073224559013109e-05
57 60 2.10299879483434e-05
60 60 9.205280032004582e-05
63 60 2.258200872447594e-05
10 61 -3.319207604352689e-05
16 61 -1.173946872525274e-05
19 61 2.629949585589761e-05
40 61 -1.085824767687803e-05
52 61 -3.734058368762898e-05
55 61 2.128199212183729e-05
58 61 2.258200872447594e-05
61 61 0.0001809638835024416
82 61 2.501543771007764e-05
11 62 -3.319207604352689e-05
17 62 -1.173946872525274e-05
20 62 2.629949585589761e-05
41 62 -1.085824767687803e-05
53 62 -3.734058368762898e-05
56 62 2.128199212183729e-05
59 62 2.258200872447594e-05
62 62 0.0001809638835024416
83 62 2.501543771007764e-05
12 63 -3.319207604352689e-05
18 63 -1.173946872525274e-05
21 63 2.629949585589761e-05
42 63 -1.085824767687803e-05
54 63 -3.734058368762898e-05
57 63 2.128199212183729e-05
60 63 2.258200872447594e-05
63 63 0.0001809638835024416
84 63 2.501543771007764e-05
1 64 -9.199956458822662e-06
34 64 -3.208536466421678e-05
37 64 1.884686466944407e-05
64 64 0.0001317268057498992
67 64 -3.227169628171813e-05
70 64 1.879394190356242e-05
232 64 -7.232009312521168e-06
235 64 1.242102603135398e-05
238 64 1.237346292533315e-05
2 65 -9.199956458822662e-06
35 65 -3.208536466421678e-05
38 65 1.884686466944407e-05
65 65 0.0001317268057498992
68 65 -3.227169628171813e-05
71 65 1.879394190356242e-05
233 65 -7.232009312521168e-06
236 65 1.242102603135398e-05
239 65 1.237346292533315e-05
3 66 -9.199956458822662e-06
36 66 -3.208536466421678e-05
39 66 1.884686466944407e-05
66 66 0.0001317268057498992
69 66 -3.227169628171813e-05
72 66 1.879394190356242e-05
234 66 -7.232009312521168e-06
237 66 1.242102603135398e-05
240 66 1.237346292533315e-05
1 67 8.496153500154675e-06
28 67 -1.192046970137889e-05
31 67 8.788920888314786e-06
34 67 1.335614158511845e-05
37 67 -1.004539037900975e-05
64 67 -3.227169628171813e-05
67 67 9.535061325410844e-05
70 67 -2.227805821520441e-05
73 67 -2.68533291490438e-05
232 67 9.517644771146238e-06
235 67 -6.809281652914007e-06
238 67 -2.096446604988697e-05
2 68 8.496153500154675e-06
29 68 -1.192046970137889e-05
32 68 8.788920888314786e-06
35 68 1.335614158511845e-05
38 68 -1.004539037900975e-05
65 68 -3.227169628171813e-05
68 68 9.535061325410844e-05
71 68 -2.227805821520441e-05
74 68 -2.68533291490438e-05
233 68 9.517644771146238e-06
236 68 -6.809281652914007e-06
239 68 -2.096446604988697e-05
3 69 8.496153500154675e-06
30 69 -1.192046970137889e-05
33 69 8.788920888314786e-06
36 69 1.335614158511845e-05
39 69 -1.004539037900975e-05
66 69 -3.227169628171813e-05
69 69 9.535061325410844e-05
72 69 -2.227805821520441e-05
75 69 -2.68533291490438e-05
234 69 9.517644771146238e-06
237 69 -6.809281652914007e-06
240 69 -2.096446604988697e-05
1 70 -1.845540362887527e-05
28 70 2.431710507000524e-05
31 70 -1.088669223590358e-05
34 70 -1.00189289960689e-05
37 70 2.048480974393646e-05
64 70 1.879394190356242e-05
67 70 -2.227805821520441e-05
70 70 8.538149784390937e-05
73 70 2.223980686033615e-05
2 71 -1.845540362887527e-05
29 71 2.431710507000524e-05
32 71 -1.088669223590358e-05
35 71 -1.00189289960689e-05
38 71 2.048480974393646e-05
65 71 1.879394190356242e-05
68 71 -2.227805821520441e-05
71 71 8.538149784390937e-05
74 71 2.223980686033615e-05
3 72 -1.845540362887527e-05
30 72 2.431710507000524e-05
33 72 -1.088669223590358e-05
36 72 -1.00189289960689e-05
39 72 2.048480974393646e-05
66 72 1.879394190356242e-05
69 72 -2.227805821520441e-05
72 72 8.538149784390937e-05
75 72 2.223980686033615e-05
1 73 -1.088182059654444e-05
28 73 2.430736179128691e-05
31 73 -2.263693054398467e-05
67 73 -2.68533291490438e-05
70 73 2.223980686033615e-05
73 73 0.0001261576952168739
2 74 -1.088182059654444e-05
29 74 2.430736179128691e-05
32 74 -2.263693054398467e-05
68 74 -2.68533291490438e-05
71 74 2.223980686033615e-05
74 74 0.0001261576952168739
3 75 -1.088182059654444e-05
30 75 2.430736179128691e-05
33 75 -2.263693054398467e-05
69 75 -2.68533291490438e-05
72 75 2.223980686033615e-05
75 75 0.0001261576952168739
16 76 1.238868975133675e-05
22 76 8.55913540900378e-06
25 76 -1.281617771052198e-05
52 76 1.290544785381754e-05
76 76 0.0001560144861248395
79 76 -3.376979795225951e-05
82 76 -1.146352289975509e-05
85 76 -3.705760825844839e-05
154 76 -2.359682237651895e-05
175 76 1.238868952939761e-05
178 76 -3.705760792446519e-05
181 76 -1.281617771052198e-05
217 76 8.498452653435104e-06
226 76 -9.102030819147078e-06
304 76 -1.798512953838265e-05
349 76 1.290544744487841e-05
352 76 -9.102030819147078e-06
355 76 -3.376979641174025e-05
358 76 -1.146352289975509e-05
17 77 1.238868975133675e-05
23 77 8.55913540900378e-06
26 77 -1.281617771052198e-05
53 77 1.290544785381754e-05
77 77 0.0001560144861248395
80 77 -3.376979795225951e-05
83 77 -1.146352289975509e-05
86 77 -3.705760825844839e-05
155 77 -2.359682237651895e-05
176 77 1.238868952939761e-05
179 77 -3.705760792446519e-05
182 77 -1.281617771052198e-05
218 77 8.498452653435104e-06
227 77 -9.102030819147078e-06
305 77 -1.798512953838265e-05
350 77 1.290544744487841e-05
353 77 -9.102030819147078e-06
356 77 -3.376979641174025e-05
359 77 -1.146352289975509e-05
18 78 1.238868975133675e-05
24 78 8.55913540900378e-06
27 78 -1.281617771052198e-05
54 78 1.290544785381754e-05
78 78 0.0001560144861248395
81 78 -3.376979795225952e-05
84 78 -1.146352289975509e-05
87 78 -3.705760825844839e-05
156 78 -2.359682237651895e-05
177 78 1.238868952939761e-05
180 78 -3.705760792446519e-05
183 78 -1.281617771052198e-05
219 78 8.498452653435104e-06
228 78 -9.102030819147078e-06
306 78 -1.798512953838265e-05
351 78 1.290544744487841e-05
354 78 -9.102030819147078e-06
357 78 -3.376979641174026e-05
360 78 -1.146352289975509e-05
16 79 -1.101471796717675e-05
52 79 -3.535859845286443e-05
76 79 -3.376979795225951e-05
79 79 0.0001662103695407059
82 79 2.346854635835672e-05
85 79 2.387154849644799e-05
217 79 -9.714673448675405e-06
226 79 1.841922622570886e-05
304 79 1.895380225806438e-05
17 80 -1.101471796717675e-05
53 80 -3.535859845286443e-05
77 80 -3.376979795225951e-05
80 80 0.0001662103695407059
83 80 2.346854635835672e-05
86 80 2.387154849644799e-05
218 80 -9.714673448675405e-06
227 80 1.841922622570886e-05
305 80 1.895380225806438e-05
18 81 -1.101471796717675e-05
54 81 -3.535859845286443e-05
78 81 -3.376979795225951e-05
81 81 0.0001662103695407059
84 81 2.346854635835672e-05
87 81 2.387154849644799e-05
219 81 -9.714673448675405e-06
228 81 1.841922622570886e-05
306 81 1.895380225806438e-05
10 82 -1.181061319069154e-05
16 82 -2.038317366210124e-05
19 82 2.644178478677519e-05
52 82 -2.322737413322333e-05
61 82 2.501543771007764e-05
76 82 -1.146352289975509e-05
79 82 2.346854635835672e-05
82 82 9.927095343086947e-05
85 82 2.476915836160468e-05
11 83 -1.181061319069154e-05
17 83 -2.038317366210124e-05
20 83 2.644178478677519e-05
53 83 -2.322737413322333e-05
62 83 2.501543771007764e-05
77 83 -1.146352289975509e-05
80 83 2.346854635835672e-05
83 83 9.927095343086947e-05
86 83 2.476915836160468e-05
12 84 -1.181061319069154e-05
18 84 -2.038317366210124e-05
21 84 2.644178478677519e-05
54 84 -2.322737413322333e-05
63 84 2.501543771007764e-05
78 84 -1.146352289975509e-05
81 84 2.346854635835672e-05
84 84 9.927095343086947e-05
87 84 2.476915836160468e-05
16 85 -3.461113933308049e-05
22 85 -1.240126053482196e-05
25 85 2.782483086326944e-05
52 85 -1.166502396880072e-05
76 85 -3.705760825844839e-05
79 85 2.387154849644799e-05
82 85 2.476915836160468e-05
85 85 0.000192731592775088
154 85 2.719726849650697e-05
17 86 -3.461113933308049e-05
23 86 -1.240126053482196e-05
26 86 2.782483086326944e-05
53 86 -1.166502396880072e-05
77 86 -3.705760825844839e-05
80 86 2.387154849644799e-05
83 86 2.476915836160468e-05
86 86 0.000192731592775088
155 86 2.719726849650697e-05
18 87 -3.461113933308049e-05
24 87 -1.240126053482196e-05
27 87 2.782483086326944e-05
54 87 -1.166502396880072e-05
78 87 -3.705760825844839e-05
81 87 2.387154849644799e-05
84 87 2.476915836160468e-05
87 87 0.000192731592775088
156 87 2.719726849650697e-05
88 88  0.04733755252068976
89 88 -0.0006683698493616315
90 88 0.005322260848003416
91 88  -0.0190269328081176
92 88 0.0002294244409429242
93 88 -0.002989935834260935
94 88  0.01797002272811123
95 88 -0.002010355048905225
96 88 0.004019641237342051
97 88 0.007630686661309254
98 88 0.0005518247757532144
99 88 0.001547782559287228
100 88  0.01081736536676916
101 88 0.001017611724015722
102 88 0.004102151383149285
106 88 0.001611921189824995
107 88 -0.0002678980950848308
109 88 -0.00293061533146119
110 88 0.0009747222201653357
111 88 -0.0002410658405175612
112 88 -0.004290154522464886
113 88 0.0001345661783325839
114 88 0.0002029810043673116
115 88 0.0002401736320573045
116 88 3.847365414190736e-05
117 88 3.808483615025006e-05
88 89 -0.0006683698493616314
89 89  0.05650351643674407
90 89 -0.00580705700149836
91 89 0.0001529496272952828
92 89 -0.02305450526152943
93 89 0.001827712570764718
94 89 -0.001800090679064509
95 89  0.01797002272811123
96 89 0.002455042712122431
97 89 0.0008277371636298241
98 89  0.00625112472192619
99 89  0.00160602084534183
100 89 0.0009011977657977035
101 89  0.02048022342361935
102 89 -0.004719603732204412
106 89 -0.0001785987300565535
107 89 0.005641724164387493
108 89 -0.001433322459768438
109 89 0.0008718612561805494
110 89 -0.009971517388987283
111 89 0.002369573054523313
112 89 -0.0001323356571819387
113 89 -0.01469851249846005
114 89 0.004270288956813167
115 89 2.564910276127154e-05
116 89 0.0002379431109066599
117 89 -0.0004244404912276061
88 90 0.005322260848003416
89 90 -0.005807057001498358
90 90   0.1424438229081221
91 90 -0.001993290556173964
92 90 0.002433541175567672
93 90 -0.06256669237499973
94 90 0.001389942025488677
95 90 4.286564726089593e-05
96 90  0.06289507954838945
97 90 0.002321673838930849
98 90 -0.000219138235844806
99 90  0.02808696525396528
100 90 0.0009606806394317044
101 90 -0.003527217206085022
102 90  0.04226956772508032
107 90 -0.002149983689652661
108 90 0.001611921189824995
109 90 -0.0003615987607763417
110 90  0.00355435958178498
111 90 -0.002867140604544105
112 90 0.0003362088700095088
113 90 0.006072363771114265
114 90 -0.004956293850675877
115 90 2.538989076683342e-05
116 90 -0.0003035910727359147
117 90 0.0008428382333512082
88 91  -0.0190269328081176
89 91 0.0001529496272952828
90 91 -0.001993290556173964
91 91  0.02143167466069548
92 91 -0.0002240520350794949
94 91 -0.03664706532113873
95 91 0.0006299794725984502
96 91 0.001389044610783305
97 91 -0.01070737189093634
98 91 -0.0001592491060257459
99 91 -0.001364606836901252
100 91 -0.02838648319425193
101 91 0.0002934655726193405
102 91 0.002484932698455668
106 91 -0.0009664658353080024
107 91 0.000131297464565525
109 91 0.002651489854851319
110 91 -0.0007279118291787755
111 91 0.0002016700214775519
112 91 0.001788653470651118
113 91 0.0001776244892863792
114 91 -0.0001776244892863792
115 91 -0.0002604947640449937
116 91 1.916411127628719e-05
187 91 -2.980266690774788e-05
188 91 -1.506738173183429e-05
190 91 0.002743127830080978
191 91 -0.0002029594552597486
193 91 0.001644731264275791
194 91 -0.0001865770387127687
196 91 -0.0009921986170646081
197 91 9.273846949668336e-05
241 91  0.01251303638841211
242 91 -0.0009833280880434132
243 91 -0.004720132680065355
244 91 -0.005485444673529967
245 91 0.0002342161972387743
246 91 0.002202832434527148
250 91  0.01281008022014233
251 91 -1.286073367673445e-05
252 91 -0.004829956037900688
256 91 -0.0003843699664488497
257 91 5.166607702314059e-06
258 91 -0.0004916421422817049
274 91 7.352446793554965e-05
275 91 -4.215769402833546e-05
276 91 -2.404553219117259e-05
331 91 7.178400676168572e-05
332 91 -1.682729136527742e-08
333 91 -3.074774703507144e-05
338 91 0.001018867089097734
339 91 -0.0005985660207987797
341 91 -0.0002393598335749424
342 91 0.0001480555982657578
343 91 -9.076035690174261e-05
344 91 3.950515561388729e-05
345 91 -2.443777388205301e-05
346 91 1.897635014005688e-05
347 91 -1.434234187498669e-06
88 92 0.0002294244409429241
89 92 -0.02305450526152943
90 92 0.002433541175567672
91 92 -0.0002240520350794949
92 92  0.02228946938861393
93 92 -0.002259022635638534
94 92 0.0005526939034204202
95 92  -0.0343548275962395
96 92 0.001862942001476432
97 92 -0.0002388736590386174
98 92 -0.01481920005162581
99 92 0.001603480495939869
100 92 0.0003739008811626006
101 92 -0.02607732469680017
102 92 0.003850326366053319
106 92 8.753164304368331e-05
107 92 -0.003382630423578027
108 92 0.0008789341922643192
109 92 -0.000633294960524501
110 92  0.00928021449197965
111 92 -0.002308677160447561
112 92 0.0002664367339295696
113 92 0.005816225924062953
114 92 -0.001877465715294308
115 92 2.613470317928736e-05
116 92 -0.0002873289595077332
117 92 0.0002911115959206656
187 92 -2.260107259775146e-05
188 92 -0.0001043093341771178
189 92 -0.0002388736590386174
190 92 -0.0003044391828896212
191 92 0.009600947405283422
192 92 -0.003504073830233851
193 92 -0.0002798655580691539
194 92 0.005756559424965256
195 92 -0.002187231338344532
196 92 0.000139107704245025
197 92 -0.003472695159726122
198 92 0.001349190221351884
241 92 -0.0009612672475247186
242 92 0.003575153253832033
243 92 0.0005241600006581761
244 92 0.0002279306078938924
245 92 -0.001567269906722846
246 92 -0.0001292156575224771
250 92 -8.573822451155304e-06
251 92 0.003660022920040664
256 92 6.341940426664889e-06
257 92 -0.000165807145915858
258 92 2.091177570900047e-05
274 92 -4.146375834731956e-05
275 92 7.699414634062941e-05
276 92 2.404553219117258e-05
331 92 -1.121819424353029e-08
332 92 2.05097162176245e-05
337 92 0.001003858471042253
339 92 -0.0005558402157486902
340 92 -0.0002356600851409489
342 92 0.000136956352963777
343 92 3.889292185245347e-05
344 92 -8.692694170782361e-05
345 92 -2.260107259775146e-05
346 92 -2.151351281247998e-06
347 92 6.64172254901991e-05
348 92 -2.631317392883736e-05
88 93 -0.002989935834260935
89 93 0.001827712570764718
90 93 -0.06256669237499973
92 93 -0.002259022635638534
93 93  0.05116150924449841
94 93 0.002063202104606548
95 93 0.002775578775049845
96 93 -0.08023165119832538
97 93 -0.002046910255351846
98 93 0.002206159361377591
99 93 -0.03336397345758771
100 93 0.003317697262448739
101 93 0.002937126493516989
102 93 -0.05250349243714339
107 93 0.001318401288396476
108 93 -0.0009664658353080024
109 93 0.0002824670887236847
110 93 -0.003442977797178702
111 93 0.002651489854851319
112 93 -0.0002664367339295696
113 93 -0.002594167961333491
114 93 0.002232714693867067
116 93 0.0002146367822730244
117 93 -0.0006644801002756549
188 93 -0.0001592491060257459
189 93 -2.980266690774788e-05
191 93 -0.002336049220155904
192 93 0.002743127830080978
194 93 -0.001458154225563029
195 93 0.001644731264275791
197 93 0.0008994601475679249
198 93 -0.0009921986170646081
241 93 -0.003146755120043564
242 93 0.0003494400004387838
243 93 0.003575153253832033
244 93 0.001468554956351431
245 93 -8.614377168165147e-05
246 93 -0.001567269906722846
250 93 -0.003219970691933805
252 93 0.003660022920040664
256 93 -0.0003277614281878034
257 93 1.394118380600029e-05
258 93 -0.0001222615805254906
274 93 -1.603035479411508e-05
275 93 1.603035479411508e-05
276 93 3.344858095026203e-05
331 93 -2.0498498023381e-05
333 93 2.05097162176245e-05
337 93 -0.0003990440138658531
338 93 -0.0003705601438324599
340 93 9.870373217717189e-05
341 93 9.130423530918469e-05
343 93 -1.629184925470201e-05
344 93 -1.506738173183429e-05
345 93 -3.948606635768139e-05
347 93 -1.754211595255819e-05
348 93 1.897635014005688e-05
88 94  0.01797002272811123
89 94 -0.001800090679064509
90 94 0.001389942025488677
91 94 -0.03664706532113873
92 94 0.0005526939034204202
93 94 0.002063202104606548
94 94    0.106320780841137
95 94 -0.003243600128871673
96 94 -0.007467690204658612
97 94  0.01249283467969796
98 94 0.0009079128081506427
99 94 -0.0001605920569542807
100 94  0.02974411647921463
101 94 0.001386722217887489
102 94 -0.004914219787029431
187 94 6.260070151984436e-07
188 94 0.0001105368447914391
189 94 -8.634808667158304e-05
190 94 -0.009009957222305916
191 94  0.00186961628551783
192 94 -0.0008134082441979461
193 94 -0.003015129076978786
194 94 0.0009117547756563632
195 94 -0.0003747606029912066
196 94 0.002742501823065777
197 94 -0.0006689911151955743
198 94 0.0002970697864319028
241 94 -0.01692208005429605
242 94  0.00207925667345768
243 94 0.005929897744162835
244 94  0.01258288332288621
245 94 -0.0009969159393537438
246 94 -0.004791006552110058
250 94 -0.03994290257676058
251 94  0.00212304419031178
252 94  0.01449207501611277
256 94 0.0002271968972561141
257 94 0.0001756936856680582
258 94 0.001205032371220164
331 94 -0.0002875144069799751
332 94 6.356671633929078e-08
333 94 0.0001247960856630824
337 94 -0.0001396495555011748
338 94 -0.004234616143045595
339 94 0.002560189632152927
340 94 3.602932728149524e-05
341 94 0.001004243129835111
342 94 -0.0006376249384750544
343 94 0.0003499182944150577
344 94 -0.0001828281071728066
345 94 0.000115003993581157
346 94 -7.791139927784208e-05
347 94 5.50403129075734e-06
348 94 -2.008938871415018e-07
88 95 -0.002010355048905225
89 95  0.01797002272811123
90 95 4.286564726089593e-05
91 95 0.0006299794725984503
92 95  -0.0343548275962395
93 95 0.002775578775049845
94 95 -0.003243600128871673
95 95   0.1017601216662993
96 95 -0.00945366988476087
97 95 0.001018361958052153
98 95  0.02130816117191373
99 95 -0.003655314891451234
100 95 0.001077913391322966
101 95  0.01493840170770174
102 95 -0.001607193976757876
187 95 0.0001319013044316596
188 95 2.191024553194222e-06
189 95 0.0007460001450679583
190 95 0.002184794299349155
191 95 -0.03184673790874631
192 95  0.01119278915004873
193 95 0.001021358447966835
194 95 -0.01024719285220041
195 95 0.003635666645210351
196 95 -0.0007705213275056833
197 95 0.009598756380730241
198 95 -0.003547115055409823
241 95 0.002043033799102699
242 95 -0.005070386209060644
243 95 -0.001072449939913485
244 95 -0.0009783922198707406
245 95 0.003595109520824627
246 95 0.0005835271664078023
250 95 0.002083476083880019
251 95 -0.01117470450619926
252 95 -0.001277921267735216
256 95 0.0001693938470954485
257 95 6.491339921603246e-05
258 95 -0.0002092738919612921
331 95 4.237781089287698e-08
332 95 -8.419415275051941e-05
333 95 -1.448783011175834e-09
337 95 -0.004174982801896923
338 95 -0.0001396495555011748
339 95 0.002395557146038429
340 95 0.000989435977856409
341 95 3.602932728149524e-05
342 95 -0.0005946118534213525
343 95 -0.0001800954793525713
344 95 0.0003352478249299913
345 95 0.0001074202546290287
346 95 8.25604693613601e-06
347 95 -0.0002665611840222309
348 95 0.0001075862031777253
88 96 0.004019641237342051
89 96  0.00245504271212243
90 96  0.06289507954838945
91 96 0.001389044610783305
92 96 0.001862942001476432
93 96 -0.08023165119832538
94 96 -0.007467690204658612
95 96 -0.00945366988476087
96 96   0.2111315062918249
97 96 0.002319404242645588
98 96 -0.004863342208249312
99 96  0.04324383448691971
100 96 -0.006369159745035881
101 96 0.002021550569177675
102 96  0.05271836313868279
187 96 -6.164495422683818e-05
188 96 0.0004993700886743495
189 96 6.260070151984436e-07
190 96 -0.0006004822373693305
191 96 0.007520069507936549
192 96 -0.009071774934905765
193 96 -0.0002498404019941371
194 96 0.002423777763473565
195 96 -0.002947182650928705
196 96 0.0002126393343601745
197 96 -0.002379336180345449
198 96 0.002742501823065777
241 96  0.00395326516277523
242 96 -0.0007149666266089928
243 96 -0.004887214725190395
244 96 -0.003209604616294169
245 96 0.0004046183591593371
246 96 0.003595109520824627
250 96 0.009724147798346308
251 96 -0.000914711966094568
252 96 -0.01135071086242271
256 96 0.0008053786213219902
257 96 -0.0001439280110316924
258 96 6.491339921603246e-05
331 96 8.558697364351187e-05
332 96 -2.173174516764459e-09
333 96 -9.135928039736248e-05
337 96 0.001765003162672651
338 96 0.001659802551630047
339 96 -0.0004887734442541119
340 96 -0.0004395086908163246
341 96 -0.0004120069431825264
342 96 0.0001261026454852334
343 96 7.835930896509702e-05
344 96 7.381527008749252e-05
345 96 0.0001211231016757639
346 96 -3.013408307122524e-07
347 96 7.393445150784034e-05
348 96 -8.404011272805843e-05
88 97 0.007630686661309254
89 97 0.0008277371636298241
90 97 0.002321673838930849
91 97 -0.01070737189093634
92 97 -0.0002388736590386174
93 97 -0.002046910255351846
94 97  0.01249283467969796
95 97 0.001018361958052153
96 97 0.002319404242645587
97 97  0.02751919111887619
98 97 -0.0006870145083476457
99 97 0.005120584656154021
187 97 -5.411574513767696e-05
188 97 -4.068475530659862e-05
189 97 8.14526109366438e-05
190 97 -0.003510833180120854
191 97 -0.001020761122614027
192 97 0.0007707347251331364
193 97 -0.00436748833146009
194 97 -0.0001383234907203316
195 97 0.0003475820325711764
196 97 0.001830917545019184
197 97 0.0002795584143452157
198 97 -0.0002795584143452158
88 98 0.0005518247757532144
89 98  0.00625112472192619
90 98 -0.000219138235844806
91 98 -0.0001592491060257459
92 98 -0.01481920005162581
93 98 0.002206159361377591
94 98 0.0009079128081506427
95 98  0.02130816117191373
96 98 -0.004863342208249313
97 98 -0.0006870145083476459
98 98  0.03791536908215533
99 98 -0.005948886438750514
187 98 -2.712317020439912e-05
188 98 -5.365075642079564e-05
189 98  0.00044265162882565
190 98 -0.0009115115549934521
191 98 -0.01074289695534248
192 98 0.004875710223905079
193 98 0.0001387884794372125
194 98 -0.01496736707235039
195 98 0.006180370909466886
196 98 0.000186372276230144
197 98 0.005942280716991779
198 98 -0.002653190179413702
88 99 0.001547782559287228
89 99  0.00160602084534183
90 99  0.02808696525396528
91 99 -0.001364606836901252
92 99 0.001603480495939869
93 99  -0.0333639734575877
94 99 -0.0001605920569542809
95 99 -0.003655314891451234
96 99  0.04324383448691971
97 99  0.00512058465615402
98 99 -0.005948886438750514
99 99  0.07758675135259434
187 99 5.430174062442928e-05
188 99 0.0003177037277207665
189 99 -0.0001898700966987507
190 99 0.0005364719587721168
191 99 0.003663560235221787
192 99 -0.004682147011925952
193 99 0.0002090725463640928
194 99  0.00435109641665642
195 99 -0.005060035762495521
196 99 -0.000186372276230144
197 99 -0.001924103683134257
198 99 0.002296848235594533
88 100  0.01081736536676916
89 100 0.0009011977657977035
90 100 0.0009606806394317043
91 100 -0.02838648319425193
92 100 0.0003739008811626005
93 100 0.003317697262448739
94 100  0.02974411647921463
95 100 0.001077913391322966
96 100 -0.00636915974503588
100 100  0.08749865784208206
101 100 -0.003098642994613721
102 100 -0.01251683595946942
106 100 0.002654456417409961
107 100 -0.0002831075503197833
109 100 -0.008680074155728678
110 100 0.002052698320888641
111 100 -0.0005656646846199368
112 100 -0.003400305298497976
113 100 -0.0008707118766537653
114 100 0.0005077748031870357
115 100 0.0006906644121721515
116 100 -0.0001017384936851231
