%%MatrixMarket matrix coordinate real general
1431 1431 44017
1 1  3.1308219411896e-07
4 1 7.059425608497998e-09
7 1 -1.809511954689533e-09
22 1 -1.767640331006761e-09
25 1  6.8945229359812e-09
28 1 1.462526704146404e-07
31 1 -4.36521288319421e-08
40 1 -7.738026558087495e-10
46 1 -4.645227536831375e-10
49 1 1.003230369941448e-08
52 1 -2.499528734813695e-09
55 1 -7.381478564345853e-10
70 1 -6.972956337898392e-07
76 1 -3.85168951995393e-08
79 1 -2.694441775443516e-08
82 1 -2.847945620135998e-07
85 1 -2.757205479867247e-08
91 1 -2.929668574633104e-07
94 1 -6.615540213422905e-07
2 2  3.1308219411896e-07
5 2 7.059425608497998e-09
8 2 -1.809511954689533e-09
23 2 -1.767640331006761e-09
26 2  6.8945229359812e-09
29 2 1.462526704146404e-07
32 2 -4.36521288319421e-08
41 2 -7.738026558087495e-10
47 2 -4.645227536831375e-10
50 2 1.003230369941448e-08
53 2 -2.499528734813695e-09
56 2 -7.381478564345853e-10
71 2 -6.972956337898392e-07
77 2 -3.85168951995393e-08
80 2 -2.694441775443516e-08
83 2 -2.847945620135998e-07
86 2 -2.757205479867247e-08
92 2 -2.929668574633104e-07
95 2 -6.615540213422905e-07
3 3  3.1308219411896e-07
6 3 7.059425608497998e-09
9 3 -1.809511954689533e-09
24 3 -1.767640331006761e-09
27 3  6.8945229359812e-09
30 3 1.462526704146404e-07
33 3 -4.36521288319421e-08
42 3 -7.738026558087495e-10
48 3 -4.645227536831375e-10
51 3 1.003230369941448e-08
54 3 -2.499528734813695e-09
57 3 -7.381478564345853e-10
72 3 -6.972956337898392e-07
78 3 -3.85168951995393e-08
81 3 -2.694441775443516e-08
84 3 -2.847945620135998e-07
87 3 -2.757205479867247e-08
93 3 -2.929668574633104e-07
96 3 -6.615540213422905e-07
1 4 7.059425608497998e-09
4 4 3.236558139589811e-07
7 4 -1.810343531200108e-09
10 4 7.365235378911096e-09
13 4 -1.887662414064981e-09
28 4 1.061804188055904e-08
31 4 -7.737224199246516e-10
34 4 1.55629797909701e-07
37 4 -5.133453652790133e-10
40 4 -2.653299343055241e-09
43 4 -4.666277639232974e-08
64 4 -8.421274504265744e-10
85 4 -7.184724729857513e-07
91 4 -4.080178459824358e-08
94 4 -2.757017362363776e-08
100 4 -3.02236035772849e-07
103 4 -2.87325653382371e-08
109 4 -3.138591593709115e-07
112 4 -6.846820439744665e-07
2 5 7.059425608497998e-09
5 5 3.236558139589811e-07
8 5 -1.810343531200108e-09
11 5 7.365235378911096e-09
14 5 -1.887662414064981e-09
29 5 1.061804188055904e-08
32 5 -7.737224199246516e-10
35 5 1.55629797909701e-07
38 5 -5.133453652790133e-10
41 5 -2.653299343055241e-09
44 5 -4.666277639232974e-08
65 5 -8.421274504265744e-10
86 5 -7.184724729857513e-07
92 5 -4.080178459824358e-08
95 5 -2.757017362363776e-08
101 5 -3.02236035772849e-07
104 5 -2.87325653382371e-08
110 5 -3.138591593709115e-07
113 5 -6.846820439744665e-07
3 6 7.059425608497998e-09
6 6 3.236558139589811e-07
9 6 -1.810343531200108e-09
12 6 7.365235378911096e-09
15 6 -1.887662414064981e-09
30 6 1.061804188055904e-08
33 6 -7.737224199246516e-10
36 6 1.55629797909701e-07
39 6 -5.133453652790133e-10
42 6 -2.653299343055241e-09
45 6 -4.666277639232974e-08
66 6 -8.421274504265744e-10
87 6 -7.184724729857513e-07
93 6 -4.080178459824358e-08
96 6 -2.757017362363776e-08
102 6 -3.02236035772849e-07
105 6 -2.87325653382371e-08
111 6 -3.138591593709115e-07
114 6 -6.846820439744665e-07
1 7 -1.809511954689533e-09
4 7 -1.810343531200108e-09
7 7 4.286971886695288e-10
28 7 -7.904155195043232e-10
31 7 1.729205524333276e-10
40 7 1.73081024201524e-10
85 7 7.282939988556168e-09
91 7 2.95535532642462e-09
94 7 7.279177638486779e-09
2 8 -1.809511954689533e-09
5 8 -1.810343531200108e-09
8 8 4.286971886695288e-10
29 8 -7.904155195043232e-10
32 8 1.729205524333276e-10
41 8 1.73081024201524e-10
86 8 7.282939988556168e-09
92 8 2.95535532642462e-09
95 8 7.279177638486779e-09
3 9 -1.809511954689533e-09
6 9 -1.810343531200108e-09
9 9 4.286971886695288e-10
30 9 -7.904155195043232e-10
33 9 1.729205524333276e-10
42 9 1.73081024201524e-10
87 9 7.282939988556168e-09
93 9 2.95535532642462e-09
96 9 7.279177638486779e-09
4 10 7.365235378911096e-09
10 10 3.413094283113336e-07
13 10 -1.889289657770558e-09
16 10 7.848730869014267e-09
19 10 -2.011361329526101e-09
34 10 1.174534173032359e-08
43 10 -8.419636717090392e-10
58 10 1.717260278623802e-07
61 10 -6.117319522954545e-10
64 10 -2.950293239816309e-09
67 10 -5.188425272154919e-08
103 10 -7.547912317286593e-07
109 10 -4.520823194210695e-08
112 10 -2.872889093305287e-08
118 10 -9.559893439263539e-10
121 10 -3.330521163399466e-07
124 10 -3.056127841861408e-08
130 10 -3.491426541328412e-07
133 10 -7.220969686096885e-07
5 11 7.365235378911096e-09
11 11 3.413094283113336e-07
14 11 -1.889289657770558e-09
17 11 7.848730869014267e-09
20 11 -2.011361329526101e-09
35 11 1.174534173032359e-08
44 11 -8.419636717090392e-10
59 11 1.717260278623802e-07
62 11 -6.117319522954545e-10
65 11 -2.950293239816309e-09
68 11 -5.188425272154919e-08
104 11 -7.547912317286593e-07
110 11 -4.520823194210695e-08
113 11 -2.872889093305287e-08
119 11 -9.559893439263539e-10
122 11 -3.330521163399466e-07
125 11 -3.056127841861408e-08
131 11 -3.491426541328412e-07
134 11 -7.220969686096885e-07
6 12 7.365235378911096e-09
12 12 3.413094283113336e-07
15 12 -1.889289657770558e-09
18 12 7.848730869014267e-09
21 12 -2.011361329526101e-09
36 12 1.174534173032359e-08
45 12 -8.419636717090392e-10
60 12 1.717260278623802e-07
63 12 -6.117319522954545e-10
66 12 -2.950293239816309e-09
69 12 -5.188425272154919e-08
105 12 -7.547912317286593e-07
111 12 -4.520823194210695e-08
114 12 -2.872889093305287e-08
120 12 -9.559893439263539e-10
123 12 -3.330521163399466e-07
126 12 -3.056127841861408e-08
132 12 -3.491426541328412e-07
135 12 -7.220969686096885e-07
4 13 -1.887662414064981e-09
10 13 -1.889289657770558e-09
13 13 4.473282491241457e-10
34 13 -8.569224615115234e-10
43 13 1.88135317053997e-10
64 13 1.884628744890673e-10
103 13 7.592943815220538e-09
109 13 3.209636949387132e-09
112 13 7.585595004852064e-09
5 14 -1.887662414064981e-09
11 14 -1.889289657770558e-09
14 14 4.473282491241457e-10
35 14 -8.569224615115234e-10
44 14 1.88135317053997e-10
65 14 1.884628744890673e-10
104 14 7.592943815220538e-09
110 14 3.209636949387132e-09
113 14 7.585595004852064e-09
6 15 -1.887662414064981e-09
12 15 -1.889289657770558e-09
15 15 4.473282491241457e-10
36 15 -8.569224615115234e-10
45 15 1.88135317053997e-10
66 15 1.884628744890673e-10
105 15 7.592943815220538e-09
111 15 3.209636949387132e-09
114 15 7.585595004852064e-09
10 16 7.848730869014267e-09
16 16 3.683394688346106e-07
19 16 -2.014027523050719e-09
58 16 1.366065870482237e-08
67 16 -9.5570351560406e-10
118 16 -3.459328521820183e-09
124 16 -8.107735436912066e-07
130 16 -5.271600078955911e-08
133 16 -3.055527524293157e-08
139 16 1.97505522123999e-07
142 16 -7.938640335373553e-10
145 16 -6.038680703780922e-08
148 16 8.577725576549836e-09
151 16 -2.198020446647463e-09
154 16 -1.14111335185098e-09
157 16 -3.83131074735537e-07
160 16 -3.330501817497332e-08
166 16 -4.057035466989458e-07
169 16 -7.784606377079228e-07
11 17 7.848730869014267e-09
17 17 3.683394688346106e-07
20 17 -2.014027523050719e-09
59 17 1.366065870482237e-08
68 17 -9.5570351560406e-10
119 17 -3.459328521820183e-09
125 17 -8.107735436912066e-07
131 17 -5.271600078955911e-08
134 17 -3.055527524293157e-08
140 17 1.97505522123999e-07
143 17 -7.938640335373553e-10
146 17 -6.038680703780922e-08
149 17 8.577725576549836e-09
152 17 -2.198020446647463e-09
155 17 -1.14111335185098e-09
158 17 -3.83131074735537e-07
161 17 -3.330501817497332e-08
167 17 -4.057035466989458e-07
170 17 -7.784606377079228e-07
12 18 7.848730869014267e-09
18 18 3.683394688346106e-07
21 18 -2.014027523050719e-09
60 18 1.366065870482237e-08
69 18 -9.5570351560406e-10
120 18 -3.459328521820183e-09
126 18 -8.107735436912066e-07
132 18 -5.271600078955911e-08
135 18 -3.055527524293157e-08
141 18 1.97505522123999e-07
144 18 -7.938640335373553e-10
147 18 -6.038680703780923e-08
150 18 8.577725576549836e-09
153 18 -2.198020446647463e-09
156 18 -1.14111335185098e-09
159 18 -3.83131074735537e-07
162 18 -3.330501817497332e-08
168 18 -4.057035466989458e-07
171 18 -7.784606377079228e-07
10 19 -2.011361329526101e-09
16 19 -2.014027523050719e-09
19 19 4.76797520718978e-10
58 19 -9.669172103886973e-10
67 19 2.135192662937075e-10
118 19 2.140909229382958e-10
124 19 8.081375355181998e-09
130 19 3.631722185691809e-09
133 19 8.069369003817062e-09
11 20 -2.011361329526101e-09
17 20 -2.014027523050719e-09
20 20 4.76797520718978e-10
59 20 -9.669172103886973e-10
68 20 2.135192662937075e-10
119 20 2.140909229382958e-10
125 20 8.081375355181998e-09
131 20 3.631722185691809e-09
134 20 8.069369003817062e-09
12 21 -2.011361329526101e-09
18 21 -2.014027523050719e-09
21 21 4.76797520718978e-10
60 21 -9.669172103886973e-10
69 21 2.135192662937075e-10
120 21 2.140909229382958e-10
126 21 8.081375355181998e-09
132 21 3.631722185691809e-09
135 21 8.069369003817062e-09
1 22 -1.767640331006761e-09
22 22 4.186460169040737e-10
25 22 -1.767481233941242e-09
49 22 -7.555724113955398e-10
52 22 1.650364789725037e-10
55 22 1.650065080373007e-10
70 22 7.114904923742136e-09
76 22 2.822434027622948e-09
79 22 7.114184355748579e-09
2 23 -1.767640331006761e-09
23 23 4.186460169040737e-10
26 23 -1.767481233941242e-09
50 23 -7.555724113955398e-10
53 23 1.650364789725037e-10
56 23 1.650065080373007e-10
71 23 7.114904923742136e-09
77 23 2.822434027622948e-09
80 23 7.114184355748579e-09
3 24 -1.767640331006761e-09
24 24 4.186460169040737e-10
27 24 -1.767481233941242e-09
51 24 -7.555724113955398e-10
54 24 1.650364789725037e-10
57 24 1.650065080373007e-10
72 24 7.114904923742136e-09
78 24 2.822434027622948e-09
81 24 7.114184355748579e-09
1 25  6.8945229359812e-09
22 25 -1.767481233941242e-09
25 25 2.868728136336953e-07
49 25 1.377364383297787e-07
52 25 -7.381628419021873e-10
55 25 -4.124026818289938e-08
70 25 -2.694477803843194e-08
76 25 -2.829865259255052e-07
79 25 -6.502502391650716e-07
178 25 -2.610111418218965e-07
181 25 -5.992783544547916e-07
2 26  6.8945229359812e-09
23 26 -1.767481233941242e-09
26 26 2.868728136336953e-07
50 26 1.377364383297787e-07
53 26 -7.381628419021873e-10
56 26 -4.124026818289938e-08
71 26 -2.694477803843194e-08
77 26 -2.829865259255052e-07
80 26 -6.502502391650716e-07
179 26 -2.610111418218965e-07
182 26 -5.992783544547916e-07
3 27  6.8945229359812e-09
24 27 -1.767481233941242e-09
27 27 2.868728136336953e-07
51 27 1.377364383297787e-07
54 27 -7.381628419021873e-10
57 27 -4.124026818289938e-08
72 27 -2.694477803843194e-08
78 27 -2.829865259255052e-07
81 27 -6.502502391650716e-07
180 27 -2.610111418218965e-07
183 27 -5.992783544547916e-07
1 28 1.462526704146404e-07
4 28 1.061804188055904e-08
7 28 -7.904155195043232e-10
28 28 1.158769142363283e-06
31 28 -3.661824176304287e-08
34 28 2.191315894983984e-08
37 28 -4.444616598572838e-09
40 28 -2.216276778113377e-09
43 28 -5.24351595983714e-10
46 28 -3.564471190617611e-09
49 28 1.79052577901114e-08
52 28 -4.752267372839003e-10
70 28 -2.934301499562797e-07
76 28 -6.382412488528227e-08
82 28 -1.861308619169469e-06
85 28 -4.181197491991943e-08
91 28 -2.479568837389021e-06
94 28 -3.01591470094698e-07
100 28 -7.659490552867849e-08
193 28 -5.673289848034798e-07
196 28 1.232237563886845e-06
199 28 -7.461244400543582e-09
205 28 -1.078665568531698e-08
208 28 3.117760579830352e-07
211 28 -1.260045912697151e-07
214 28 -2.906696535717513e-07
2 29 1.462526704146404e-07
5 29 1.061804188055904e-08
8 29 -7.904155195043232e-10
29 29 1.158769142363283e-06
32 29 -3.661824176304287e-08
35 29 2.191315894983984e-08
38 29 -4.444616598572838e-09
41 29 -2.216276778113377e-09
44 29 -5.24351595983714e-10
47 29 -3.564471190617611e-09
50 29 1.79052577901114e-08
53 29 -4.752267372839003e-10
71 29 -2.934301499562797e-07
77 29 -6.382412488528227e-08
83 29 -1.861308619169469e-06
86 29 -4.181197491991943e-08
92 29 -2.479568837389021e-06
95 29 -3.01591470094698e-07
101 29 -7.659490552867849e-08
194 29 -5.673289848034798e-07
197 29 1.232237563886845e-06
200 29 -7.461244400543582e-09
206 29 -1.078665568531698e-08
209 29 3.117760579830352e-07
212 29 -1.260045912697151e-07
215 29 -2.906696535717513e-07
3 30 1.462526704146404e-07
6 30 1.061804188055904e-08
9 30 -7.904155195043232e-10
30 30 1.158769142363283e-06
33 30 -3.661824176304287e-08
36 30 2.191315894983984e-08
39 30 -4.444616598572838e-09
42 30 -2.216276778113377e-09
45 30 -5.24351595983714e-10
48 30 -3.564471190617611e-09
51 30 1.79052577901114e-08
54 30 -4.752267372839003e-10
72 30 -2.934301499562797e-07
78 30 -6.382412488528227e-08
84 30 -1.861308619169469e-06
87 30 -4.181197491991943e-08
93 30 -2.479568837389021e-06
96 30 -3.01591470094698e-07
102 30 -7.659490552867849e-08
195 30 -5.673289848034798e-07
198 30 1.232237563886845e-06
201 30 -7.461244400543582e-09
207 30 -1.078665568531698e-08
210 30 3.117760579830352e-07
213 30 -1.260045912697151e-07
216 30 -2.906696535717513e-07
1 31 -4.36521288319421e-08
4 31 -7.737224199246516e-10
7 31 1.729205524333276e-10
28 31 -3.661824176304287e-08
31 31 9.822591268954423e-09
40 31 1.396948250421799e-10
46 31 8.237348731255826e-11
49 31 -4.754288110509817e-10
52 31 1.037814545140839e-10
70 31 9.02411754285226e-08
76 31 1.79752964215568e-09
82 31 7.296999954315945e-08
85 31 2.955355326424619e-09
91 31 7.532679979013452e-08
94 31 9.257602505291311e-08
2 32 -4.36521288319421e-08
5 32 -7.737224199246516e-10
8 32 1.729205524333276e-10
29 32 -3.661824176304287e-08
32 32 9.822591268954423e-09
41 32 1.396948250421799e-10
47 32 8.237348731255826e-11
50 32 -4.754288110509817e-10
53 32 1.037814545140839e-10
71 32 9.02411754285226e-08
77 32 1.79752964215568e-09
83 32 7.296999954315945e-08
86 32 2.955355326424619e-09
92 32 7.532679979013452e-08
95 32 9.257602505291311e-08
3 33 -4.36521288319421e-08
6 33 -7.737224199246516e-10
9 33 1.729205524333276e-10
30 33 -3.661824176304287e-08
33 33 9.822591268954423e-09
42 33 1.396948250421799e-10
48 33 8.237348731255826e-11
51 33 -4.754288110509817e-10
54 33 1.037814545140839e-10
72 33 9.02411754285226e-08
78 33 1.79752964215568e-09
84 33 7.296999954315945e-08
87 33 2.955355326424619e-09
93 33 7.532679979013452e-08
96 33 9.257602505291311e-08
4 34 1.55629797909701e-07
10 34 1.174534173032359e-08
13 34 -8.569224615115234e-10
28 34 2.191315894983984e-08
34 34 1.497595028599502e-06
37 34 -4.484559282328426e-09
40 34 -5.239995020892758e-10
43 34 -4.024111596948146e-08
58 34 3.253165510439436e-08
61 34 -6.881881861028259e-09
64 34 -2.553590999316834e-09
67 34 -6.225225149411926e-10
85 34 -3.102472159985253e-07
91 34 -7.651516271587143e-08
100 34 -2.182977127369606e-06
103 34 -4.612859235755208e-08
109 34 -3.190128773283335e-06
112 34 -3.216710929920039e-07
121 34 -1.076167168625424e-07
187 34 1.222487490661375e-12
190 34 -2.721360773307099e-14
205 34 -8.74399307993385e-07
208 34 1.544511421619443e-06
211 34 -1.077440473732368e-08
223 34 -8.000963721863597e-16
226 34 -2.371919676794416e-13
229 34 -2.234197627171756e-08
235 34 -4.648707146807819e-12
238 34 -2.86626363805063e-07
241 34 -7.573747175796293e-07
5 35 1.55629797909701e-07
11 35 1.174534173032359e-08
14 35 -8.569224615115234e-10
29 35 2.191315894983984e-08
35 35 1.497595028599502e-06
38 35 -4.484559282328426e-09
41 35 -5.239995020892758e-10
44 35 -4.024111596948146e-08
59 35 3.253165510439436e-08
62 35 -6.881881861028259e-09
65 35 -2.553590999316834e-09
68 35 -6.225225149411926e-10
86 35 -3.102472159985253e-07
92 35 -7.651516271587143e-08
101 35 -2.182977127369606e-06
104 35 -4.612859235755208e-08
110 35 -3.190128773283335e-06
113 35 -3.216710929920039e-07
122 35 -1.076167168625424e-07
188 35 1.222487490661375e-12
191 35 -2.721360773307099e-14
206 35 -8.74399307993385e-07
209 35 1.544511421619443e-06
212 35 -1.077440473732368e-08
224 35 -8.000963721863597e-16
227 35 -2.371919676794416e-13
230 35 -2.234197627171756e-08
236 35 -4.648707146807819e-12
239 35 -2.86626363805063e-07
242 35 -7.573747175796293e-07
6 36 1.55629797909701e-07
12 36 1.174534173032359e-08
15 36 -8.569224615115234e-10
30 36 2.191315894983984e-08
36 36 1.497595028599502e-06
39 36 -4.484559282328425e-09
42 36 -5.239995020892758e-10
45 36 -4.024111596948146e-08
60 36 3.253165510439436e-08
63 36 -6.881881861028259e-09
66 36 -2.553590999316834e-09
69 36 -6.225225149411926e-10
87 36 -3.102472159985253e-07
93 36 -7.651516271587143e-08
102 36 -2.182977127369606e-06
105 36 -4.612859235755208e-08
111 36 -3.190128773283335e-06
114 36 -3.216710929920039e-07
123 36 -1.076167168625424e-07
189 36 1.222487490661375e-12
192 36 -2.721360773307099e-14
207 36 -8.74399307993385e-07
210 36 1.544511421619443e-06
213 36 -1.077440473732368e-08
225 36 -8.000963721863597e-16
228 36 -2.371919676794416e-13
231 36 -2.234197627171756e-08
237 36 -4.648707146807819e-12
240 36 -2.86626363805063e-07
243 36 -7.573747175796293e-07
4 37 -5.133453652790133e-10
28 37 -4.444616598572838e-09
34 37 -4.484559282328426e-09
37 37 8.27916237561446e-10
40 37 9.273752259153737e-11
43 37 9.344171038041501e-11
85 37 1.98195221214504e-09
91 37 1.620007354390321e-08
100 37 1.635955916951726e-08
205 37 1.911904903144426e-09
208 37 -6.306248088729908e-09
211 37 1.887403007157825e-09
5 38 -5.133453652790133e-10
29 38 -4.444616598572838e-09
35 38 -4.484559282328426e-09
38 38 8.27916237561446e-10
41 38 9.273752259153737e-11
44 38 9.344171038041501e-11
86 38 1.98195221214504e-09
92 38 1.620007354390321e-08
101 38 1.635955916951726e-08
206 38 1.911904903144426e-09
209 38 -6.306248088729908e-09
212 38 1.887403007157825e-09
6 39 -5.133453652790133e-10
30 39 -4.444616598572838e-09
36 39 -4.484559282328426e-09
39 39 8.27916237561446e-10
42 39 9.273752259153737e-11
45 39 9.344171038041501e-11
87 39 1.98195221214504e-09
93 39 1.620007354390321e-08
102 39 1.635955916951726e-08
207 39 1.911904903144426e-09
210 39 -6.306248088729908e-09
213 39 1.887403007157825e-09
1 40 -7.738026558087495e-10
4 40 -2.653299343055241e-09
7 40 1.73081024201524e-10
28 40 -2.216276778113377e-09
31 40 1.396948250421799e-10
34 40 -5.239995020892758e-10
37 40 9.273752259153737e-11
40 40 5.076581811990858e-10
43 40 1.147499840009403e-10
85 40 1.076047026047743e-08
91 40 8.740089617125619e-09
94 40 2.955355326424619e-09
100 40 1.98195221214504e-09
2 41 -7.738026558087495e-10
5 41 -2.653299343055241e-09
8 41 1.73081024201524e-10
29 41 -2.216276778113377e-09
32 41 1.396948250421799e-10
35 41 -5.239995020892758e-10
38 41 9.273752259153737e-11
41 41 5.076581811990858e-10
44 41 1.147499840009403e-10
86 41 1.076047026047743e-08
92 41 8.740089617125619e-09
95 41 2.955355326424619e-09
101 41 1.98195221214504e-09
3 42 -7.738026558087495e-10
6 42 -2.653299343055241e-09
9 42 1.73081024201524e-10
30 42 -2.216276778113377e-09
33 42 1.396948250421799e-10
36 42 -5.239995020892758e-10
39 42 9.273752259153737e-11
42 42 5.076581811990858e-10
45 42 1.147499840009403e-10
87 42 1.076047026047743e-08
93 42 8.740089617125619e-09
96 42 2.955355326424619e-09
102 42 1.98195221214504e-09
4 43 -4.666277639232974e-08
10 43 -8.419636717090392e-10
13 43 1.88135317053997e-10
28 43 -5.24351595983714e-10
34 43 -4.024111596948146e-08
37 43 9.344171038041501e-11
40 43 1.147499840009403e-10
43 43 1.085697931340765e-08
64 43 1.585452948840994e-10
85 43 9.582352899102899e-08
91 43 1.98195221214504e-09
100 43 7.98011685396763e-08
103 43 3.209636949387132e-09
109 43 8.361758182000527e-08
112 43 9.924144906218999e-08
5 44 -4.666277639232974e-08
11 44 -8.419636717090392e-10
14 44 1.88135317053997e-10
29 44 -5.24351595983714e-10
35 44 -4.024111596948146e-08
38 44 9.344171038041501e-11
41 44 1.147499840009403e-10
44 44 1.085697931340765e-08
65 44 1.585452948840994e-10
86 44 9.582352899102899e-08
92 44 1.98195221214504e-09
101 44 7.98011685396763e-08
104 44 3.209636949387132e-09
110 44 8.361758182000527e-08
113 44 9.924144906218999e-08
6 45 -4.666277639232974e-08
12 45 -8.419636717090392e-10
15 45 1.88135317053997e-10
30 45 -5.24351595983714e-10
36 45 -4.024111596948146e-08
39 45 9.344171038041501e-11
42 45 1.147499840009403e-10
45 45 1.085697931340765e-08
66 45 1.585452948840994e-10
87 45 9.582352899102899e-08
93 45 1.98195221214504e-09
102 45 7.98011685396763e-08
105 45 3.209636949387132e-09
111 45 8.361758182000527e-08
114 45 9.924144906218999e-08
1 46 -4.645227536831375e-10
28 46 -3.564471190617611e-09
31 46 8.237348731255826e-11
46 46 6.414689925944074e-10
49 46 -3.546361378538837e-09
52 46 8.196933977839445e-11
70 46 1.79752964215568e-09
76 46 1.314044994611424e-08
82 46 1.321471345605253e-08
193 46 1.287216540531999e-09
196 46 -4.843831894717747e-09
199 46 1.278375577748626e-09
2 47 -4.645227536831375e-10
29 47 -3.564471190617611e-09
32 47 8.237348731255826e-11
47 47 6.414689925944074e-10
50 47 -3.546361378538837e-09
53 47 8.196933977839445e-11
71 47 1.79752964215568e-09
77 47 1.314044994611424e-08
83 47 1.321471345605253e-08
194 47 1.287216540531999e-09
197 47 -4.843831894717747e-09
200 47 1.278375577748626e-09
3 48 -4.645227536831375e-10
30 48 -3.564471190617611e-09
33 48 8.237348731255826e-11
48 48 6.414689925944074e-10
51 48 -3.546361378538837e-09
54 48 8.196933977839445e-11
72 48 1.79752964215568e-09
78 48 1.314044994611424e-08
84 48 1.321471345605253e-08
195 48 1.287216540531999e-09
198 48 -4.843831894717747e-09
201 48 1.278375577748626e-09
1 49 1.003230369941448e-08
22 49 -7.555724113955398e-10
25 49 1.377364383297787e-07
28 49 1.79052577901114e-08
31 49 -4.754288110509817e-10
46 49 -3.546361378538837e-09
49 49 1.006654048253967e-06
52 49 -2.046815293801556e-09
55 49 -3.415994894313186e-08
70 49 -3.956128448999099e-08
76 49 -2.196815944556621e-06
79 49 -2.919516085408538e-07
82 49 -6.386125664025139e-08
178 49 -1.630354415321055e-06
181 49 -2.694142536199094e-07
193 49 -7.465664881935275e-09
196 49 2.454759217483088e-07
199 49 -8.378120755378318e-08
250 49 -1.814659786759441e-07
253 49 -4.5878730301751e-07
256 49 1.063450639360555e-06
2 50 1.003230369941448e-08
23 50 -7.555724113955398e-10
26 50 1.377364383297787e-07
29 50 1.79052577901114e-08
32 50 -4.754288110509817e-10
47 50 -3.546361378538837e-09
50 50 1.006654048253967e-06
53 50 -2.046815293801556e-09
56 50 -3.415994894313186e-08
71 50 -3.956128448999099e-08
77 50 -2.196815944556621e-06
80 50 -2.919516085408538e-07
83 50 -6.386125664025139e-08
179 50 -1.630354415321055e-06
182 50 -2.694142536199094e-07
194 50 -7.465664881935275e-09
197 50 2.454759217483088e-07
200 50 -8.378120755378318e-08
251 50 -1.814659786759441e-07
254 50 -4.5878730301751e-07
257 50 1.063450639360555e-06
3 51 1.003230369941448e-08
24 51 -7.555724113955398e-10
27 51 1.377364383297787e-07
30 51 1.79052577901114e-08
33 51 -4.754288110509817e-10
48 51 -3.546361378538837e-09
51 51 1.006654048253967e-06
54 51 -2.046815293801556e-09
57 51 -3.415994894313186e-08
72 51 -3.956128448999099e-08
78 51 -2.196815944556621e-06
81 51 -2.919516085408538e-07
84 51 -6.386125664025139e-08
180 51 -1.630354415321055e-06
183 51 -2.694142536199094e-07
195 51 -7.465664881935275e-09
198 51 2.454759217483088e-07
201 51 -8.378120755378318e-08
252 51 -1.814659786759441e-07
255 51 -4.5878730301751e-07
258 51 1.063450639360555e-06
1 52 -2.499528734813695e-09
22 52 1.650364789725037e-10
25 52 -7.381628419021873e-10
28 52 -4.752267372839003e-10
31 52 1.037814545140839e-10
46 52 8.196933977839445e-11
49 52 -2.046815293801556e-09
52 52 4.670309051492948e-10
55 52 1.301873690505954e-10
70 52 1.015001195330314e-08
76 52  8.0612333723997e-09
79 52 2.822434027622949e-09
82 52 1.79752964215568e-09
2 53 -2.499528734813695e-09
23 53 1.650364789725037e-10
26 53 -7.381628419021873e-10
29 53 -4.752267372839003e-10
32 53 1.037814545140839e-10
47 53 8.196933977839445e-11
50 53 -2.046815293801556e-09
53 53 4.670309051492948e-10
56 53 1.301873690505954e-10
71 53 1.015001195330314e-08
77 53  8.0612333723997e-09
80 53 2.822434027622949e-09
83 53 1.79752964215568e-09
3 54 -2.499528734813695e-09
24 54 1.650364789725037e-10
27 54 -7.381628419021873e-10
30 54 -4.752267372839003e-10
33 54 1.037814545140839e-10
48 54 8.196933977839445e-11
51 54 -2.046815293801556e-09
54 54 4.670309051492948e-10
57 54 1.301873690505954e-10
72 54 1.015001195330314e-08
78 54  8.0612333723997e-09
81 54 2.822434027622949e-09
84 54 1.79752964215568e-09
1 55 -7.381478564345853e-10
22 55 1.650065080373007e-10
25 55 -4.124026818289938e-08
49 55 -3.415994894313186e-08
52 55 1.301873690505954e-10
55 55 9.174894986752612e-09
70 55 2.822434027622948e-09
76 55 7.147678940199951e-08
79 55 8.940695463269739e-08
178 55 6.677361202138934e-08
181 55 8.357983561741565e-08
2 56 -7.381478564345853e-10
23 56 1.650065080373007e-10
26 56 -4.124026818289938e-08
50 56 -3.415994894313186e-08
53 56 1.301873690505954e-10
56 56 9.174894986752612e-09
71 56 2.822434027622948e-09
77 56 7.147678940199951e-08
80 56 8.940695463269739e-08
179 56 6.677361202138934e-08
182 56 8.357983561741565e-08
3 57 -7.381478564345853e-10
24 57 1.650065080373007e-10
27 57 -4.124026818289938e-08
51 57 -3.415994894313186e-08
54 57 1.301873690505954e-10
57 57 9.174894986752612e-09
72 57 2.822434027622948e-09
78 57 7.147678940199951e-08
81 57 8.940695463269739e-08
180 57 6.677361202138934e-08
183 57 8.357983561741565e-08
10 58 1.717260278623802e-07
16 58 1.366065870482237e-08
19 58 -9.669172103886973e-10
34 58 3.253165510439436e-08
58 58 2.423094378085704e-06
61 58 -6.98257454675025e-09
64 58 -6.219033085887099e-10
67 58 -4.672498391953927e-08
103 58 -3.39730530559211e-07
109 58 -1.074289744035071e-07
118 58 -3.156264076545657e-09
121 58 -2.852799611039647e-06
124 58 -5.342319997512256e-08
130 58 -4.830333266257931e-06
133 58 -3.552645200546319e-07
139 58 6.683315473465086e-08
142 58 -1.529876160381185e-08
145 58 -8.031056657290605e-10
157 58 -1.870319776834477e-07
187 58 1.376595140163146e-13
190 58 -7.996413077660342e-16
223 58 -3.251121788949556e-15
229 58 -1.893534030160964e-06
235 58 -5.486045387919326e-13
238 58 -2.229626600874627e-08
265 58 2.662091841507322e-09
268 58 -6.897205049740059e-16
271 58 -2.948481299606427e-10
274 58 -1.149925175603619e-11
277 58 -2.076918771953717e-09
280 58 -8.077567054179452e-08
286 58 -8.542017323609053e-09
289 58 -1.082142456106051e-06
11 59 1.717260278623802e-07
17 59 1.366065870482237e-08
20 59 -9.669172103886973e-10
35 59 3.253165510439436e-08
59 59 2.423094378085704e-06
62 59 -6.98257454675025e-09
65 59 -6.219033085887099e-10
68 59 -4.672498391953927e-08
104 59 -3.39730530559211e-07
110 59 -1.074289744035071e-07
119 59 -3.156264076545657e-09
122 59 -2.852799611039647e-06
125 59 -5.342319997512256e-08
131 59 -4.830333266257931e-06
134 59 -3.552645200546319e-07
140 59 6.683315473465086e-08
143 59 -1.529876160381185e-08
146 59 -8.031056657290605e-10
158 59 -1.870319776834477e-07
188 59 1.376595140163146e-13
191 59 -7.996413077660342e-16
224 59 -3.251121788949556e-15
230 59 -1.893534030160964e-06
236 59 -5.486045387919326e-13
239 59 -2.229626600874627e-08
266 59 2.662091841507322e-09
269 59 -6.897205049740059e-16
272 59 -2.948481299606427e-10
275 59 -1.149925175603619e-11
278 59 -2.076918771953717e-09
281 59 -8.077567054179452e-08
287 59 -8.542017323609053e-09
290 59 -1.082142456106051e-06
12 60 1.717260278623802e-07
18 60 1.366065870482237e-08
21 60 -9.669172103886973e-10
36 60 3.253165510439436e-08
60 60 2.423094378085704e-06
63 60 -6.98257454675025e-09
66 60 -6.219033085887099e-10
69 60 -4.672498391953927e-08
105 60 -3.39730530559211e-07
111 60 -1.074289744035071e-07
120 60 -3.156264076545657e-09
123 60 -2.852799611039647e-06
126 60 -5.342319997512256e-08
132 60 -4.830333266257931e-06
135 60 -3.552645200546319e-07
141 60 6.683315473465086e-08
144 60 -1.529876160381185e-08
147 60 -8.031056657290605e-10
159 60 -1.870319776834477e-07
189 60 1.376595140163146e-13
192 60 -7.996413077660342e-16
225 60 -3.251121788949556e-15
231 60 -1.893534030160964e-06
237 60 -5.486045387919326e-13
240 60 -2.229626600874627e-08
267 60 2.662091841507322e-09
270 60 -6.897205049740059e-16
273 60 -2.948481299606427e-10
276 60 -1.149925175603619e-11
279 60 -2.076918771953717e-09
282 60 -8.077567054179452e-08
288 60 -8.542017323609053e-09
291 60 -1.082142456106051e-06
10 61 -6.117319522954545e-10
34 61 -6.881881861028259e-09
58 61 -6.98257454675025e-09
61 61 1.348950569309788e-09
64 61 1.152572770223437e-10
67 61 1.164956897273077e-10
103 61 2.352013244745983e-09
109 61 2.399533186111609e-08
121 61 2.437081677918625e-08
187 61 -8.010356165927254e-16
190 61 1.533758360705379e-17
223 61 1.624771244770067e-17
229 61 4.150792393835204e-09
235 61 3.186016265110468e-15
238 61 4.059371867892528e-09
11 62 -6.117319522954545e-10
35 62 -6.881881861028259e-09
59 62 -6.98257454675025e-09
62 62 1.348950569309788e-09
65 62 1.152572770223437e-10
68 62 1.164956897273077e-10
104 62 2.352013244745983e-09
110 62 2.399533186111609e-08
122 62 2.437081677918625e-08
188 62 -8.010356165927254e-16
191 62 1.533758360705379e-17
224 62 1.624771244770067e-17
230 62 4.150792393835204e-09
236 62 3.186016265110468e-15
239 62 4.059371867892528e-09
12 63 -6.117319522954545e-10
36 63 -6.881881861028259e-09
60 63 -6.98257454675025e-09
63 63 1.348950569309788e-09
66 63 1.152572770223437e-10
69 63 1.164956897273077e-10
105 63 2.352013244745983e-09
111 63 2.399533186111609e-08
123 63 2.437081677918625e-08
189 63 -8.010356165927254e-16
192 63 1.533758360705379e-17
225 63 1.624771244770067e-17
231 63 4.150792393835204e-09
237 63 3.186016265110468e-15
240 63 4.059371867892528e-09
4 64 -8.421274504265744e-10
10 64 -2.950293239816309e-09
13 64 1.884628744890673e-10
34 64 -2.553590999316834e-09
43 64 1.585452948840994e-10
58 64 -6.219033085887099e-10
61 64 1.152572770223437e-10
64 64 5.889078532310768e-10
67 64 1.368384023138175e-10
103 64 1.193580802688434e-08
109 64 1.009508719599403e-08
112 64 3.209636949387132e-09
121 64 2.352013244745984e-09
5 65 -8.421274504265744e-10
11 65 -2.950293239816309e-09
14 65 1.884628744890673e-10
35 65 -2.553590999316834e-09
44 65 1.585452948840994e-10
59 65 -6.219033085887099e-10
62 65 1.152572770223437e-10
65 65 5.889078532310768e-10
68 65 1.368384023138175e-10
104 65 1.193580802688434e-08
110 65 1.009508719599403e-08
113 65 3.209636949387132e-09
122 65 2.352013244745984e-09
6 66 -8.421274504265744e-10
12 66 -2.950293239816309e-09
15 66 1.884628744890673e-10
36 66 -2.553590999316834e-09
45 66 1.585452948840994e-10
60 66 -6.219033085887099e-10
63 66 1.152572770223437e-10
66 66 5.889078532310768e-10
69 66 1.368384023138175e-10
105 66 1.193580802688434e-08
111 66 1.009508719599403e-08
114 66 3.209636949387132e-09
123 66 2.352013244745984e-09
10 67 -5.188425272154919e-08
16 67 -9.5570351560406e-10
19 67 2.135192662937075e-10
34 67 -6.225225149411926e-10
58 67 -4.672498391953927e-08
61 67 1.164956897273077e-10
64 67 1.368384023138175e-10
67 67 1.272993353006436e-08
103 67 1.056964921594224e-07
109 67 2.352013244745983e-09
118 67 1.916635333690203e-10
121 67 9.233966372089479e-08
124 67 3.631722185691808e-09
130 67 9.828741097715979e-08
133 67 1.105311428207408e-07
11 68 -5.188425272154919e-08
17 68 -9.5570351560406e-10
20 68 2.135192662937075e-10
35 68 -6.225225149411926e-10
59 68 -4.672498391953927e-08
62 68 1.164956897273077e-10
65 68 1.368384023138175e-10
68 68 1.272993353006436e-08
104 68 1.056964921594224e-07
110 68 2.352013244745983e-09
119 68 1.916635333690203e-10
122 68 9.233966372089479e-08
125 68 3.631722185691808e-09
131 68 9.828741097715979e-08
134 68 1.105311428207408e-07
12 69 -5.188425272154919e-08
18 69 -9.5570351560406e-10
21 69 2.135192662937075e-10
36 69 -6.225225149411926e-10
60 69 -4.672498391953927e-08
63 69 1.164956897273077e-10
66 69 1.368384023138175e-10
69 69 1.272993353006436e-08
105 69 1.056964921594224e-07
111 69 2.352013244745983e-09
120 69 1.916635333690203e-10
123 69 9.233966372089479e-08
126 69 3.631722185691808e-09
132 69 9.828741097715979e-08
135 69 1.105311428207408e-07
1 70 -6.972956337898392e-07
22 70 7.114904923742136e-09
25 70 -2.694477803843194e-08
28 70 -2.934301499562797e-07
31 70 9.02411754285226e-08
46 70 1.79752964215568e-09
49 70 -3.956128448999099e-08
52 70 1.015001195330314e-08
55 70 2.822434027622948e-09
70 70 2.149314348113099e-06
76 70 1.515363957092819e-07
79 70 1.049559575581112e-07
82 70 7.90459771285219e-07
91 70 3.641921230123836e-07
94 70 8.888171523620325e-07
2 71 -6.972956337898392e-07
23 71 7.114904923742136e-09
26 71 -2.694477803843194e-08
29 71 -2.934301499562797e-07
32 71 9.02411754285226e-08
47 71 1.79752964215568e-09
50 71 -3.956128448999099e-08
53 71 1.015001195330314e-08
56 71 2.822434027622948e-09
71 71 2.149314348113099e-06
77 71 1.515363957092819e-07
80 71 1.049559575581112e-07
83 71 7.90459771285219e-07
92 71 3.641921230123836e-07
95 71 8.888171523620325e-07
3 72 -6.972956337898392e-07
24 72 7.114904923742136e-09
27 72 -2.694477803843194e-08
30 72 -2.934301499562797e-07
33 72 9.02411754285226e-08
48 72 1.79752964215568e-09
51 72 -3.956128448999099e-08
54 72 1.015001195330314e-08
57 72 2.822434027622948e-09
72 72 2.149314348113099e-06
78 72 1.515363957092819e-07
81 72 1.049559575581112e-07
84 72 7.90459771285219e-07
93 72 3.641921230123836e-07
96 72 8.888171523620325e-07
73 73   0.3096884992320876
74 73 -0.03041628169561387
75 73 -0.001738387414898573
88 73 0.009078449683990037
89 73 -0.005077430905261711
90 73 -9.470209945715497e-05
97 73 -0.06929943264632768
98 73  0.03029328045499596
99 73 2.843347892046653e-05
175 73 -0.03791327547592847
176 73  0.00873826627000578
177 73 2.95974100831866e-05
184 73 0.009213493766750114
185 73 -0.003504435154640154
186 73 -8.618161372643273e-05
202 73  -0.2296276152998504
203 73  0.04636892390400278
204 73  0.04262564920782475
217 73  0.03290890839974099
218 73 -0.01975752033705658
219 73 -0.009958727462442772
259 73 -0.04683490188262181
260 73 -0.02520273775013688
261 73  0.02108771630689983
262 73 0.008774674991788517
263 73 -0.001618569931376669
264 73 0.0003962527766984733
301 73 -0.0001126526876504048
302 73 5.602260928285054e-06
303 73 -0.0001562761136737596
304 73 -0.0009761479611741295
305 73 -2.442063449869471e-05
306 73  0.00128038055035605
307 73 0.002160792560596841
308 73 0.0001285543219192752
309 73 -0.002588058152971088
310 73 5.310952212086345e-05
311 73 -8.365104121932403e-06
312 73 8.365104121932407e-06
313 73 0.001981288972510169
314 73 -2.524414055253256e-05
315 73 -0.002627377510856908
316 73 4.723100357526787e-06
317 73 -7.084650536290196e-06
318 73 -2.969111639726861e-05
320 73 2.44479070422737e-05
321 73 0.0001243932158544236
322 73 1.977766422351994e-05
323 73 -9.966817760233698e-05
324 73 -0.0004545452300217329
325 73 -2.542842543023993e-05
326 73 6.205489965531936e-06
327 73 -2.611432679748355e-05
328 73 9.276608491931907e-07
329 73 -2.72725435789787e-08
330 73 -1.391491273789786e-06
73 74 -0.03041628169561387
74 74   0.3388411604435699
75 74 -0.04084140140595429
88 74 -0.003384953936841143
89 74  0.03177457389396502
90 74 -0.005598793647691742
97 74  0.02600058741363557
98 74   -0.145584717072851
99 74  0.03305722892907559
175 74  0.01310739940500867
176 74  -0.1325846031207523
177 74  0.02187859293067423
184 74 -0.005256652731960229
185 74  0.03224722818362544
186 74 -0.00847740630443849
202 74  0.04517345978531945
203 74 -0.09423064467815777
204 74 -0.01267094338826611
217 74  -0.0189767473350091
218 74  0.03681277340997706
219 74 0.009958727462442772
259 74 -0.02408371372509605
260 74 -0.04312913626906692
261 74  0.01401871929214141
262 74 -0.002427854897064996
263 74   0.0307113624712597
264 74 -0.01110803815831679
301 74 3.734840618856702e-06
302 74 6.911452140261717e-05
303 74 -2.721819543880553e-05
304 74 -1.628042299912981e-05
305 74 -0.0009761479611741295
306 74 0.0002001218144042765
307 74 9.267380138112723e-05
308 74 0.002160792560596841
309 74 -0.0007416219372443357
310 74 -1.254765618289862e-05
311 74 7.402228242569445e-05
312 74 -7.548173112032894e-05
313 74 -1.682942703502165e-05
314 74 0.001778609003152313
315 74 1.682942703502165e-05
316 74 -4.723100357526788e-06
317 74 1.653085125134377e-05
318 74 2.96911163972686e-05
319 74 1.629860469484912e-05
321 74 -0.0001406918205492728
322 74 -7.038136869949715e-05
323 74 5.650761206719979e-06
324 74 0.0005169142873357465
325 74 8.072910274960287e-06
326 74 -2.310927330725695e-05
327 74 3.216831953932323e-05
328 74 -1.818169571931824e-08
329 74 9.276608491931907e-07
330 74 1.818169571931824e-08
73 75 -0.001738387414898573
74 75 -0.04084140140595429
75 75   0.4305659714992158
88 75 -6.313473297143657e-05
89 75 -0.008477108887751876
90 75 0.009078449683990037
97 75 1.895565261364439e-05
98 75   0.0403120923592911
99 75 -0.07047912251559266
175 75 4.439611512477989e-05
176 75   0.0145983511270459
177 75 -0.03802513652092579
184 75 -0.0001292724205896488
185 75 -0.005579786191520314
186 75 0.009213493766750114
202 75  0.02963229360526214
203 75 -0.008250987913231117
204 75 -0.07715542087552964
217 75 -0.006639151641628515
218 75 0.006639151641628514
219 75  0.01549370706882623
259 75  0.01546697583444674
260 75 0.009517002844729151
261 75 -0.02659443019108786
262 75 0.0005943791650477109
263 75 -0.007772856434459007
264 75 0.008774674991788517
301 75 -3.662408599655542e-05
302 75 -1.428691070664061e-05
303 75 0.0005386882156387518
304 75 0.0008535870335706982
305 75 0.0001469815621021259
306 75 -0.00341651786410945
307 75 -0.001732343022082336
308 75 -0.0005611864124947465
309 75 0.007562773962088944
310 75 1.254765618289862e-05
311 75 -5.729207418182964e-05
312 75 0.0001649705671181911
313 75 -0.00181914499702388
314 75 2.524414055253256e-05
315 75 0.006022451541675257
316 75 -1.979407759817907e-05
317 75 1.979407759817907e-05
318 75 4.723100357526787e-06
319 75 8.292881056961581e-05
320 75 -0.0001073767176118895
322 75 -0.0003038032040554825
323 75 0.0003973567900265029
324 75 5.650761206719979e-06
325 75 -1.663650049066142e-05
326 75 2.455791354192944e-05
327 75 -1.362067453642294e-05
328 75 -9.276608491931907e-07
329 75 2.72725435789787e-08
330 75 3.246812972176167e-06
1 76 -3.85168951995393e-08
22 76 2.822434027622948e-09
25 76 -2.829865259255052e-07
28 76 -6.382412488528227e-08
31 76 1.79752964215568e-09
46 76 1.314044994611424e-08
49 76 -2.196815944556621e-06
52 76  8.0612333723997e-09
55 76 7.147678940199951e-08
70 76 1.515363957092819e-07
76 76 6.282159572381198e-06
79 76 7.930643291808221e-07
82 76 2.302414563961377e-07
178 76 2.160776957966805e-06
181 76 3.539895057242744e-07
193 76 2.333177701277405e-08
196 76 -7.250205501952892e-07
199 76 2.488402336507719e-07
250 76 4.428180665179141e-07
253 76 8.572495506566136e-07
256 76 -2.082973886288855e-06
2 77 -3.85168951995393e-08
23 77 2.822434027622948e-09
26 77 -2.829865259255052e-07
29 77 -6.382412488528227e-08
32 77 1.79752964215568e-09
47 77 1.314044994611424e-08
50 77 -2.196815944556621e-06
53 77  8.0612333723997e-09
56 77 7.147678940199951e-08
71 77 1.515363957092819e-07
77 77 6.282159572381198e-06
80 77 7.930643291808221e-07
83 77 2.302414563961377e-07
179 77 2.160776957966805e-06
182 77 3.539895057242744e-07
194 77 2.333177701277405e-08
197 77 -7.250205501952892e-07
200 77 2.488402336507719e-07
251 77 4.428180665179141e-07
254 77 8.572495506566136e-07
257 77 -2.082973886288855e-06
3 78 -3.85168951995393e-08
24 78 2.822434027622948e-09
27 78 -2.829865259255052e-07
30 78 -6.382412488528227e-08
33 78 1.79752964215568e-09
48 78 1.314044994611424e-08
51 78 -2.196815944556621e-06
54 78  8.0612333723997e-09
57 78 7.147678940199951e-08
72 78 1.515363957092819e-07
78 78 6.282159572381198e-06
81 78 7.930643291808221e-07
84 78 2.302414563961377e-07
180 78 2.160776957966805e-06
183 78 3.539895057242744e-07
195 78 2.333177701277405e-08
198 78 -7.250205501952892e-07
201 78 2.488402336507719e-07
252 78 4.428180665179141e-07
255 78 8.572495506566136e-07
258 78 -2.082973886288855e-06
1 79 -2.694441775443516e-08
22 79 7.114184355748579e-09
25 79 -6.502502391650716e-07
49 79 -2.919516085408538e-07
52 79 2.822434027622949e-09
55 79 8.940695463269739e-08
70 79 1.049559575581112e-07
76 79 7.930643291808221e-07
79 79 1.963936173996341e-06
178 79 3.539895057242744e-07
181 79 8.763387497942086e-07
2 80 -2.694441775443516e-08
23 80 7.114184355748579e-09
26 80 -6.502502391650716e-07
50 80 -2.919516085408538e-07
53 80 2.822434027622949e-09
56 80 8.940695463269739e-08
71 80 1.049559575581112e-07
77 80 7.930643291808221e-07
80 80 1.963936173996341e-06
179 80 3.539895057242744e-07
182 80 8.763387497942086e-07
