%%MatrixMarket matrix coordinate real general
1089 1089 36199
1 1 3.454294625995444e-05
4 1 4.028436278900883e-06
7 1 -8.782355862719506e-06
28 1 -8.749562307100763e-06
31 1 4.015840230309509e-06
34 1 1.33013350645442e-05
37 1 -3.036427516389781e-05
46 1 -8.00306039928894e-06
64 1 -7.29068817567655e-06
67 1 8.202543315661504e-06
70 1 -1.636873426142708e-05
73 1 -7.946858536772378e-06
2 2 3.454294625995444e-05
5 2 4.028436278900883e-06
8 2 -8.782355862719506e-06
29 2 -8.749562307100763e-06
32 2 4.015840230309509e-06
35 2 1.33013350645442e-05
38 2 -3.036427516389781e-05
47 2 -8.00306039928894e-06
65 2 -7.29068817567655e-06
68 2 8.202543315661504e-06
71 2 -1.636873426142708e-05
74 2 -7.946858536772378e-06
3 3 3.454294625995444e-05
6 3 4.028436278900883e-06
9 3 -8.782355862719506e-06
30 3 -8.749562307100763e-06
33 3 4.015840230309509e-06
36 3 1.33013350645442e-05
39 3 -3.036427516389781e-05
48 3 -8.00306039928894e-06
66 3 -7.29068817567655e-06
69 3 8.202543315661504e-06
72 3 -1.636873426142708e-05
75 3 -7.946858536772378e-06
1 4 4.028436278900883e-06
4 4 3.471715456879495e-05
7 4 -8.777352328061565e-06
10 4 4.055919089334142e-06
13 4 -8.847228486103879e-06
34 4 8.229801538302004e-06
37 4 -7.995713653116127e-06
40 4 1.329120536068625e-05
43 4 -7.414949794477971e-06
46 4 -1.651646754022792e-05
49 4 -3.065698789582641e-05
58 4 -8.117988801861025e-06
2 5 4.028436278900883e-06
5 5 3.471715456879495e-05
8 5 -8.777352328061565e-06
11 5 4.055919089334142e-06
14 5 -8.847228486103879e-06
35 5 8.229801538302004e-06
38 5 -7.995713653116127e-06
41 5 1.329120536068625e-05
44 5 -7.414949794477971e-06
47 5 -1.651646754022792e-05
50 5 -3.065698789582641e-05
59 5 -8.117988801861025e-06
3 6 4.028436278900883e-06
6 6 3.471715456879495e-05
9 6 -8.777352328061565e-06
12 6 4.055919089334142e-06
15 6 -8.847228486103879e-06
36 6 8.229801538302004e-06
39 6 -7.995713653116127e-06
42 6 1.329120536068625e-05
45 6 -7.414949794477971e-06
48 6 -1.651646754022792e-05
51 6 -3.065698789582641e-05
60 6 -8.117988801861025e-06
1 7 -8.782355862719506e-06
4 7 -8.777352328061565e-06
7 7 3.168847626865869e-05
34 7 -8.317207585176636e-06
37 7 1.516563154222531e-05
46 7 1.518032503457091e-05
2 8 -8.782355862719506e-06
5 8 -8.777352328061565e-06
8 8 3.168847626865869e-05
35 8 -8.317207585176636e-06
38 8 1.516563154222531e-05
47 8 1.518032503457091e-05
3 9 -8.782355862719506e-06
6 9 -8.777352328061565e-06
9 9 3.168847626865869e-05
36 9 -8.317207585176636e-06
39 9 1.516563154222531e-05
48 9 1.518032503457091e-05
4 10 4.055919089334142e-06
10 10 3.502178485281067e-05
13 10 -8.838088206866425e-06
16 10 4.098794583244858e-06
19 10 -8.946484592816253e-06
40 10 8.276442348370251e-06
49 10 -8.104491230206755e-06
52 10 1.327521366863255e-05
55 10 -7.651207465251992e-06
58 10 -1.68173081129515e-05
61 10 -3.114796615921962e-05
82 10 -8.296632600402283e-06
5 11 4.055919089334142e-06
11 11 3.502178485281067e-05
14 11 -8.838088206866425e-06
17 11 4.098794583244858e-06
20 11 -8.946484592816253e-06
41 11 8.276442348370251e-06
50 11 -8.104491230206755e-06
53 11 1.327521366863255e-05
56 11 -7.651207465251992e-06
59 11 -1.68173081129515e-05
62 11 -3.114796615921962e-05
83 11 -8.296632600402283e-06
6 12 4.055919089334142e-06
12 12 3.502178485281067e-05
15 12 -8.838088206866425e-06
18 12 4.098794583244858e-06
21 12 -8.946484592816253e-06
42 12 8.276442348370251e-06
51 12 -8.104491230206755e-06
54 12 1.327521366863255e-05
57 12 -7.651207465251992e-06
60 12 -1.68173081129515e-05
63 12 -3.114796615921962e-05
84 12 -8.296632600402283e-06
4 13 -8.847228486103879e-06
10 13 -8.838088206866425e-06
13 13 3.192324111392807e-05
40 13 -8.38610310162822e-06
49 13 1.537778892071777e-05
58 13 1.54047840640263e-05
5 14 -8.847228486103879e-06
11 14 -8.838088206866425e-06
14 14 3.192324111392807e-05
41 14 -8.38610310162822e-06
50 14 1.537778892071777e-05
59 14 1.54047840640263e-05
6 15 -8.847228486103879e-06
12 15 -8.838088206866425e-06
15 15 3.192324111392807e-05
42 15 -8.38610310162822e-06
51 15 1.537778892071777e-05
60 15 1.54047840640263e-05
10 16 4.098794583244858e-06
16 16 3.546281323836542e-05
19 16 -8.932980993779899e-06
22 16 4.157910501954503e-06
25 16 -9.082241134061092e-06
52 16 8.340236168256841e-06
61 16 -8.276506216376197e-06
76 16 1.324729256168454e-05
79 16 -8.011966631475909e-06
82 16 -1.728222138811634e-05
85 16 -3.184927391800307e-05
154 16 -8.544775332762067e-06
11 17 4.098794583244858e-06
17 17 3.546281323836542e-05
20 17 -8.932980993779899e-06
23 17 4.157910501954503e-06
26 17 -9.082241134061092e-06
53 17 8.340236168256841e-06
62 17 -8.276506216376197e-06
77 17 1.324729256168454e-05
80 17 -8.011966631475909e-06
83 17 -1.728222138811634e-05
86 17 -3.184927391800307e-05
155 17 -8.544775332762067e-06
12 18 4.098794583244858e-06
18 18 3.546281323836542e-05
21 18 -8.932980993779899e-06
24 18 4.157910501954503e-06
27 18 -9.082241134061092e-06
54 18 8.340236168256841e-06
63 18 -8.276506216376197e-06
78 18 1.324729256168454e-05
81 18 -8.011966631475909e-06
84 18 -1.728222138811634e-05
87 18 -3.184927391800307e-05
156 18 -8.544775332762067e-06
10 19 -8.946484592816253e-06
16 19 -8.932980993779899e-06
19 19 3.228373228512913e-05
52 19 -8.490818795087541e-06
61 19 1.571154083554928e-05
82 19 1.575179360360139e-05
11 20 -8.946484592816253e-06
17 20 -8.932980993779899e-06
20 20 3.228373228512913e-05
53 20 -8.490818795087541e-06
62 20 1.571154083554928e-05
83 20 1.575179360360139e-05
12 21 -8.946484592816253e-06
18 21 -8.932980993779899e-06
21 21 3.228373228512913e-05
54 21 -8.490818795087541e-06
63 21 1.571154083554928e-05
84 21 1.575179360360139e-05
16 22 4.157910501954503e-06
22 22 1.488879181817932e-05
25 22 -9.064033170188594e-06
76 22 8.417061659980614e-06
85 22 -8.517289481589898e-06
154 22 -1.792900396992026e-05
175 22 4.157910501954503e-06
178 22 -8.517289481589898e-06
181 22 -9.064033170188594e-06
17 23 4.157910501954503e-06
23 23 1.488879181817932e-05
26 23 -9.064033170188594e-06
77 23 8.417061659980614e-06
86 23 -8.517289481589898e-06
155 23 -1.792900396992026e-05
176 23 4.157910501954503e-06
179 23 -8.517289481589898e-06
182 23 -9.064033170188594e-06
18 24 4.157910501954503e-06
24 24 1.488879181817932e-05
27 24 -9.064033170188594e-06
78 24 8.417061659980614e-06
87 24 -8.517289481589898e-06
156 24 -1.792900396992026e-05
177 24 4.157910501954503e-06
180 24 -8.517289481589898e-06
183 24 -9.064033170188594e-06
16 25 -9.082241134061092e-06
22 25 -9.064033170188594e-06
25 25 3.277797886667918e-05
76 25 -8.632045565412041e-06
85 25 1.617796729815156e-05
154 25 1.623293900049593e-05
17 26 -9.082241134061092e-06
23 26 -9.064033170188594e-06
26 26 3.277797886667918e-05
77 26 -8.632045565412041e-06
86 26 1.617796729815156e-05
155 26 1.623293900049593e-05
18 27 -9.082241134061092e-06
24 27 -9.064033170188594e-06
27 27 3.277797886667918e-05
78 27 -8.632045565412041e-06
87 27 1.617796729815156e-05
156 27 1.623293900049593e-05
1 28 -8.749562307100763e-06
28 28 3.157443152999158e-05
31 28 -8.750555488976471e-06
67 28 -8.283621332394521e-06
70 28 1.507127216067586e-05
73 28 1.506836137012906e-05
2 29 -8.749562307100763e-06
29 29 3.157443152999158e-05
32 29 -8.750555488976471e-06
68 29 -8.283621332394521e-06
71 29 1.507127216067586e-05
74 29 1.506836137012906e-05
3 30 -8.749562307100763e-06
30 30 3.157443152999158e-05
33 30 -8.750555488976471e-06
69 30 -8.283621332394521e-06
72 30 1.507127216067586e-05
75 30 1.506836137012906e-05
1 31 4.015840230309509e-06
28 31 -8.750555488976471e-06
31 31 2.046405859373018e-05
67 31 9.301202346493634e-06
70 31 -7.948313932045796e-06
73 31 -2.226867389069938e-05
2 32 4.015840230309509e-06
29 32 -8.750555488976471e-06
32 32 2.046405859373018e-05
68 32 9.301202346493634e-06
71 32 -7.948313932045796e-06
74 32 -2.226867389069938e-05
3 33 4.015840230309509e-06
30 33 -8.750555488976471e-06
33 33 2.046405859373018e-05
69 33 9.301202346493634e-06
72 33 -7.948313932045796e-06
75 33 -2.226867389069938e-05
1 34 1.33013350645442e-05
4 34 8.229801538302004e-06
7 34 -8.317207585176636e-06
34 34 0.0001158469299959305
37 34 -3.246947853966736e-05
40 34 1.33464542180206e-05
43 34 -3.025701318132965e-05
46 34 -1.760978859640694e-05
49 34 -7.702880787992334e-06
64 34 -2.985542465090495e-05
67 34 1.334833627936757e-05
70 34 -7.579223752610092e-06
199 34 1.325207241577954e-05
202 34 -2.793684532517322e-05
211 34 -6.342391898988785e-06
229 34 -5.771206306908093e-06
232 34 7.614957046639064e-06
235 34 -1.385288928129432e-05
238 34 -6.151903587504022e-06
2 35 1.33013350645442e-05
5 35 8.229801538302004e-06
8 35 -8.317207585176636e-06
35 35 0.0001158469299959305
38 35 -3.246947853966736e-05
41 35 1.33464542180206e-05
44 35 -3.025701318132965e-05
47 35 -1.760978859640694e-05
50 35 -7.702880787992334e-06
65 35 -2.985542465090495e-05
68 35 1.334833627936757e-05
71 35 -7.579223752610092e-06
200 35 1.325207241577954e-05
203 35 -2.793684532517322e-05
212 35 -6.342391898988785e-06
230 35 -5.771206306908093e-06
233 35 7.614957046639064e-06
236 35 -1.385288928129432e-05
239 35 -6.151903587504022e-06
3 36 1.33013350645442e-05
6 36 8.229801538302004e-06
9 36 -8.317207585176636e-06
36 36 0.0001158469299959305
39 36 -3.246947853966736e-05
42 36 1.33464542180206e-05
45 36 -3.025701318132965e-05
48 36 -1.760978859640694e-05
51 36 -7.702880787992334e-06
66 36 -2.985542465090495e-05
69 36 1.334833627936757e-05
72 36 -7.579223752610092e-06
201 36 1.325207241577954e-05
204 36 -2.793684532517322e-05
213 36 -6.342391898988785e-06
231 36 -5.771206306908093e-06
234 36 7.614957046639064e-06
237 36 -1.385288928129432e-05
240 36 -6.151903587504022e-06
1 37 -3.036427516389781e-05
4 37 -7.995713653116127e-06
7 37 1.516563154222531e-05
34 37 -3.246947853966736e-05
37 37 0.0001246802695783105
46 37 1.453733717044996e-05
64 37 1.322689610292072e-05
67 37 -7.588781127355626e-06
70 37 1.38039672567878e-05
2 38 -3.036427516389781e-05
5 38 -7.995713653116127e-06
8 38 1.516563154222531e-05
35 38 -3.246947853966736e-05
38 38 0.0001246802695783105
47 38 1.453733717044996e-05
65 38 1.322689610292072e-05
68 38 -7.588781127355626e-06
71 38 1.38039672567878e-05
3 39 -3.036427516389781e-05
6 39 -7.995713653116127e-06
9 39 1.516563154222531e-05
36 39 -3.246947853966736e-05
39 39 0.0001246802695783105
48 39 1.453733717044996e-05
66 39 1.322689610292072e-05
69 39 -7.588781127355626e-06
72 39 1.38039672567878e-05
4 40 1.329120536068625e-05
10 40 8.276442348370251e-06
13 40 -8.38610310162822e-06
34 40 1.33464542180206e-05
40 40 0.0001179319425554482
43 40 -3.00403417304886e-05
46 40 -7.678226756473646e-06
49 40 -3.251550794871008e-05
52 40 1.334020274899123e-05
55 40 -3.082382025410886e-05
58 40 -1.778998701996038e-05
61 40 -7.908601156716877e-06
199 40 7.706474560250235e-06
202 40 -6.308933545696825e-06
205 40 1.328700427821626e-05
208 40 -6.012380937193078e-06
211 40 -1.418228438217513e-05
214 40 -2.857924840002871e-05
223 40 -6.713853882964793e-06
5 41 1.329120536068625e-05
11 41 8.276442348370251e-06
14 41 -8.38610310162822e-06
35 41 1.33464542180206e-05
41 41 0.0001179319425554482
44 41 -3.00403417304886e-05
47 41 -7.678226756473646e-06
50 41 -3.251550794871008e-05
53 41 1.334020274899123e-05
56 41 -3.082382025410886e-05
59 41 -1.778998701996038e-05
62 41 -7.908601156716877e-06
200 41 7.706474560250235e-06
203 41 -6.308933545696825e-06
206 41 1.328700427821626e-05
209 41 -6.012380937193078e-06
212 41 -1.418228438217513e-05
215 41 -2.857924840002871e-05
224 41 -6.713853882964793e-06
6 42 1.329120536068625e-05
12 42 8.276442348370251e-06
15 42 -8.38610310162822e-06
36 42 1.33464542180206e-05
42 42 0.0001179319425554482
45 42 -3.00403417304886e-05
48 42 -7.678226756473646e-06
51 42 -3.251550794871008e-05
54 42 1.334020274899123e-05
57 42 -3.082382025410886e-05
60 42 -1.778998701996038e-05
63 42 -7.908601156716877e-06
201 42 7.706474560250235e-06
204 42 -6.308933545696825e-06
207 42 1.328700427821626e-05
210 42 -6.012380937193078e-06
213 42 -1.418228438217513e-05
216 42 -2.857924840002871e-05
225 42 -6.713853882964793e-06
4 43 -7.414949794477971e-06
34 43 -3.025701318132965e-05
40 43 -3.00403417304886e-05
43 43 0.0001114615939347952
46 43 1.348076482286638e-05
49 43 1.353007288590378e-05
199 43 -6.52095794237158e-06
202 43 1.090363191833733e-05
211 43 1.097054862492125e-05
5 44 -7.414949794477971e-06
35 44 -3.025701318132965e-05
41 44 -3.00403417304886e-05
44 44 0.0001114615939347952
47 44 1.348076482286638e-05
50 44 1.353007288590378e-05
200 44 -6.52095794237158e-06
203 44 1.090363191833733e-05
212 44 1.097054862492125e-05
6 45 -7.414949794477971e-06
36 45 -3.025701318132965e-05
42 45 -3.00403417304886e-05
45 45 0.0001114615939347952
48 45 1.348076482286638e-05
51 45 1.353007288590378e-05
201 45 -6.52095794237158e-06
204 45 1.090363191833733e-05
213 45 1.097054862492125e-05
1 46 -8.00306039928894e-06
4 46 -1.651646754022792e-05
7 46 1.518032503457091e-05
34 46 -1.760978859640694e-05
37 46 1.453733717044996e-05
40 46 -7.678226756473646e-06
43 46 1.348076482286638e-05
46 46 5.714422333555932e-05
49 46 1.405662680989508e-05
2 47 -8.00306039928894e-06
5 47 -1.651646754022792e-05
8 47 1.518032503457091e-05
35 47 -1.760978859640694e-05
38 47 1.453733717044996e-05
41 47 -7.678226756473646e-06
44 47 1.348076482286638e-05
47 47 5.714422333555932e-05
50 47 1.405662680989508e-05
3 48 -8.00306039928894e-06
6 48 -1.651646754022792e-05
9 48 1.518032503457091e-05
36 48 -1.760978859640694e-05
39 48 1.453733717044996e-05
42 48 -7.678226756473646e-06
45 48 1.348076482286638e-05
48 48 5.714422333555932e-05
51 48 1.405662680989508e-05
4 49 -3.065698789582641e-05
10 49 -8.104491230206755e-06
13 49 1.537778892071777e-05
34 49 -7.702880787992334e-06
40 49 -3.251550794871008e-05
43 49 1.353007288590378e-05
46 49 1.405662680989508e-05
49 49 0.0001265118727456113
58 49 1.484156032118335e-05
5 50 -3.065698789582641e-05
11 50 -8.104491230206755e-06
14 50 1.537778892071777e-05
35 50 -7.702880787992334e-06
41 50 -3.251550794871008e-05
44 50 1.353007288590378e-05
47 50 1.405662680989508e-05
50 50 0.0001265118727456113
59 50 1.484156032118335e-05
6 51 -3.065698789582641e-05
12 51 -8.104491230206755e-06
15 51 1.537778892071777e-05
36 51 -7.702880787992334e-06
42 51 -3.251550794871008e-05
45 51 1.353007288590378e-05
48 51 1.405662680989508e-05
51 51 0.0001265118727456113
60 51 1.484156032118335e-05
10 52 1.327521366863255e-05
16 52 8.340236168256841e-06
19 52 -8.490818795087541e-06
40 52 1.334020274899123e-05
52 52 0.0001214697659864621
55 52 -3.044913141899394e-05
58 52 -7.867000308043743e-06
61 52 -3.258432665166757e-05
76 52 1.331483872225884e-05
79 52 -3.162716696695935e-05
82 52 -1.804011405015166e-05
85 52 -8.214157230180637e-06
205 52 7.87197455482322e-06
214 52 -6.653457600486448e-06
217 52 1.33208238909504e-05
220 52 -6.477102436161474e-06
223 52 -1.485011709101358e-05
226 52 -2.962249798922423e-05
304 52 -7.302843188584465e-06
11 53 1.327521366863255e-05
17 53 8.340236168256841e-06
20 53 -8.490818795087541e-06
41 53 1.334020274899123e-05
53 53 0.0001214697659864621
56 53 -3.044913141899394e-05
59 53 -7.867000308043743e-06
62 53 -3.258432665166757e-05
77 53 1.331483872225884e-05
80 53 -3.162716696695935e-05
83 53 -1.804011405015166e-05
86 53 -8.214157230180637e-06
206 53 7.87197455482322e-06
215 53 -6.653457600486448e-06
218 53 1.33208238909504e-05
221 53 -6.477102436161474e-06
224 53 -1.485011709101358e-05
227 53 -2.962249798922423e-05
305 53 -7.302843188584465e-06
12 54 1.327521366863255e-05
18 54 8.340236168256841e-06
21 54 -8.490818795087541e-06
42 54 1.334020274899123e-05
54 54 0.0001214697659864621
57 54 -3.044913141899394e-05
60 54 -7.867000308043743e-06
63 54 -3.258432665166757e-05
78 54 1.331483872225884e-05
81 54 -3.162716696695935e-05
84 54 -1.804011405015166e-05
87 54 -8.214157230180637e-06
207 54 7.87197455482322e-06
216 54 -6.653457600486448e-06
219 54 1.33208238909504e-05
222 54 -6.477102436161474e-06
225 54 -1.485011709101358e-05
228 54 -2.962249798922423e-05
306 54 -7.302843188584465e-06
10 55 -7.651207465251992e-06
40 55 -3.082382025410886e-05
52 55 -3.044913141899394e-05
55 55 0.0001162312174420133
58 55 1.401118872703937e-05
61 55 1.409439042438557e-05
205 55 -6.873881543795904e-06
214 55 1.170047761597847e-05
223 55 1.182127018093518e-05
11 56 -7.651207465251992e-06
41 56 -3.082382025410886e-05
53 56 -3.044913141899394e-05
56 56 0.0001162312174420133
59 56 1.401118872703937e-05
62 56 1.409439042438557e-05
206 56 -6.873881543795904e-06
215 56 1.170047761597847e-05
224 56 1.182127018093518e-05
12 57 -7.651207465251992e-06
42 57 -3.082382025410886e-05
54 57 -3.044913141899394e-05
57 57 0.0001162312174420133
60 57 1.401118872703937e-05
63 57 1.409439042438557e-05
207 57 -6.873881543795904e-06
216 57 1.170047761597847e-05
225 57 1.182127018093518e-05
4 58 -8.117988801861025e-06
10 58 -1.68173081129515e-05
13 58 1.54047840640263e-05
40 58 -1.778998701996038e-05
49 58 1.484156032118335e-05
52 58 -7.867000308043743e-06
55 58 1.401118872703937e-05
58 58 5.866879657984479e-05
61 58 1.452597610996909e-05
5 59 -8.117988801861025e-06
11 59 -1.68173081129515e-05
14 59 1.54047840640263e-05
41 59 -1.778998701996038e-05
50 59 1.484156032118335e-05
53 59 -7.867000308043743e-06
56 59 1.401118872703937e-05
59 59 5.866879657984479e-05
62 59 1.452597610996909e-05
6 60 -8.117988801861025e-06
12 60 -1.68173081129515e-05
15 60 1.54047840640263e-05
42 60 -1.778998701996038e-05
51 60 1.484156032118335e-05
54 60 -7.867000308043743e-06
57 60 1.401118872703937e-05
60 60 5.866879657984479e-05
63 60 1.452597610996909e-05
10 61 -3.114796615921962e-05
16 61 -8.276506216376197e-06
19 61 1.571154083554928e-05
40 61 -7.908601156716877e-06
52 61 -3.258432665166757e-05
55 61 1.409439042438557e-05
58 61 1.452597610996909e-05
61 61 0.0001295839258131845
82 61 1.532316844617875e-05
11 62 -3.114796615921962e-05
17 62 -8.276506216376197e-06
20 62 1.571154083554928e-05
41 62 -7.908601156716877e-06
53 62 -3.258432665166757e-05
56 62 1.409439042438557e-05
59 62 1.452597610996909e-05
62 62 0.0001295839258131845
83 62 1.532316844617875e-05
12 63 -3.114796615921962e-05
18 63 -8.276506216376197e-06
21 63 1.571154083554928e-05
42 63 -7.908601156716877e-06
54 63 -3.258432665166757e-05
57 63 1.409439042438557e-05
60 63 1.452597610996909e-05
63 63 0.0001295839258131845
84 63 1.532316844617875e-05
1 64 -7.29068817567655e-06
34 64 -2.985542465090495e-05
37 64 1.322689610292072e-05
64 64 0.0001090410414513042
67 64 -2.993222776259914e-05
70 64 1.320778135342962e-05
232 64 -6.348792464193668e-06
235 64 1.055732877017932e-05
238 64 1.053670993818102e-05
2 65 -7.29068817567655e-06
35 65 -2.985542465090495e-05
38 65 1.322689610292072e-05
65 65 0.0001090410414513042
68 65 -2.993222776259914e-05
71 65 1.320778135342962e-05
233 65 -6.348792464193668e-06
236 65 1.055732877017932e-05
239 65 1.053670993818102e-05
3 66 -7.29068817567655e-06
36 66 -2.985542465090495e-05
39 66 1.322689610292072e-05
66 66 0.0001090410414513042
69 66 -2.993222776259914e-05
72 66 1.320778135342962e-05
234 66 -6.348792464193668e-06
237 66 1.055732877017932e-05
240 66 1.053670993818102e-05
1 67 8.202543315661504e-06
28 67 -8.283621332394521e-06
31 67 9.301202346493634e-06
34 67 1.334833627936757e-05
37 67 -7.588781127355626e-06
64 67 -2.993222776259914e-05
67 67 8.555202578203955e-05
70 67 -1.75050478601356e-05
73 67 -2.391381318032829e-05
232 67 9.503039829296176e-06
235 67 -6.162213003503192e-06
238 67 -2.090826970225862e-05
2 68 8.202543315661504e-06
29 68 -8.283621332394521e-06
32 68 9.301202346493634e-06
35 68 1.334833627936757e-05
38 68 -7.588781127355626e-06
65 68 -2.993222776259914e-05
68 68 8.555202578203955e-05
71 68 -1.75050478601356e-05
74 68 -2.391381318032829e-05
233 68 9.503039829296176e-06
236 68 -6.162213003503192e-06
239 68 -2.090826970225862e-05
3 69 8.202543315661504e-06
30 69 -8.283621332394521e-06
33 69 9.301202346493634e-06
36 69 1.334833627936757e-05
39 69 -7.588781127355626e-06
66 69 -2.993222776259914e-05
69 69 8.555202578203955e-05
72 69 -1.75050478601356e-05
75 69 -2.391381318032829e-05
234 69 9.503039829296176e-06
237 69 -6.162213003503192e-06
240 69 -2.090826970225862e-05
1 70 -1.636873426142708e-05
28 70 1.507127216067586e-05
31 70 -7.948313932045796e-06
34 70 -7.579223752610092e-06
37 70 1.38039672567878e-05
64 70 1.320778135342962e-05
67 70 -1.75050478601356e-05
70 70 5.637878214675282e-05
73 70 1.43977465694316e-05
2 71 -1.636873426142708e-05
29 71 1.507127216067586e-05
32 71 -7.948313932045796e-06
35 71 -7.579223752610092e-06
38 71 1.38039672567878e-05
65 71 1.320778135342962e-05
68 71 -1.75050478601356e-05
71 71 5.637878214675282e-05
74 71 1.43977465694316e-05
3 72 -1.636873426142708e-05
30 72 1.507127216067586e-05
33 72 -7.948313932045796e-06
36 72 -7.579223752610092e-06
39 72 1.38039672567878e-05
66 72 1.320778135342962e-05
69 72 -1.75050478601356e-05
72 72 5.637878214675282e-05
75 72 1.43977465694316e-05
1 73 -7.946858536772378e-06
28 73 1.506836137012906e-05
31 73 -2.226867389069938e-05
67 73 -2.391381318032829e-05
70 73 1.43977465694316e-05
73 73 9.652680568485945e-05
2 74 -7.946858536772378e-06
29 74 1.506836137012906e-05
32 74 -2.226867389069938e-05
68 74 -2.391381318032829e-05
71 74 1.43977465694316e-05
74 74 9.652680568485945e-05
3 75 -7.946858536772378e-06
30 75 1.506836137012906e-05
33 75 -2.226867389069938e-05
69 75 -2.391381318032829e-05
72 75 1.43977465694316e-05
75 75 9.652680568485945e-05
16 76 1.324729256168454e-05
22 76 8.417061659980614e-06
25 76 -8.632045565412041e-06
52 76 1.331483872225884e-05
76 76 0.0001266468385770601
79 76 -3.106227153185595e-05
82 76 -8.152326393630489e-06
85 76 -3.265406826159222e-05
154 76 -1.834874921798817e-05
175 76 1.324729288942369e-05
178 76 -3.265406850692149e-05
181 76 -8.632045565412041e-06
217 76   8.094137525064e-06
226 76 -7.208354458560052e-06
304 76 -1.587509017857016e-05
349 76 1.331483870775585e-05
352 76 -7.208354458560052e-06
355 76 -3.106227281574133e-05
358 76 -8.152326393630489e-06
17 77 1.324729256168454e-05
23 77 8.417061659980614e-06
26 77 -8.632045565412041e-06
53 77 1.331483872225884e-05
77 77 0.0001266468385770601
80 77 -3.106227153185595e-05
83 77 -8.152326393630489e-06
86 77 -3.265406826159222e-05
155 77 -1.834874921798817e-05
176 77 1.324729288942369e-05
179 77 -3.265406850692149e-05
182 77 -8.632045565412041e-06
218 77   8.094137525064e-06
227 77 -7.208354458560052e-06
305 77 -1.587509017857016e-05
350 77 1.331483870775585e-05
353 77 -7.208354458560052e-06
356 77 -3.106227281574133e-05
359 77 -8.152326393630489e-06
18 78 1.324729256168454e-05
24 78 8.417061659980614e-06
27 78 -8.632045565412041e-06
54 78 1.331483872225884e-05
78 78 0.0001266468385770601
81 78 -3.106227153185596e-05
84 78 -8.152326393630489e-06
87 78 -3.265406826159222e-05
156 78 -1.834874921798817e-05
177 78 1.324729288942369e-05
180 78 -3.265406850692149e-05
183 78 -8.632045565412041e-06
219 78   8.094137525064e-06
228 78 -7.208354458560052e-06
306 78 -1.587509017857016e-05
351 78 1.331483870775585e-05
354 78 -7.208354458560052e-06
357 78 -3.106227281574133e-05
360 78 -8.152326393630489e-06
16 79 -8.011966631475909e-06
52 79 -3.162716696695935e-05
76 79 -3.106227153185595e-05
79 79 0.0001236081417617161
82 79 1.483335854246131e-05
85 79 1.495702021556148e-05
217 79 -7.427748010602039e-06
226 79 1.300631096338235e-05
304 79 1.319528842343116e-05
17 80 -8.011966631475909e-06
53 80 -3.162716696695935e-05
77 80 -3.106227153185595e-05
80 80 0.0001236081417617161
83 80 1.483335854246131e-05
86 80 1.495702021556148e-05
218 80 -7.427748010602039e-06
227 80 1.300631096338235e-05
305 80 1.319528842343116e-05
18 81 -8.011966631475909e-06
54 81 -3.162716696695935e-05
78 81 -3.106227153185595e-05
81 81 0.0001236081417617161
84 81 1.483335854246131e-05
87 81 1.495702021556148e-05
219 81 -7.427748010602039e-06
228 81 1.300631096338235e-05
306 81 1.319528842343116e-05
10 82 -8.296632600402283e-06
16 82 -1.728222138811634e-05
19 82 1.575179360360139e-05
52 82 -1.804011405015166e-05
61 82 1.532316844617875e-05
76 82 -8.152326393630489e-06
79 82 1.483335854246131e-05
82 82 6.102699209143255e-05
85 82 1.523773973987059e-05
11 83 -8.296632600402283e-06
17 83 -1.728222138811634e-05
20 83 1.575179360360139e-05
53 83 -1.804011405015166e-05
62 83 1.532316844617875e-05
77 83 -8.152326393630489e-06
80 83 1.483335854246131e-05
83 83 6.102699209143255e-05
86 83 1.523773973987059e-05
12 84 -8.296632600402283e-06
18 84 -1.728222138811634e-05
21 84 1.575179360360139e-05
54 84 -1.804011405015166e-05
63 84 1.532316844617875e-05
78 84 -8.152326393630489e-06
81 84 1.483335854246131e-05
84 84 6.102699209143255e-05
87 84 1.523773973987059e-05
16 85 -3.184927391800307e-05
22 85 -8.517289481589898e-06
25 85 1.617796729815156e-05
52 85 -8.214157230180637e-06
76 85 -3.265406826159222e-05
79 85 1.495702021556148e-05
82 85 1.523773973987059e-05
85 85 0.0001340036529641222
154 85 1.600342683285168e-05
17 86 -3.184927391800307e-05
23 86 -8.517289481589898e-06
26 86 1.617796729815156e-05
53 86 -8.214157230180637e-06
77 86 -3.265406826159222e-05
80 86 1.495702021556148e-05
83 86 1.523773973987059e-05
86 86 0.0001340036529641222
155 86 1.600342683285168e-05
18 87 -3.184927391800307e-05
24 87 -8.517289481589898e-06
27 87 1.617796729815156e-05
54 87 -8.214157230180637e-06
78 87 -3.265406826159222e-05
81 87 1.495702021556148e-05
84 87 1.523773973987059e-05
87 87 0.0001340036529641222
156 87 1.600342683285168e-05
88 88  0.07303696424849965
89 88 -0.002156580445739572
90 88 0.009588553647131114
91 88 -0.02496065830038983
92 88 0.0005448939133117296
93 88 -0.004443367852917457
94 88  0.02095252749751957
95 88 -0.004910903592623546
96 88 0.005557455540606456
97 88 0.008706746815778391
98 88 0.001740646315651527
99 88 0.003055713150842046
100 88   0.0118843663177371
101 88 0.002464192802195503
102 88 0.006322218262885087
106 88 0.003268490266915331
107 88 -0.0006817339177444602
109 88 -0.00555984023094686
110 88 0.002430218566884791
111 88 -0.0007706721624888037
112 88  -0.0100067265623449
113 88 0.0004324263536312829
114 88 0.0006343975355033165
115 88 0.0007695618980054332
116 88 0.0001368400044327288
117 88 0.0001362746269854859
88 89 -0.002156580445739572
89 89  0.09553469818070004
90 89 -0.01408920800087741
91 89 0.0003632626088744888
92 89 -0.03312910830646977
93 89  0.00418421821368866
94 89 -0.00472447432479197
95 89  0.02095252749751957
96 89 0.004770338988366487
97 89 0.002610969473477289
98 89 0.004355131026649535
99 89 0.004141328114048107
100 89 0.002361655350043525
101 89  0.03072798475167266
102 89 -0.008904001783068154
106 89 -0.0004544892784963068
107 89  0.01143971593420366
108 89 -0.002814000988419026
109 89 0.002338080639433584
110 89 -0.01843738110592288
111 89 0.004196068332599157
112 89 -0.0004296506924228599
113 89 -0.03411892226437623
114 89 0.009983679221911677
115 89 9.122666962181924e-05
116 89 0.0007667862367970083
117 89 -0.00138239927585714
88 90 0.009588553647131114
89 90 -0.01408920800087741
90 90   0.2015673984439712
91 90 -0.00296224523527828
92 90 0.005209576637090322
93 90 -0.07919385404528467
94 90 0.001158542734702603
95 90 0.0005511712409925814
96 90  0.07333384624131825
97 90 0.004583569726263084
98 90 0.0002144577836636956
99 90  0.03482522964435321
100 90 0.001018627626213019
101 90 -0.006803670047959624
102 90  0.05431590617172155
107 90 -0.004221001482628542
108 90 0.003268490266915331
109 90 -0.001156008243733201
110 90 0.006294102498898753
111 90 -0.005332715852637712
112 90 0.001065158492409545
113 90  0.01389861644060197
114 90 -0.01216053134687598
115 90 9.084975132365693e-05
116 90 -0.000996696521520134
117 90 0.002696242304227434
88 91 -0.02496065830038983
89 91 0.0003632626088744888
90 91 -0.00296224523527828
91 91  0.02691172027714095
92 91 -0.0003687438025454187
94 91 -0.04538395661034318
95 91 0.001084000291066795
96 91 0.002458972438969196
97 91 -0.01506288093091522
98 91 -0.0003678045600386083
99 91 -0.002413979455677877
100 91 -0.03672918466203764
101 91 0.0004331966128225636
102 91 0.003720303157572117
106 91 -0.001617451772583226
107 91 0.0002127106117521927
109 91 0.004237209864474558
110 91 -0.001360996872423098
111 91 0.0005038017618286619
112 91 0.003720783903219927
113 91 0.0004534039007879535
114 91 -0.0004534039007879535
115 91 -0.0006668306483131108
116 91 4.213424380219721e-05
187 91 -9.91360666264887e-05
188 91 -2.882032870099973e-05
190 91 0.004290435761979384
191 91 -0.0001595551851515655
193 91  0.00328675211136646
194 91 -0.0004608415428019676
196 91 -0.00163072077106454
197 91 0.000145203001808288
241 91  0.01661869720845348
242 91 -0.001562833691740759
243 91 -0.006111946225742151
244 91 -0.007021205136509576
245 91 0.0003647888618410589
246 91 0.002784650790847745
250 91  0.01681186056914692
251 91 -8.405080336396889e-06
252 91 -0.006182186589907344
256 91 -0.0006511038272364605
257 91 1.473366791508405e-05
258 91 -0.0007580579222938367
274 91 0.0001526489205817211
275 91 -8.617944125724086e-05
276 91 -5.039786104070839e-05
331 91 0.0001323883993228283
332 91 -1.816525551051449e-08
333 91 -5.671972016855876e-05
338 91 0.001586573518940594
339 91 -0.0009094389055629911
341 91 -0.0003681881856450955
342 91 0.0002244189595436825
343 91 -0.0001687415875938308
344 91 7.381331199231892e-05
345 91 -4.49929832913192e-05
346 91 3.635318827100252e-05
347 91 -1.43377570687489e-06
88 92 0.0005448939133117296
89 92 -0.03312910830646977
90 92 0.005209576637090322
91 92 -0.0003687438025454187
92 92  0.03006438896871678
93 92 -0.003914464974988071
94 92 0.001029170660743369
95 92 -0.04410157418018675
96 92  0.00264221311945529
97 92 -0.0005517068400579139
98 92 -0.02327976120933144
99 92  0.00296568629573579
100 92 0.000490297218728054
101 92 -0.03545171131718586
102 92 0.006439524890791713
106 92 0.0001418070745014619
107 92 -0.005661081204041312
108 92 0.001475644698081764
109 92 -0.001285167832272025
110 92  0.01483023452566096
111 92 -0.003682545744425171
112 92 0.0006801058511819279
113 92  0.01188923390929986
114 92 -0.003947485853613891
115 92 5.608830755741407e-05
116 92 -0.0008224135593206892
117 92 0.0007702471430953955
187 92 -4.323049305149965e-05
188 92 -0.0003469762331927093
189 92 -0.0005517068400579139
190 92 -0.0002393327777273442
191 92  0.01501652516692787
192 92 -0.005452679432192575
193 92 -0.0006912623142029542
194 92  0.01150363238978268
195 92 -0.004238865852846756
196 92 0.0002178045027124319
197 92 -0.005707522698725901
198 92 0.002228276653884385
241 92 -0.001546107445402253
242 92 0.004748199202415274
243 92 0.0008550121044050418
244 92 0.0003601523554289281
245 92 -0.00200605861043131
246 92 -0.0002105276055627992
250 92 -5.603386890931476e-06
251 92 0.004803388734041989
256 92 1.577726525697372e-05
257 92 -0.0002987029518463504
258 92 4.186219126565001e-05
274 92 -8.545177252744298e-05
275 92 0.0001562872642307104
276 92 5.039786104070837e-05
331 92 -1.21101703403553e-08
332 92 3.782525694937952e-05
337 92 0.001574712952588339
339 92 -0.0008760653095237942
340 92 -0.0003652664788479081
342 92 0.0002156538391521195
343 92 7.322581524571245e-05
344 92 -0.0001650614158978885
345 92 -4.323049305149965e-05
346 92 -2.150663560312332e-06
347 92 0.000127236158948509
348 92 -5.237911884619155e-05
88 93 -0.004443367852917457
89 93  0.00418421821368866
90 93 -0.07919385404528467
92 93 -0.003914464974988071
93 93  0.06103485028739876
94 93 0.003650964505710994
95 93 0.003927294268306727
96 93 -0.09407963547328069
97 93 -0.003620969183516781
98 93 0.003988773743555388
99 93  -0.0445032029797871
100 93 0.004948739801113346
101 93 0.005153987641344993
102 93 -0.06454188062877324
107 93 0.002213467047122649
108 93 -0.001617451772583226
109 93 0.0007137044252090671
110 93 -0.005481820399103835
111 93 0.004237209864474558
112 93 -0.000680105851181928
113 93 -0.005354473904435905
114 93 0.004854293655189804
116 93 0.0005886158386581504
117 93 -0.001716343965215147
188 93 -0.0003678045600386082
189 93 -9.91360666264887e-05
191 93 -0.003635119621461724
192 93 0.004290435761979384
194 93 -0.002825910568564486
195 93  0.00328675211136646
197 93 0.001485517769256252
198 93 -0.00163072077106454
241 93 -0.004074630817161435
242 93 0.0005700080696033616
243 93 0.004748199202415274
244 93 0.001856433860565181
245 93 -0.0001403517370418662
246 93 -0.00200605861043131
250 93 -0.004121457726604909
252 93 0.004803388734041989
256 93 -0.0005053719481958889
257 93 2.790812751043339e-05
258 93 -0.0002110681731295138
274 93 -3.35985740271389e-05
275 93 3.35985740271389e-05
276 93 6.865248551387366e-05
331 93 -3.781314677903916e-05
333 93 3.782525694937952e-05
337 93 -0.0006062926037086613
338 93 -0.0005840435396825309
340 93 0.0001496126396957886
341 93 0.0001437692261014131
343 93 -2.999532219421282e-05
344 93 -2.882032870099973e-05
345 93 -7.417844522038204e-05
347 93 -3.491941256412767e-05
348 93 3.635318827100252e-05
88 94  0.02095252749751957
89 94 -0.00472447432479197
90 94 0.001158542734702604
91 94 -0.04538395661034318
92 94 0.001029170660743369
93 94 0.003650964505710994
94 94   0.1434056552814377
95 94 -0.005912827117339941
96 94 -0.01357051805715626
97 94  0.01430563997276376
98 94 0.002368015334137612
99 94 -0.001635007492367762
100 94  0.03661846438090136
101 94 0.002772924729524215
102 94 -0.007693673553748489
187 94 6.078601209358675e-07
188 94 0.0002785336071686175
189 94 -0.000290707858770299
190 94 -0.01380336265582136
191 94  0.00314676343445027
192 94 -0.001735444668199793
193 94 -0.005613615469326938
194 94 0.002371638725935481
195 94 -0.001167704395067113
196 94 0.004289827901858456
197 94 -0.001311224174248106
198 94 0.0007258185418159647
241 94 -0.02249376383986308
242 94 0.003314246711355175
243 94 0.007556770672200641
244 94  0.01662730515132513
245 94 -0.001567496870787063
246 94 -0.006204415837563744
250 94 -0.05415629590282606
251 94 0.003343578784096966
252 94  0.01912840736301178
256 94 0.0001845554178217627
257 94 0.000349513178607072
258 94 0.001957619702075547
331 94 -0.0005332742230472442
332 94 6.820588170132856e-08
333 94 0.0002322411342122609
337 94 -0.000271135865795949
338 94 -0.006679866277367849
339 94 0.003978227917561434
340 94 7.068934912285668e-05
341 94 0.001572384370962937
342 94 -0.0009921951785529315
343 94 0.0006467868641866555
344 94 -0.0003564156350038097
345 94 0.0002226658091990908
346 94 -0.0001509562806338256
347 94 5.466656675283209e-06
348 94 -2.502166531466848e-07
88 95 -0.004910903592623546
89 95  0.02095252749751957
90 95 0.0005511712409925814
91 95 0.001084000291066795
92 95 -0.04410157418018675
93 95 0.003927294268306727
94 95 -0.005912827117339941
95 95   0.1411086412418997
96 95 -0.01470355487886074
97 95 0.002465418654770167
98 95  0.03234275186833201
99 95 -0.006879604970866906
100 95 0.002533086183633989
101 95   0.0146812591049295
102 95 -0.00243364088807097
187 95 0.0003017803135946054
188 95 2.12751042327515e-06
189 95 0.001602202434088225
190 95 0.003390032503657772
191 95  -0.0493720098230911
192 95  0.01720920433933966
193 95 0.002468254540775082
194 95 -0.01860260517249422
195 95 0.006335841982314512
196 95 -0.001391060464165576
197 95  0.01501439765650455
198 95 -0.00553918961155542
241 95 0.003286282153047845
242 95 -0.006886602172151695
243 95 -0.001723632653504182
244 95 -0.001553223626247501
245 95 0.004750658614664309
246 95 0.0009508602137879832
250 95 0.003313253129832866
251 95 -0.01500871328015897
252 95 -0.002096298522399587
256 95 0.0003433479808896251
257 95 5.273011937764647e-05
258 95 -0.0004258305927620159
331 95 4.547058780091529e-08
332 95 -0.0001570656807568674
333 95 -1.950879019720694e-09
337 95 -0.006632596455754255
338 95 -0.000271135865795949
339 95 0.003850252030722165
340 95  0.00156061171474606
341 95 7.068934912285668e-05
342 95 -0.0009582918219953237
343 95 -0.000353701665484733
344 95 0.0006327774659143819
345 95 0.0002152782693216785
346 95 8.199985012924855e-06
347 95 -0.0005131554246519284
348 95 0.000215446341077668
88 96 0.005557455540606457
89 96 0.004770338988366489
90 96  0.07333384624131825
91 96 0.002458972438969196
92 96  0.00264221311945529
93 96 -0.09407963547328069
94 96 -0.01357051805715626
95 96 -0.01470355487886074
96 96   0.2643846888262508
97 96 0.003312886499459591
98 96 -0.008989294808282694
99 96  0.05852001799268228
100 96 -0.009914209419970371
101 96 0.003162666458757413
102 96  0.06229546572678649
187 96 -0.0002039251387582404
188 96   0.0010731910031147
189 96 6.078601209358675e-07
190 96 -0.001273054354282051
191 96  0.01158889413504199
192 96 -0.01402040420273263
193 96 -0.0007784695967114103
194 96 0.004223894654876335
195 96 -0.005381382364849141
196 96 0.0005129520155173645
197 96 -0.003721866062010348
198 96 0.004289827901858456
241 96 0.005037847114800407
242 96 -0.001149088435669453
243 96 -0.006528970224892166
244 96 -0.00416632216794827
245 96 0.0006639517520977863
246 96 0.004750658614664309
250 96  0.01287288610002183
251 96 -0.001518146872947047
252 96 -0.01534988956781668
256 96 0.001310128642460987
257 96 -0.0002944211227858959
258 96 5.273011937764647e-05
331 96 0.0001603142684079546
332 96 -2.926318529579367e-09
333 96 -0.0001735213403586602
337 96 0.002768243187189817
338 96 0.002687449211828761
339 96 -0.0009489755302858212
340 96 -0.0006903279261310523
341 96 -0.0006689045318368316
342 96 0.0002474127219299982
343 96 0.0001530769267776545
344 96 0.0001487805407592286
345 96 0.0002086164403284991
346 96 -3.75324979720026e-07
347 96 0.0001489032604515548
348 96 -0.0001661478382002871
88 97 0.008706746815778391
89 97 0.002610969473477288
90 97 0.004583569726263084
91 97 -0.01506288093091522
92 97 -0.0005517068400579139
93 97 -0.003620969183516781
94 97  0.01430563997276376
95 97 0.002465418654770167
96 97 0.003312886499459592
97 97  0.04876340204560402
98 97 -0.002173208692872537
99 97  0.01153079547602253
187 97 -0.0001854844136265861
188 97 -0.000139224116589986
189 97 0.0002785639792766495
190 97 -0.006677705587740993
191 97 -0.002467722922014852
192 97  0.00168902841941227
193 97 -0.01005436334396415
194 97 -0.00043545651336008
195 97  0.00107481115327601
196 97 0.003747147843240562
197 97 0.0006909309566478998
198 97  -0.0006909309566479
88 98 0.001740646315651527
89 98 0.004355131026649535
90 98 0.0002144577836636956
91 98 -0.0003678045600386083
92 98 -0.02327976120933144
93 98 0.003988773743555389
94 98 0.002368015334137612
95 98  0.03234275186833201
96 98 -0.008989294808282693
97 98 -0.002173208692872537
98 98  0.07230167898061382
99 98 -0.01417347587107324
187 98 -9.28160777266579e-05
188 98 -0.0001849221488986373
189 98 0.001399860335480437
190 98 -0.002371471735004653
191 98 -0.01966669529090844
192 98 0.008996823803001175
193 98 0.0004360187780880285
194 98 -0.03428914668224622
195 98  0.01396551136219448
196 98 0.0004606206377652676
197 98  0.01196346585692874
198 98 -0.005390411445978181
88 99 0.003055713150842046
89 99 0.004141328114048107
90 99  0.03482522964435321
91 99 -0.002413979455677877
92 99  0.00296568629573579
93 99  -0.0445032029797871
94 99 -0.001635007492367762
95 99 -0.006879604970866906
96 99  0.05852001799268228
97 99  0.01153079547602253
98 99 -0.01417347587107324
99 99   0.1206462402410265
187 99 0.0001857093195177663
188 99 0.001010586955092507
189 99 -0.000649757712421002
190 99 0.001203429981100765
191 99 0.006884624300679193
192 99 -0.009105697779298497
193 99 0.0006391297340247497
194 99  0.01003647660688178
195 99 -0.01223277044022049
196 99 -0.0004606206377652676
197 99 -0.003977458162123199
198 99  0.00489869943765369
88 100   0.0118843663177371
89 100 0.002361655350043525
90 100 0.001018627626213019
91 100 -0.03672918466203764
92 100 0.000490297218728054
93 100 0.004948739801113346
94 100  0.03661846438090136
95 100 0.002533086183633989
96 100 -0.009914209419970371
100 100   0.1227651920005076
101 100 -0.005814929334559941
102 100 -0.02049653199990382
106 100 0.004240188707921164
107 100 -0.0002266099137967823
109 100 -0.01360743182411444
110 100  0.00330023164416289
111 100 -0.001244636294977756
112 100 -0.006603159729485895
113 100 -0.002337267765982766
114 100 0.001179594125524507
115 100   0.0015100798467828
116 100 -0.000270300342152454
117 100 -0.0001420737788651918
241 100 -0.05459852322730567
242 100 0.003265387383674908
243 100  0.02212314968337277
