%%MatrixMarket matrix coordinate real general
308 308 3468
1 1 0.007199999999999999
2 1              -0.0023
3 1 0.0001333333333333333
4 1 -0.0007666666666666666
5 1              -0.0023
6 1 -0.0007666666666666666
7 1 0.0001333333333333333
1 2              -0.0023
2 2  0.01659999999999999
3 2               0.0004
4 2 0.0001333333333333333
5 2 0.0002666666666666667
7 2              -0.0023
8 2              -0.0023
9 2 0.0002666666666666667
10 2              -0.0046
11 2              -0.0023
12 2 0.0001333333333333333
1 3 0.0001333333333333333
2 3               0.0004
3 3 0.009399999999999997
4 3 -0.001533333333333334
5 3              -0.0023
8 3 0.0001333333333333333
9 3              -0.0023
10 3 0.0002666666666666666
13 3 -0.001533333333333334
1 4 -0.0007666666666666666
2 4 0.0001333333333333333
3 4 -0.001533333333333334
4 4 0.003599999999999999
8 4 -0.0007666666666666665
1 5              -0.0023
2 5 0.0002666666666666667
3 5              -0.0023
5 5               0.0166
6 5 0.0001333333333333333
7 5               0.0004
10 5 -0.004599999999999999
13 5 0.0001333333333333333
14 5              -0.0023
15 5              -0.0023
16 5 0.0002666666666666666
1 6 -0.0007666666666666666
5 6 0.0001333333333333333
6 6               0.0072
7 6              -0.0023
15 6 -0.002300000000000001
17 6 -0.0007666666666666664
18 6 0.0001333333333333334
1 7 0.0001333333333333333
2 7              -0.0023
5 7               0.0004
6 7              -0.0023
7 7  0.01659999999999999
10 7 0.0002666666666666667
12 7              -0.0023
15 7 0.0002666666666666667
16 7 -0.004600000000000001
18 7 -0.002299999999999999
19 7 0.0001333333333333334
2 8              -0.0023
3 8 0.0001333333333333333
4 8 -0.0007666666666666665
8 8 0.007199999999999998
9 8              -0.0023
11 8 0.0001333333333333333
20 8 -0.0007666666666666665
2 9 0.0002666666666666667
3 9              -0.0023
8 9              -0.0023
9 9               0.1816
10 9 -0.004599999999999999
11 9               0.0004
13 9 0.0001333333333333333
20 9 0.0001333333333333333
21 9              -0.0023
22 9 0.0002666666666666666
23 9  -0.1672999999999999
2 10              -0.0046
3 10 0.0002666666666666666
5 10 -0.004599999999999999
7 10 0.0002666666666666667
9 10 -0.004599999999999999
10 10               0.1982
11 10 0.0002666666666666667
12 10               0.0004
13 10               0.0004
14 10 0.0002666666666666667
16 10 -0.004599999999999999
21 10 0.0002666666666666667
22 10              -0.1696
24 10              -0.0046
25 10 0.0002666666666666666
2 11              -0.0023
8 11 0.0001333333333333333
9 11               0.0004
10 11 0.0002666666666666667
11 11               1.0066
12 11  -0.1672999999999999
20 11  -0.1672999999999999
22 11  -0.4171000000000001
23 11 0.0002666666666666667
26 11  -0.2497999999999999
27 11 0.0001333333333333334
2 12 0.0001333333333333333
7 12              -0.0023
10 12               0.0004
11 12  -0.1672999999999999
12 12               1.0066
16 12 0.0002666666666666667
19 12  -0.1672999999999999
22 12 0.0002666666666666667
25 12  -0.4171000000000001
27 12  -0.2497999999999999
28 12 0.0001333333333333334
3 13 -0.001533333333333334
5 13 0.0001333333333333333
9 13 0.0001333333333333333
10 13               0.0004
13 13 0.009399999999999997
14 13              -0.0023
21 13              -0.0023
24 13 0.0002666666666666667
29 13 -0.001533333333333333
5 14              -0.0023
10 14 0.0002666666666666667
13 14              -0.0023
14 14               0.0166
15 14 0.0001333333333333333
16 14               0.0004
24 14 -0.004600000000000001
29 14 0.0001333333333333334
30 14 -0.002299999999999999
31 14              -0.0023
32 14 0.0002666666666666667
5 15              -0.0023
6 15 -0.002300000000000001
7 15 0.0002666666666666667
14 15 0.0001333333333333333
15 15               0.0166
16 15              -0.0046
17 15 0.0001333333333333334
18 15 0.0004000000000000001
31 15 -0.002300000000000001
33 15 -0.002299999999999999
34 15 0.0002666666666666667
5 16 0.0002666666666666666
7 16 -0.004600000000000001
10 16 -0.004599999999999999
12 16 0.0002666666666666667
14 16               0.0004
15 16              -0.0046
16 16               0.1982
18 16 0.0002666666666666668
19 16 0.0004000000000000001
24 16 0.0002666666666666667
25 16              -0.1696
31 16 0.0002666666666666667
32 16 -0.004600000000000001
34 16 -0.004599999999999998
35 16 0.0002666666666666667
6 17 -0.0007666666666666664
15 17 0.0001333333333333334
17 17 0.007199999999999999
18 17              -0.0023
33 17              -0.0023
36 17 -0.0007666666666666665
37 17 0.0001333333333333333
6 18 0.0001333333333333334
7 18 -0.002299999999999999
15 18 0.0004000000000000001
16 18 0.0002666666666666668
17 18              -0.0023
18 18               0.0166
19 18              -0.0023
33 18 0.0002666666666666667
34 18 -0.004600000000000001
37 18 -0.002299999999999999
38 18 0.0001333333333333333
7 19 0.0001333333333333334
12 19  -0.1672999999999999
16 19 0.0004000000000000001
18 19              -0.0023
19 19               1.0066
25 19 0.0002666666666666668
28 19  -0.2497999999999999
34 19 0.0002666666666666667
35 19  -0.4171000000000001
38 19  -0.1672999999999999
39 19 0.0001333333333333333
8 20 -0.0007666666666666665
9 20 0.0001333333333333333
11 20  -0.1672999999999999
20 20   0.5022000000000001
23 20  -0.2498000000000001
26 20 0.0001333333333333334
40 20 -0.08326666666666663
9 21              -0.0023
10 21 0.0002666666666666667
13 21              -0.0023
21 21               0.1816
22 21               0.0004
23 21 0.0001333333333333333
24 21 -0.004600000000000001
29 21 0.0001333333333333334
41 21 -0.002299999999999999
42 21 0.0002666666666666667
43 21  -0.1672999999999999
9 22 0.0002666666666666666
10 22              -0.1696
11 22  -0.4171000000000001
12 22 0.0002666666666666667
21 22               0.0004
22 22    2.343200000000001
23 22  -0.4170999999999999
24 22 0.0002666666666666667
25 22  -0.4170999999999999
26 22 0.0002666666666666667
27 22 0.0004000000000000001
42 22  -0.4171000000000001
43 22 0.0002666666666666667
44 22  -0.4995999999999997
45 22 0.0002666666666666667
9 23  -0.1672999999999999
11 23 0.0002666666666666667
20 23  -0.2498000000000001
21 23 0.0001333333333333333
22 23  -0.4170999999999999
23 23               1.3366
26 23 0.0004000000000000001
40 23 0.0001333333333333334
43 23  -0.2498000000000001
44 23 0.0002666666666666667
46 23  -0.2497999999999999
10 24              -0.0046
13 24 0.0002666666666666667
14 24 -0.004600000000000001
16 24 0.0002666666666666667
21 24 -0.004600000000000001
22 24 0.0002666666666666667
24 24               0.1982
25 24               0.0004
29 24 0.0004000000000000002
30 24 0.0002666666666666668
32 24 -0.004600000000000001
41 24 0.0002666666666666668
42 24              -0.1696
47 24 -0.004599999999999998
48 24 0.0002666666666666667
10 25 0.0002666666666666666
12 25  -0.4171000000000001
16 25              -0.1696
19 25 0.0002666666666666668
22 25  -0.4170999999999999
24 25               0.0004
25 25    2.343200000000001
27 25 0.0002666666666666668
28 25 0.0004000000000000002
32 25 0.0002666666666666667
35 25  -0.4170999999999999
42 25 0.0002666666666666667
45 25  -0.4995999999999998
48 25  -0.4171000000000001
49 25 0.0002666666666666668
11 26  -0.2497999999999999
20 26 0.0001333333333333334
22 26 0.0002666666666666667
23 26 0.0004000000000000001
26 26    1.332824494973371
27 26  -0.2487544450856397
40 26  -0.2487808000648892
44 26  -0.4146926770459256
46 26 0.0003473475857647655
226 26  -0.1609292867405295
227 26 0.004103761395066009
11 27 0.0001333333333333334
12 27  -0.2497999999999999
22 27 0.0004000000000000001
25 27 0.0002666666666666668
26 27  -0.2487544450856397
27 27    1.334795179470541
28 27  -0.2487052081151087
44 27 0.0003516162954837469
45 27  -0.4137844398392578
227 27   -0.154474197143727
228 27 0.007600260571579716
12 28 0.0001333333333333334
19 28  -0.2497999999999999
25 28 0.0004000000000000002
27 28  -0.2487052081151087
28 28    1.334516240589389
35 28 0.0002666666666666667
39 28  -0.2486247240127515
45 28 0.0003613036311927751
49 28  -0.4134820857400335
228 28  -0.1540034398984386
229 28 0.007785253992904349
13 29 -0.001533333333333333
14 29 0.0001333333333333334
21 29 0.0001333333333333334
24 29 0.0004000000000000002
29 29 0.009400000000000002
30 29 -0.002300000000000001
41 29 -0.002300000000000001
47 29 0.0002666666666666668
54 29 -0.001533333333333334
14 30 -0.002299999999999999
24 30 0.0002666666666666668
29 30 -0.002300000000000001
30 30               0.0166
31 30 0.0001333333333333334
32 30 0.0004000000000000002
47 30 -0.004600000000000003
54 30 0.0001333333333333334
55 30 -0.002300000000000001
56 30 -0.002300000000000001
57 30 0.0002666666666666668
14 31              -0.0023
15 31 -0.002300000000000001
16 31 0.0002666666666666667
30 31 0.0001333333333333334
31 31               0.0166
32 31 -0.004600000000000002
33 31 0.0001333333333333334
34 31 0.0004000000000000001
56 31 -0.002299999999999999
58 31 -0.002299999999999999
59 31 0.0002666666666666668
14 32 0.0002666666666666667
16 32 -0.004600000000000001
24 32 -0.004600000000000001
25 32 0.0002666666666666667
30 32 0.0004000000000000002
31 32 -0.004600000000000002
32 32               0.1982
34 32 0.0002666666666666668
35 32 0.0004000000000000001
47 32 0.0002666666666666668
48 32              -0.1696
56 32 0.0002666666666666668
57 32 -0.004599999999999998
59 32 -0.004599999999999998
60 32 0.0002666666666666668
15 33 -0.002299999999999999
17 33              -0.0023
18 33 0.0002666666666666667
31 33 0.0001333333333333334
33 33  0.01659999999999999
34 33              -0.0046
36 33 0.0001333333333333333
37 33 0.0003999999999999999
58 33              -0.0023
61 33              -0.0023
62 33 0.0002666666666666666
15 34 0.0002666666666666667
16 34 -0.004599999999999998
18 34 -0.004600000000000001
19 34 0.0002666666666666667
31 34 0.0004000000000000001
32 34 0.0002666666666666668
33 34              -0.0046
34 34   0.1981999999999999
35 34  -0.1695999999999999
37 34 0.0002666666666666666
38 34 0.0003999999999999999
58 34 0.0002666666666666667
59 34 -0.004600000000000001
62 34 -0.004599999999999998
63 34 0.0002666666666666666
16 35 0.0002666666666666667
19 35  -0.4171000000000001
25 35  -0.4170999999999999
28 35 0.0002666666666666667
32 35 0.0004000000000000001
34 35  -0.1695999999999999
35 35    2.343200000000001
38 35 0.0002666666666666666
39 35 0.0004000000000000001
48 35 0.0002666666666666668
49 35  -0.4995999999999997
59 35 0.0002666666666666667
60 35  -0.4171000000000001
63 35  -0.4170999999999999
64 35 0.0002666666666666667
17 36 -0.0007666666666666665
33 36 0.0001333333333333333
36 36 0.007199999999999997
37 36 -0.002299999999999999
61 36              -0.0023
65 36 -0.0007666666666666665
66 36 0.0001333333333333333
17 37 0.0001333333333333333
18 37 -0.002299999999999999
33 37 0.0003999999999999999
34 37 0.0002666666666666666
36 37 -0.002299999999999999
37 37  0.01659999999999999
38 37 -0.002299999999999999
61 37 0.0002666666666666666
62 37 -0.004599999999999999
66 37 -0.002299999999999999
67 37 0.0001333333333333333
18 38 0.0001333333333333333
19 38  -0.1672999999999999
34 38 0.0003999999999999999
35 38 0.0002666666666666666
37 38 -0.002299999999999999
38 38               1.0066
39 38  -0.2497999999999998
62 38 0.0002666666666666666
63 38  -0.4170999999999999
67 38  -0.1672999999999999
68 38 0.0001333333333333333
19 39 0.0001333333333333333
28 39  -0.2486247240127515
35 39 0.0004000000000000001
38 39  -0.2497999999999998
39 39    1.331747920207869
49 39 0.000377452887980419
63 39 0.0002666666666666667
64 39  -0.4139307217938973
68 39  -0.2485004632585352
229 39   -0.159922761493137
232 39 0.004616158431717386
20 40 -0.08326666666666663
23 40 0.0001333333333333334
26 40  -0.2487808000648892
40 40   0.5037860812878986
46 40  -0.1649860082967311
226 40 0.007463270665071202
233 40 0.008876232521478424
21 41 -0.002299999999999999
24 41 0.0002666666666666668
29 41 -0.002300000000000001
41 41   0.1816000000000001
42 41 0.0004000000000000002
43 41 0.0001333333333333334
47 41 -0.004600000000000003
54 41 0.0001333333333333334
71 41 -0.002300000000000001
72 41 0.0002666666666666668
73 41  -0.1673000000000001
21 42 0.0002666666666666667
22 42  -0.4171000000000001
24 42              -0.1696
25 42 0.0002666666666666667
41 42 0.0004000000000000002
42 42    2.343200000000001
43 42              -0.4171
44 42 0.0002666666666666667
45 42 0.0004000000000000001
47 42 0.0002666666666666668
48 42              -0.4171
72 42  -0.4170999999999999
73 42 0.0002666666666666668
74 42  -0.4995999999999998
75 42 0.0002666666666666668
21 43  -0.1672999999999999
22 43 0.0002666666666666667
23 43  -0.2498000000000001
41 43 0.0001333333333333334
42 43              -0.4171
43 43               1.3366
44 43 0.0004000000000000001
46 43 0.0001333333333333334
73 43  -0.2497999999999999
74 43 0.0002666666666666668
76 43  -0.2497999999999999
22 44  -0.4995999999999997
23 44 0.0002666666666666667
26 44  -0.4146926770459256
27 44 0.0003516162954837469
42 44 0.0002666666666666667
43 44 0.0004000000000000001
44 44    2.343260193683232
45 44  -0.4161723104690214
46 44  -0.4162440331290437
74 44  -0.4170999990688045
76 44 0.0002666666666666667
77 44  -0.1634786994101141
226 44 0.008396400305250717
227 44  0.01297322888286152
237 44 0.003235422106448564
22 45 0.0002666666666666667
25 45  -0.4995999999999998
27 45  -0.4137844398392578
28 45 0.0003613036311927751
42 45 0.0004000000000000001
44 45  -0.4161723104690214
45 45    2.345809090352971
48 45 0.0002666666666666668
49 45  -0.4157289104484246
74 45 0.0002666666818909107
75 45  -0.4170778693915637
227 45  0.01334188925317171
228 45  0.02006259462856709
237 45  -0.1608379293815814
238 45 0.007467491291089225
23 46  -0.2497999999999999
26 46 0.0003473475857647655
40 46  -0.1649860082967311
43 46 0.0001333333333333334
44 46  -0.4162440331290437
46 46    1.008642612669476
76 46              -0.1673
77 46 0.002251195257567378
80 46 0.002654510135767222
226 46  0.01441192927282511
233 46  0.01077715806266769
24 47 -0.004599999999999998
29 47 0.0002666666666666668
30 47 -0.004600000000000003
32 47 0.0002666666666666668
41 47 -0.004600000000000003
42 47 0.0002666666666666668
47 47   0.1982000000000001
48 47 0.0004000000000000002
54 47 0.0004000000000000001
55 47 0.0002666666666666667
57 47 -0.004600000000000003
71 47 0.0002666666666666668
72 47  -0.1696000000000001
81 47 -0.004600000000000002
82 47 0.0002666666666666668
24 48 0.0002666666666666667
25 48  -0.4171000000000001
32 48              -0.1696
35 48 0.0002666666666666668
42 48              -0.4171
45 48 0.0002666666666666668
47 48 0.0004000000000000002
48 48    2.343200000000001
49 48 0.0004000000000000002
57 48 0.0002666666666666668
60 48              -0.4171
72 48 0.0002666666666666668
75 48  -0.4995999999999999
82 48              -0.4171
83 48 0.0002666666666666669
25 49 0.0002666666666666668
28 49  -0.4134820857400335
35 49  -0.4995999999999997
39 49 0.000377452887980419
45 49  -0.4157289104484246
48 49 0.0004000000000000002
49 49    2.347676925719145
60 49 0.0002666666666666667
64 49  -0.4155223122488297
75 49 0.000267209384434421
83 49  -0.4168304153570982
228 49  0.01754671324330309
229 49  0.01952300553056809
238 49  -0.1553569114682089
241 49 0.008567494180294025
50 50    8524379.016537108
51 50    1236571.864481424
70 50    1223847.114865432
85 50    1999918.967229987
86 50    1333332.276053319
217 50    67624.69728852017
221 50    60938.97302815113
222 50    164803.0284922243
224 50    212835.2251660395
236 50    2502697.029281143
239 50    1767308.721916048
50 51    1236571.864481424
51 51     8690353.93812906
52 51    1264832.096001316
78 51    2597727.564340938
86 51    1999991.938724909
87 51    1333333.333333333
217 51    62070.11973724281
218 51    69864.58694643504
222 51    234851.7902835359
223 51     185242.375723655
236 51    1822897.116181433
51 52    1264832.096001316
52 52    8985665.547417186
53 52    1308333.119880064
78 52    1932277.286370849
79 52    2756480.633422666
87 52    1999999.999999999
88 52    1333333.333333332
218 52    64409.05411374989
219 52    73775.10464985484
223 52    285511.6269298322
225 52    224003.1709382198
52 53    1308333.119880064
53 53    9408534.853769083
69 53    1366622.147879343
79 53    2079202.268237114
84 53    2968089.562645688
88 53    1999999.999999998
89 53    1333333.333333332
219 53    68226.44873978026
220 53    79900.51455917663
225 53    380162.5728398417
230 53    290863.8561330971
29 54 -0.001533333333333334
30 54 0.0001333333333333334
41 54 0.0001333333333333334
47 54 0.0004000000000000001
54 54 0.009400000000000002
55 54 -0.002300000000000001
71 54 -0.002300000000000001
81 54 0.0002666666666666667
90 54 -0.001533333333333334
30 55 -0.002300000000000001
47 55 0.0002666666666666667
54 55 -0.002300000000000001
55 55               0.0166
56 55 0.0001333333333333334
57 55 0.0004000000000000001
81 55 -0.004600000000000002
90 55 0.0001333333333333334
91 55 -0.002300000000000001
92 55 -0.002300000000000001
93 55 0.0002666666666666667
30 56 -0.002300000000000001
31 56 -0.002299999999999999
32 56 0.0002666666666666668
55 56 0.0001333333333333334
56 56               0.0166
57 56 -0.004600000000000003
58 56 0.0001333333333333334
59 56 0.0004000000000000002
92 56 -0.002300000000000001
94 56 -0.002299999999999999
95 56 0.0002666666666666668
30 57 0.0002666666666666668
32 57 -0.004599999999999998
47 57 -0.004600000000000003
48 57 0.0002666666666666668
55 57 0.0004000000000000001
56 57 -0.004600000000000003
57 57   0.1982000000000002
59 57 0.0002666666666666668
60 57 0.0004000000000000002
81 57 0.0002666666666666668
82 57  -0.1696000000000001
92 57 0.0002666666666666668
93 57 -0.004600000000000003
95 57 -0.004599999999999998
96 57 0.0002666666666666668
31 58 -0.002299999999999999
33 58              -0.0023
34 58 0.0002666666666666667
56 58 0.0001333333333333334
58 58               0.0166
59 58 -0.004600000000000001
61 58 0.0001333333333333333
62 58 0.0003999999999999999
94 58 -0.002299999999999999
97 58              -0.0023
98 58 0.0002666666666666667
31 59 0.0002666666666666668
32 59 -0.004599999999999998
34 59 -0.004600000000000001
35 59 0.0002666666666666667
56 59 0.0004000000000000002
57 59 0.0002666666666666668
58 59 -0.004600000000000001
59 59   0.1981999999999999
60 59  -0.1695999999999999
62 59 0.0002666666666666666
63 59 0.0003999999999999999
94 59 0.0002666666666666668
95 59 -0.004599999999999998
98 59 -0.004600000000000001
99 59 0.0002666666666666667
32 60 0.0002666666666666668
35 60  -0.4171000000000001
48 60              -0.4171
49 60 0.0002666666666666667
57 60 0.0004000000000000002
59 60  -0.1695999999999999
60 60    2.343200000000001
63 60 0.0002666666666666666
64 60 0.0004000000000000001
82 60 0.0002666666666666669
83 60              -0.4996
95 60 0.0002666666666666668
96 60  -0.4170999999999999
99 60  -0.4171000000000001
100 60 0.0002666666666666667
33 61              -0.0023
36 61              -0.0023
37 61 0.0002666666666666666
58 61 0.0001333333333333333
61 61  0.01659999999999999
62 61 -0.004599999999999997
65 61 0.0001333333333333333
66 61 0.0003999999999999999
97 61              -0.0023
101 61              -0.0023
102 61 0.0002666666666666666
33 62 0.0002666666666666666
34 62 -0.004599999999999998
37 62 -0.004599999999999999
38 62 0.0002666666666666666
58 62 0.0003999999999999999
59 62 0.0002666666666666666
61 62 -0.004599999999999997
62 62   0.1981999999999999
63 62  -0.1695999999999999
66 62 0.0002666666666666666
67 62 0.0003999999999999999
97 62 0.0002666666666666666
98 62 -0.004599999999999999
102 62 -0.004599999999999998
103 62 0.0002666666666666666
34 63 0.0002666666666666666
35 63  -0.4170999999999999
38 63  -0.4170999999999999
39 63 0.0002666666666666667
59 63 0.0003999999999999999
60 63 0.0002666666666666666
62 63  -0.1695999999999999
63 63               2.3432
64 63  -0.4995999999999996
67 63 0.0002666666666666666
68 63 0.0004000000000000001
98 63 0.0002666666666666666
99 63  -0.4170999999999999
103 63  -0.4170999999999999
104 63 0.0002666666666666667
35 64 0.0002666666666666667
39 64  -0.4139307217938973
49 64  -0.4155223122488297
60 64 0.0004000000000000001
63 64  -0.4995999999999996
64 64    2.348300781831981
68 64 0.0004073988247307804
83 64 0.0002790045931827041
99 64 0.0002666666666666667
100 64  -0.4154807497106721
104 64  -0.4140159807350278
229 64   0.0120092894153919
232 64   0.0198370997270847
241 64  -0.1515902775955221
246 64  0.01285074790691668
36 65 -0.0007666666666666665
61 65 0.0001333333333333333
65 65 0.003599999999999998
66 65 -0.001533333333333333
101 65 -0.0007666666666666665
36 66 0.0001333333333333333
37 66 -0.002299999999999999
61 66 0.0003999999999999999
62 66 0.0002666666666666666
65 66 -0.001533333333333333
66 66 0.009399999999999995
67 66 -0.001533333333333333
101 66 0.0001333333333333333
102 66              -0.0023
37 67 0.0001333333333333333
38 67  -0.1672999999999999
62 67 0.0003999999999999999
63 67 0.0002666666666666666
66 67 -0.001533333333333333
67 67   0.5043999999999997
68 67  -0.1665333333333332
102 67 0.0001333333333333333
103 67  -0.1672999999999999
38 68 0.0001333333333333333
39 68  -0.2485004632585352
63 68 0.0004000000000000001
64 68 0.0004073988247307804
67 68  -0.1665333333333332
68 68   0.8297389656914309
103 68 0.0001333333333333334
104 68  -0.2485004676048404
232 68  -0.1624855328296915
53 69    1366622.147879343
69 69    5769614.701786202
84 69    2243165.657444329
89 69    1333333.333333332
105 69    1366622.847269122
220 69    74023.78424089661
230 69    539229.4680243981
231 69    19729.70571219032
245 69    74022.01779995758
50 70    1223847.114865432
70 70    3779788.549522217
85 70    1333328.658894878
106 70    666665.8367518043
221 70    53094.82635775732
224 70    139860.8475252637
239 70    1603522.710733272
41 71 -0.002300000000000001
47 71 0.0002666666666666668
54 71 -0.002300000000000001
71 71               0.1816
72 71 0.0004000000000000001
73 71 0.0001333333333333334
81 71 -0.004600000000000002
90 71 0.0001333333333333334
107 71 -0.002300000000000001
108 71 0.0002666666666666667
109 71              -0.1673
41 72 0.0002666666666666668
42 72  -0.4170999999999999
47 72  -0.1696000000000001
48 72 0.0002666666666666668
71 72 0.0004000000000000001
72 72    2.343200000000001
73 72  -0.4171000000000001
74 72 0.0002666666666666668
75 72 0.0004000000000000002
81 72 0.0002666666666666667
82 72  -0.4171000000000001
108 72  -0.4171000000000001
109 72 0.0002666666666666668
110 72  -0.4995999999999999
111 72 0.0002666666666666668
41 73  -0.1673000000000001
42 73 0.0002666666666666668
43 73  -0.2497999999999999
71 73 0.0001333333333333334
72 73  -0.4171000000000001
73 73               1.3366
74 73 0.0004000000000000002
76 73 0.0001333333333333334
109 73  -0.2498000000000001
110 73 0.0002666666666666668
112 73  -0.2497999999999999
42 74  -0.4995999999999998
43 74 0.0002666666666666668
44 74  -0.4170999990688045
45 74 0.0002666666818909107
72 74 0.0002666666666666668
73 74 0.0004000000000000002
74 74    2.343199996549847
75 74  -0.4170999993142555
76 74              -0.4171
77 74 0.0002666509174263656
110 74  -0.4170999999999999
112 74 0.0002666666666666668
113 74  -0.1696000008989977
114 74 0.0002666670216948398
237 74 0.0003991392894478437
42 75 0.0002666666666666668
45 75  -0.4170778693915637
48 75  -0.4995999999999999
49 75 0.000267209384434421
72 75 0.0004000000000000002
74 75  -0.4170999993142555
75 75    2.343168763935883
82 75 0.0002666666666666669
83 75  -0.4170855475084249
110 75 0.0002666666666666668
111 75              -0.4171
114 75   -0.169560940408723
115 75 0.0003052385564411093
237 75 0.0002885895063098417
238 75 0.0009833453745173404
43 76  -0.2497999999999999
44 76 0.0002666666666666667
46 76              -0.1673
73 76 0.0001333333333333334
74 76              -0.4171
76 76               1.0066
77 76 0.0003999999999999999
80 76 0.0001333333333333333
112 76  -0.1672999999999999
113 76 0.0002666666666666667
116 76              -0.0023
44 77  -0.1634786994101141
46 77 0.002251195257567378
74 77 0.0002666509174263656
76 77 0.0003999999999999999
77 77   0.3400708139918684
80 77  0.02318240071868436
85 77  0.03333333333333334
86 77  0.06666666666666668
113 77  0.01943024747565207
116 77   0.0172488030445372
117 77  0.06666666666666667
118 77  0.03333333333333333
226 77  0.02337339511618838
227 77  0.02030594474671839
237 77  0.02352563516576484
242 77 7.964156262949575e-05
243 77 -4.226275310943234e-05
252 77 0.008596517886301685
253 77 0.003604290382515195
51 78    2597727.564340938
52 78    1932277.286370849
78 78    16136120.64257295
79 78    2155676.773447495
86 78    2666584.340837289
87 78    4000000.066666666
118 78    3902652.214019707
119 78    2651512.502358759
222 78    25196.66131147005
223 78    110216.6087433029
234 78 0.006951550979050002
235 78    417.7009787138704
236 78     1911167.81562604
248 78    754281.6605483536
249 78    1490361.270165476
52 79    2756480.633422666
53 79    2079202.268237114
78 79    2155676.773447495
79 79    17993826.01590736
84 79    2524493.663341694
87 79    2666666.699999999
88 79    4000000.066666663
119 79    3975034.306329602
120 79    2666137.531372966
223 79    52250.30929086135
225 79    198327.2661292453
235 79    2465.374145519128
240 79    16761.24100344168
249 79    1030692.235995154
250 79    1911523.356645076
46 80 0.002654510135767222
76 80 0.0001333333333333333
77 80  0.02318240071868436
80 80  0.09305488554255752
85 80  0.06666666666666668
106 80  0.03333333333333334
116 80  0.01334497605773776
117 80  0.03333333333333333
121 80  0.06666666666666667
226 80  0.02129472603040014
233 80  0.01021374751832242
242 80 0.0001360559284137952
247 80 1.314631046141064e-05
252 80 0.004767201267283414
256 80 0.001029568887296727
47 81 -0.004600000000000002
54 81 0.0002666666666666667
55 81 -0.004600000000000002
57 81 0.0002666666666666668
71 81 -0.004600000000000002
72 81 0.0002666666666666667
81 81               0.1982
82 81 0.0004000000000000001
90 81 0.0004000000000000001
91 81 0.0002666666666666667
93 81 -0.004600000000000002
107 81 0.0002666666666666668
108 81              -0.1696
122 81 -0.004600000000000002
123 81 0.0002666666666666667
47 82 0.0002666666666666668
48 82              -0.4171
57 82  -0.1696000000000001
60 82 0.0002666666666666669
72 82  -0.4171000000000001
75 82 0.0002666666666666669
81 82 0.0004000000000000001
82 82    2.343200000000001
83 82 0.0004000000000000005
93 82 0.0002666666666666668
96 82              -0.4171
108 82 0.0002666666666666668
111 82              -0.4996
123 82  -0.4171000000000001
124 82 0.0002666666666666669
48 83 0.0002666666666666669
49 83  -0.4168304153570982
60 83              -0.4996
64 83 0.0002790045931827041
75 83  -0.4170855475084249
82 83 0.0004000000000000005
83 83    2.343545594547356
96 83 0.0002666666666666669
100 83  -0.4167587121495601
111 83 0.0002666666666666669
115 83  -0.1675937008589267
124 83  -0.4170853853377418
238 83 0.002215194763676398
241 83 0.008144472293798992
258 83  0.00383295074215713
53 84    2968089.562645688
69 84    2243165.657444329
79 84    2524493.663341694
84 84    20640900.05814739
88 84    2666666.699999998
89 84    4000000.066666663
105 84     2967988.86037792
120 84     3999537.75113001
125 84    2524541.299129892
126 84    2666666.699999997
225 84    126407.2205812207
230 84    383048.1340164162
240 84    63228.09376495753
244 84    126416.3039073737
250 84    1525260.936830734
50 85    1999918.967229987
70 85    1333328.658894878
77 85  0.03333333333333334
80 85  0.06666666666666668
85 85    1015623566.173839
86 85    174724872.7558825
106 85    174724872.5862671
117 85    331086926.8236393
121 85    330420265.7687717
236 85    2665578.573401318
239 85    3998478.397204001
50 86    1333332.276053319
51 86    1999991.938724909
77 86  0.06666666666666668
78 86    2666584.340837289
85 86    174724872.7558825
86 86    1015623606.397142
87 86    174724872.8049782
117 86    330420265.8713335
118 86     331086932.053727
236 86    3999669.945607719
51 87    1333333.333333333
52 87    1999999.999999999
78 87    4000000.066666666
79 87    2666666.699999999
86 87    174724872.8049782
87 87    1015623610.874151
88 87    174724872.8049781
118 87    330420265.8987641
119 87    331086932.5987641
52 88    1333333.333333332
53 88    1999999.999999998
79 88    4000000.066666663
84 88    2666666.699999998
87 88    174724872.8049781
88 88    1015623610.874151
89 88    174724872.8049781
119 88     330420265.898764
120 88    331086932.5987641
53 89    1333333.333333332
69 89    1333333.333333332
84 89    4000000.066666663
88 89    174724872.8049781
89 89    666173865.2641947
105 89    1333333.333333333
120 89     330420265.898764
126 89     157028726.493786
54 90 -0.001533333333333334
55 90 0.0001333333333333334
71 90 0.0001333333333333334
81 90 0.0004000000000000001
90 90 0.005800000000000002
91 90 -0.001533333333333334
107 90 -0.001533333333333334
122 90 0.0001333333333333334
55 91 -0.002300000000000001
81 91 0.0002666666666666667
90 91 -0.001533333333333334
91 91 0.009400000000000002
92 91 0.0001333333333333334
93 91 0.0004000000000000001
122 91 -0.002300000000000001
127 91 -0.001533333333333334
128 91 0.0001333333333333334
55 92 -0.002300000000000001
56 92 -0.002300000000000001
57 92 0.0002666666666666668
91 92 0.0001333333333333334
92 92               0.0166
93 92 -0.004600000000000003
94 92 0.0001333333333333334
95 92 0.0004000000000000002
127 92 -0.002300000000000001
129 92 -0.002299999999999999
130 92 0.0002666666666666668
55 93 0.0002666666666666667
57 93 -0.004600000000000003
81 93 -0.004600000000000002
82 93 0.0002666666666666668
91 93 0.0004000000000000001
92 93 -0.004600000000000003
93 93   0.1982000000000001
95 93 0.0002666666666666668
96 93 0.0004000000000000002
122 93 0.0002666666666666668
123 93  -0.1696000000000001
127 93 0.0002666666666666668
128 93 -0.004600000000000003
130 93 -0.004599999999999998
131 93 0.0002666666666666668
56 94 -0.002299999999999999
58 94 -0.002299999999999999
59 94 0.0002666666666666668
92 94 0.0001333333333333334
94 94               0.0166
95 94 -0.004600000000000002
97 94 0.0001333333333333334
98 94 0.0004000000000000001
129 94              -0.0023
132 94 -0.002300000000000001
133 94 0.0002666666666666667
56 95 0.0002666666666666668
57 95 -0.004599999999999998
59 95 -0.004599999999999998
60 95 0.0002666666666666668
92 95 0.0004000000000000002
93 95 0.0002666666666666668
94 95 -0.004600000000000002
95 95               0.1982
96 95              -0.1696
98 95 0.0002666666666666668
99 95 0.0004000000000000001
129 95 0.0002666666666666667
130 95 -0.004600000000000001
133 95 -0.004600000000000002
134 95 0.0002666666666666667
57 96 0.0002666666666666668
60 96  -0.4170999999999999
82 96              -0.4171
83 96 0.0002666666666666669
93 96 0.0004000000000000002
95 96              -0.1696
96 96    2.343200000000001
99 96 0.0002666666666666668
100 96 0.0004000000000000002
123 96 0.0002666666666666668
124 96  -0.4995999999999999
130 96 0.0002666666666666667
131 96  -0.4171000000000001
134 96  -0.4171000000000001
135 96 0.0002666666666666668
58 97              -0.0023
61 97              -0.0023
62 97 0.0002666666666666666
94 97 0.0001333333333333334
97 97               0.0166
98 97 -0.004599999999999999
101 97 0.0001333333333333333
102 97 0.0003999999999999999
132 97 -0.002299999999999999
136 97              -0.0023
137 97 0.0002666666666666667
58 98 0.0002666666666666667
59 98 -0.004600000000000001
62 98 -0.004599999999999999
63 98 0.0002666666666666666
94 98 0.0004000000000000001
95 98 0.0002666666666666668
97 98 -0.004599999999999999
98 98   0.1981999999999999
99 98  -0.1695999999999999
102 98 0.0002666666666666666
103 98 0.0003999999999999999
132 98 0.0002666666666666667
133 98 -0.004599999999999998
137 98 -0.004600000000000001
138 98 0.0002666666666666667
59 99 0.0002666666666666667
60 99  -0.4171000000000001
63 99  -0.4170999999999999
64 99 0.0002666666666666667
95 99 0.0004000000000000001
96 99 0.0002666666666666668
98 99  -0.1695999999999999
99 99               2.3432
100 99  -0.4995999999999997
103 99 0.0002666666666666666
104 99 0.0004000000000000001
133 99 0.0002666666666666667
134 99  -0.4170999999999998
138 99  -0.4171000000000001
139 99 0.0002666666666666667
60 100 0.0002666666666666667
64 100  -0.4154807497106721
83 100  -0.4167587121495601
96 100 0.0004000000000000002
99 100  -0.4995999999999997
100 100    2.346131924216616
104 100 0.0003775036131428633
124 100 0.0002672087948775235
134 100 0.0002666666666666668
135 100  -0.4159876569765498
139 100  -0.4143853581908439
241 100 0.008988526304663427
246 100   0.0168564876655918
258 100  -0.1564840096852722
261 100  0.01104924574797001
61 101              -0.0023
65 101 -0.0007666666666666665
66 101 0.0001333333333333333
97 101 0.0001333333333333333
101 101 0.007199999999999997
102 101 -0.002299999999999999
136 101 -0.0007666666666666665
61 102 0.0002666666666666666
62 102 -0.004599999999999998
66 102              -0.0023
67 102 0.0001333333333333333
97 102 0.0003999999999999999
98 102 0.0002666666666666666
101 102 -0.002299999999999999
102 102  0.01659999999999999
103 102 -0.002299999999999999
136 102 0.0001333333333333333
137 102              -0.0023
62 103 0.0002666666666666666
63 103  -0.4170999999999999
67 103  -0.1672999999999999
68 103 0.0001333333333333334
98 103 0.0003999999999999999
99 103 0.0002666666666666666
102 103 -0.002299999999999999
103 103               1.0066
104 103  -0.2497999999999998
137 103 0.0001333333333333333
138 103  -0.1672999999999999
63 104 0.0002666666666666667
64 104  -0.4140159807350278
68 104  -0.2485004676048404
99 104 0.0004000000000000001
100 104 0.0003775036131428633
103 104  -0.2497999999999998
104 104    1.331271950644522
138 104 0.0001333333333333334
139 104  -0.2486246941539854
232 104 0.003660478645139252
246 104  -0.1606362060444128
69 105    1366622.847269122
84 105     2967988.86037792
89 105    1333333.333333333
105 105    9408512.616160741
125 105    2079250.997646487
126 105    1999999.999999998
140 105    1308363.315988438
230 105    290823.7078129724
244 105    380186.5020349185
245 105     79905.6141865773
260 105    68226.09388845395
70 106    666665.8367518043
80 106  0.03333333333333334
85 106    174724872.5862671
106 106    349449745.1705065
121 106    174058206.0472036
239 106     1333303.76476612
71 107 -0.002300000000000001
81 107 0.0002666666666666668
90 107 -0.001533333333333334
107 107   0.1744000000000001
108 107 0.0004000000000000001
109 107 0.0001333333333333334
122 107 -0.002300000000000001
141 107  -0.1665333333333333
142 107 0.0001333333333333334
71 108 0.0002666666666666667
72 108  -0.4171000000000001
81 108              -0.1696
82 108 0.0002666666666666668
107 108 0.0004000000000000001
108 108    2.343200000000001
109 108  -0.4171000000000001
110 108 0.0002666666666666668
111 108 0.0004000000000000002
122 108 0.0002666666666666667
123 108  -0.4171000000000001
141 108 0.0002666666666666668
142 108  -0.4171000000000001
143 108  -0.4995999999999999
144 108 0.0002666666666666668
71 109              -0.1673
72 109 0.0002666666666666668
73 109  -0.2498000000000001
107 109 0.0001333333333333334
108 109  -0.4171000000000001
109 109    1.336600000000001
110 109 0.0004000000000000002
112 109 0.0001333333333333334
141 109  -0.2498000000000001
143 109 0.0002666666666666668
145 109  -0.2497999999999999
72 110  -0.4995999999999999
73 110 0.0002666666666666668
74 110  -0.4170999999999999
75 110 0.0002666666666666668
108 110 0.0002666666666666668
109 110 0.0004000000000000002
110 110    2.343200000000001
111 110  -0.4171000000000001
112 110  -0.4171000000000001
113 110 0.0002666666666666667
114 110 0.0004000000000000001
143 110  -0.4171000000000002
145 110 0.0002666666666666667
146 110              -0.1696
147 110 0.0002666666666666667
72 111 0.0002666666666666668
75 111              -0.4171
82 111              -0.4996
83 111 0.0002666666666666669
108 111 0.0004000000000000002
110 111  -0.4171000000000001
111 111    2.343200000000001
114 111 0.0002666666666666668
115 111 0.0004000000000000002
123 111 0.0002666666666666668
124 111              -0.4171
143 111 0.0002666666666666667
144 111  -0.4171000000000002
147 111              -0.1696
148 111 0.0002666666666666668
73 112  -0.2497999999999999
74 112 0.0002666666666666668
76 112  -0.1672999999999999
109 112 0.0001333333333333334
110 112  -0.4171000000000001
112 112               1.0066
113 112 0.0004000000000000001
116 112 0.0001333333333333334
145 112              -0.1673
146 112 0.0002666666666666667
149 112 -0.002300000000000001
74 113  -0.1696000008989977
76 113 0.0002666666666666667
77 113  0.01943024747565207
110 113 0.0002666666666666667
112 113 0.0004000000000000001
113 113   0.3137192578154481
114 113   0.0147653036745059
116 113    0.012779726483817
117 113  0.03333333333333334
118 113  0.06666666666666668
146 113  0.01017714316497305
149 113 0.006996764972082997
150 113  0.06666666666666667
151 113  0.03333333333333333
237 113  0.01952034011856957
252 113 0.009269316910515373
253 113  0.01271509744034996
266 113  0.01949452695542147
267 113  0.01328827386949063
74 114 0.0002666670216948398
75 114   -0.169560940408723
110 114 0.0004000000000000001
111 114 0.0002666666666666668
113 114   0.0147653036745059
114 114   0.3240080022795348
115 114  0.01893829333766172
118 114  0.03333333333333335
119 114  0.06666666666666668
146 114 0.008989780493728824
147 114  0.01357354297552609
151 114  0.06666666666666668
152 114  0.03333333333333334
237 114  0.02176740034533689
238 114  0.02411446445767365
253 114 0.007049531478418565
254 114  0.00742476481220049
267 114  0.01698906085927009
268 114 0.009701276504304997
75 115 0.0003052385564411093
83 115  -0.1675937008589267
111 115 0.0004000000000000002
114 115  0.01893829333766172
115 115   0.3377624961466316
119 115  0.03333333333333333
120 115  0.06666666666666665
124 115 0.0002705004011791956
147 115  0.01393177909925376
148 115  0.01958749251648437
152 115  0.06666666666666665
153 115  0.03333333333333332
238 115  0.02508574051605375
241 115  0.02506805044881827
254 115 0.003094374145210048
255 115 0.0007729436096070008
258 115  0.02367655003515169
268 115  0.01172979474650234
269 115 0.003495151577918749
76 116              -0.0023
77 116   0.0172488030445372
80 116  0.01334497605773776
112 116 0.0001333333333333334
113 116    0.012779726483817
116 116  0.09447277505501321
117 116  0.06666666666666668
121 116  0.03333333333333334
149 116 0.008239783704554922
150 116  0.03333333333333333
154 116  0.06666666666666667
252 116  0.01503356787700867
256 116 0.002498054423873455
266 116  0.01493063637430551
270 116 0.006022651279876055
77 117  0.06666666666666667
80 117  0.03333333333333333
85 117    331086926.8236393
86 117    330420265.8713336
113 117  0.03333333333333334
116 117  0.06666666666666668
117 117    1990420860.634864
118 117    331085144.0030667
121 117    331084289.3913549
150 117    331076867.2298375
154 117    330419014.9629996
236 117    3838167.905777658
239 117     2598624.17151781
248 117    2432917.906595002
251 117    3632297.788277012
77 118  0.03333333333333333
78 118    3902652.214019706
86 118     331086932.053727
87 118    330420265.8987641
113 118  0.06666666666666668
114 118  0.03333333333333335
117 118    331085144.0030667
118 118    1990465110.282896
119 118    331086435.2308202
150 118    330419482.7379388
151 118    331081839.8760245
236 118    2619825.198901111
248 118    3731678.834390771
249 118    2522186.112638303
78 119     2651512.50235876
79 119    3975034.306329602
87 119    331086932.5987641
88 119     330420265.898764
114 119  0.06666666666666668
115 119  0.03333333333333333
118 119    331086435.2308202
119 119    1990508808.191513
120 119    331086919.8827794
151 119    330420084.8886377
152 119     331085980.451314
249 119    3890447.938150568
250 119    2626569.968649229
79 120    2666137.531372966
84 120     3999537.75113001
88 120    331086932.5987641
89 120     330420265.898764
115 120  0.06666666666666665
119 120    331086919.8827794
120 120    1990521366.802466
125 120    2666137.531136064
