%%MatrixMarket matrix coordinate real general
1431 1431 41573
1 1 2.032846500912577e-06
4 1 1.031484477663236e-07
7 1 -5.212116519579242e-08
22 1 -5.069020864964108e-08
25 1 1.002746083811998e-07
28 1 1.045183020416774e-06
31 1 -5.840858933833463e-07
40 1 -2.213296065633522e-08
46 1 -1.144403665246427e-08
49 1 1.376695094192452e-07
52 1 -6.464744028459368e-08
55 1 -2.091656817050849e-08
70 1 -4.970472896612468e-06
76 1 -5.071482013473059e-07
79 1 -3.865528355375069e-07
82 1 -1.984133706924155e-06
85 1 -3.970957629300396e-07
91 1 -2.089483310848383e-06
94 1 -4.503847368096142e-06
2 2 2.032846500912577e-06
5 2 1.031484477663236e-07
8 2 -5.212116519579242e-08
23 2 -5.069020864964108e-08
26 2 1.002746083811998e-07
29 2 1.045183020416774e-06
32 2 -5.840858933833463e-07
41 2 -2.213296065633522e-08
47 2 -1.144403665246427e-08
50 2 1.376695094192452e-07
53 2 -6.464744028459368e-08
56 2 -2.091656817050849e-08
71 2 -4.970472896612468e-06
77 2 -5.071482013473059e-07
80 2 -3.865528355375069e-07
83 2 -1.984133706924155e-06
86 2 -3.970957629300396e-07
92 2 -2.089483310848383e-06
95 2 -4.503847368096142e-06
3 3 2.032846500912577e-06
6 3 1.031484477663236e-07
9 3 -5.212116519579242e-08
24 3 -5.069020864964108e-08
27 3 1.002746083811998e-07
30 3 1.045183020416774e-06
33 3 -5.840858933833463e-07
42 3 -2.213296065633522e-08
48 3 -1.144403665246427e-08
51 3 1.376695094192452e-07
54 3 -6.464744028459368e-08
57 3 -2.091656817050849e-08
72 3 -4.970472896612468e-06
78 3 -5.071482013473059e-07
81 3 -3.865528355375069e-07
84 3 -1.984133706924155e-06
87 3 -3.970957629300396e-07
93 3 -2.089483310848383e-06
96 3 -4.503847368096142e-06
1 4 1.031484477663236e-07
4 4 2.116218612802305e-06
7 4 -5.216701263697676e-08
10 4 1.086789770049876e-07
13 4 -5.490392088562305e-08
28 4 1.470499645710878e-07
31 4 -2.212233656631313e-08
34 4 1.121739185655915e-06
37 4 -1.295013212596525e-08
40 4 -6.950716177577767e-08
43 4 -6.334360717664525e-07
64 4 -2.456424219360176e-08
85 4 -5.149550038781912e-06
91 4 -5.426896554217514e-07
94 4 -3.969723807193278e-07
100 4 -2.128566779044521e-06
103 4 -4.172074481471254e-07
109 4 -2.263862424280319e-06
112 4 -4.6862812136665e-06
2 5 1.031484477663236e-07
5 5 2.116218612802305e-06
8 5 -5.216701263697676e-08
11 5 1.086789770049876e-07
14 5 -5.490392088562305e-08
29 5 1.470499645710878e-07
32 5 -2.212233656631313e-08
35 5 1.121739185655915e-06
38 5 -1.295013212596525e-08
41 5 -6.950716177577767e-08
44 5 -6.334360717664525e-07
65 5 -2.456424219360176e-08
86 5 -5.149550038781912e-06
92 5 -5.426896554217514e-07
95 5 -3.969723807193278e-07
101 5 -2.128566779044521e-06
104 5 -4.172074481471254e-07
110 5 -2.263862424280319e-06
113 5 -4.6862812136665e-06
3 6 1.031484477663236e-07
6 6 2.116218612802305e-06
9 6 -5.216701263697676e-08
12 6 1.086789770049876e-07
15 6 -5.490392088562305e-08
30 6 1.470499645710878e-07
33 6 -2.212233656631313e-08
36 6 1.121739185655915e-06
39 6 -1.295013212596525e-08
42 6 -6.950716177577767e-08
45 6 -6.334360717664525e-07
66 6 -2.456424219360176e-08
87 6 -5.149550038781912e-06
93 6 -5.426896554217514e-07
96 6 -3.969723807193278e-07
102 6 -2.128566779044521e-06
105 6 -4.172074481471254e-07
111 6 -2.263862424280319e-06
114 6 -4.6862812136665e-06
1 7 -5.212116519579242e-08
4 7 -5.216701263697676e-08
7 7 2.62716986776682e-08
28 7 -2.334355316068037e-08
31 7 9.887003265701423e-09
40 7 9.90825144574561e-09
85 7 2.119379692619538e-07
91 7 8.104477618828557e-08
94 7 2.116912048405305e-07
2 8 -5.212116519579242e-08
5 8 -5.216701263697676e-08
8 8 2.62716986776682e-08
29 8 -2.334355316068037e-08
32 8 9.887003265701423e-09
41 8 9.90825144574561e-09
86 8 2.119379692619538e-07
92 8 8.104477618828557e-08
95 8 2.116912048405305e-07
3 9 -5.212116519579242e-08
6 9 -5.216701263697676e-08
9 9 2.62716986776682e-08
30 9 -2.334355316068037e-08
33 9 9.887003265701423e-09
42 9 9.90825144574561e-09
87 9 2.119379692619538e-07
93 9 8.104477618828557e-08
96 9 2.116912048405305e-07
4 10 1.086789770049876e-07
10 10 2.26001923935485e-06
13 10 -5.499525226654916e-08
16 10 1.177183450706856e-07
19 10 -5.946156824479544e-08
34 10 1.657340026769935e-07
43 10 -2.454194765173415e-08
58 10 1.256054734580257e-06
61 10 -1.614224002339198e-08
64 10 -7.92840018810142e-08
67 10 -7.222662575264028e-07
103 10 -5.466706206050018e-06
109 10 -6.138180466033597e-07
112 10 -4.169627716476538e-07
118 10 -2.880474489818513e-08
121 10 -2.39181010951347e-06
124 10 -4.497965915484217e-07
130 10 -2.566219826749989e-06
133 10 -4.987560283335771e-06
5 11 1.086789770049876e-07
11 11 2.26001923935485e-06
14 11 -5.499525226654916e-08
17 11 1.177183450706856e-07
20 11 -5.946156824479544e-08
35 11 1.657340026769935e-07
44 11 -2.454194765173415e-08
59 11 1.256054734580257e-06
62 11 -1.614224002339198e-08
65 11 -7.92840018810142e-08
68 11 -7.222662575264028e-07
104 11 -5.466706206050018e-06
110 11 -6.138180466033597e-07
113 11 -4.169627716476538e-07
119 11 -2.880474489818513e-08
122 11 -2.39181010951347e-06
125 11 -4.497965915484217e-07
131 11 -2.566219826749989e-06
134 11 -4.987560283335771e-06
6 12 1.086789770049876e-07
12 12 2.26001923935485e-06
15 12 -5.499525226654916e-08
18 12 1.177183450706856e-07
21 12 -5.946156824479544e-08
36 12 1.657340026769935e-07
45 12 -2.454194765173415e-08
60 12 1.256054734580257e-06
63 12 -1.614224002339198e-08
66 12 -7.92840018810142e-08
69 12 -7.222662575264028e-07
105 12 -5.466706206050018e-06
111 12 -6.138180466033597e-07
114 12 -4.169627716476538e-07
120 12 -2.880474489818513e-08
123 12 -2.39181010951347e-06
126 12 -4.497965915484217e-07
132 12 -2.566219826749989e-06
135 12 -4.987560283335771e-06
4 13 -5.490392088562305e-08
10 13 -5.499525226654916e-08
13 13 2.768905110855023e-08
34 13 -2.568541646619474e-08
43 13 1.096432703659737e-08
64 13 1.100891612033261e-08
103 13 2.229009948255663e-07
109 13 8.949040119926041e-08
112 13 2.224116418266228e-07
5 14 -5.490392088562305e-08
11 14 -5.499525226654916e-08
14 14 2.768905110855023e-08
35 14 -2.568541646619474e-08
44 14 1.096432703659737e-08
65 14 1.100891612033261e-08
104 14 2.229009948255663e-07
110 14 8.949040119926041e-08
113 14 2.224116418266228e-07
6 15 -5.490392088562305e-08
12 15 -5.499525226654916e-08
15 15 2.768905110855023e-08
36 15 -2.568541646619474e-08
45 15 1.096432703659737e-08
66 15 1.100891612033261e-08
105 15 2.229009948255663e-07
111 15 8.949040119926041e-08
114 15 2.224116418266228e-07
10 16 1.177183450706856e-07
16 16 2.488059092842475e-06
19 16 -5.961587716612706e-08
58 16 1.987524872128484e-07
67 16 -2.876397101923823e-08
118 16 -9.694678736687588e-08
124 16 -5.971249355309665e-06
130 16 -7.403146470055731e-07
133 16 -4.493861979741441e-07
139 16 1.476098676678066e-06
142 16 -2.250938087950522e-08
145 16 -8.741175256692933e-07
148 16 1.319430628807299e-07
151 16 -6.664675776135957e-08
154 16 -3.614346767445754e-08
157 16 -2.836071555671182e-06
160 16 -5.004170152555922e-07
166 16 -3.066487182829464e-06
169 16 -5.450994550250815e-06
11 17 1.177183450706856e-07
17 17 2.488059092842475e-06
20 17 -5.961587716612706e-08
59 17 1.987524872128484e-07
68 17 -2.876397101923823e-08
119 17 -9.694678736687588e-08
125 17 -5.971249355309665e-06
131 17 -7.403146470055731e-07
134 17 -4.493861979741441e-07
140 17 1.476098676678066e-06
143 17 -2.250938087950522e-08
146 17 -8.741175256692933e-07
149 17 1.319430628807299e-07
152 17 -6.664675776135957e-08
155 17 -3.614346767445754e-08
158 17 -2.836071555671182e-06
161 17 -5.004170152555922e-07
167 17 -3.066487182829464e-06
170 17 -5.450994550250815e-06
12 18 1.177183450706856e-07
18 18 2.488059092842475e-06
21 18 -5.961587716612706e-08
60 18 1.987524872128484e-07
69 18 -2.876397101923823e-08
120 18 -9.694678736687588e-08
126 18 -5.971249355309665e-06
132 18 -7.403146470055731e-07
135 18 -4.493861979741441e-07
141 18 1.476098676678066e-06
144 18 -2.250938087950522e-08
147 18 -8.741175256692933e-07
150 18 1.319430628807299e-07
153 18 -6.664675776135957e-08
156 18 -3.614346767445754e-08
159 18 -2.836071555671182e-06
162 18 -5.004170152555922e-07
168 18 -3.066487182829464e-06
171 18 -5.450994550250815e-06
10 19 -5.946156824479544e-08
16 19 -5.961587716612706e-08
19 19 3.000897304513513e-08
58 19 -2.969803665216396e-08
67 19 1.284775450383545e-08
118 19 1.29293022617293e-08
124 19 2.406815008878458e-07
130 19 1.040762608389689e-07
133 19 2.39860713739289e-07
11 20 -5.946156824479544e-08
17 20 -5.961587716612706e-08
20 20 3.000897304513513e-08
59 20 -2.969803665216396e-08
68 20 1.284775450383545e-08
119 20 1.29293022617293e-08
125 20 2.406815008878458e-07
131 20 1.040762608389689e-07
134 20 2.39860713739289e-07
12 21 -5.946156824479544e-08
18 21 -5.961587716612706e-08
21 21 3.000897304513513e-08
60 21 -2.969803665216396e-08
69 21 1.284775450383545e-08
120 21 1.29293022617293e-08
126 21 2.406815008878458e-07
132 21 1.040762608389689e-07
135 21 2.39860713739289e-07
1 22 -5.069020864964108e-08
22 22 2.553482426031627e-08
25 22 -5.06814960093717e-08
49 22 -2.216268368511432e-08
52 22 9.356187588658308e-09
55 22 9.352264742650059e-09
70 22 2.061801029702548e-07
76 22 7.68062389685957e-08
79 22 2.061330849418087e-07
2 23 -5.069020864964108e-08
23 23 2.553482426031627e-08
26 23 -5.06814960093717e-08
50 23 -2.216268368511432e-08
53 23 9.356187588658308e-09
56 23 9.352264742650059e-09
71 23 2.061801029702548e-07
77 23 7.68062389685957e-08
80 23 2.061330849418087e-07
3 24 -5.069020864964108e-08
24 24 2.553482426031627e-08
27 24 -5.06814960093717e-08
51 24 -2.216268368511432e-08
54 24 9.356187588658308e-09
57 24 9.352264742650059e-09
72 24 2.061801029702548e-07
78 24 7.68062389685957e-08
81 24 2.061330849418087e-07
1 25 1.002746083811998e-07
22 25 -5.06814960093717e-08
25 25 1.729495244985619e-06
49 25 9.552040614552006e-07
52 25 -2.091852959351266e-08
55 25 -5.364571107964311e-07
70 25 -3.865763445517304e-07
76 25 -2.008818486750913e-06
79 25 -4.417387450474359e-06
178 25 -1.715884149697361e-06
181 25 -3.743423306973373e-06
2 26 1.002746083811998e-07
23 26 -5.06814960093717e-08
26 26 1.729495244985619e-06
50 26 9.552040614552006e-07
53 26 -2.091852959351266e-08
56 26 -5.364571107964311e-07
71 26 -3.865763445517304e-07
77 26 -2.008818486750913e-06
80 26 -4.417387450474359e-06
179 26 -1.715884149697361e-06
182 26 -3.743423306973373e-06
3 27 1.002746083811998e-07
24 27 -5.06814960093717e-08
27 27 1.729495244985619e-06
51 27 9.552040614552006e-07
54 27 -2.091852959351266e-08
57 27 -5.364571107964311e-07
72 27 -3.865763445517304e-07
78 27 -2.008818486750913e-06
81 27 -4.417387450474359e-06
180 27 -1.715884149697361e-06
183 27 -3.743423306973373e-06
1 28 1.045183020416774e-06
4 28 1.470499645710878e-07
7 28 -2.334355316068037e-08
28 28 6.130428019351663e-06
31 28 -4.92215796875977e-07
34 28 2.271537173310991e-07
37 28 -8.262197365261466e-08
40 28 -5.732168777743035e-08
43 28 -1.365718034093656e-08
46 28 -6.52968640331486e-08
49 28  1.8388853524737e-07
52 28 -1.210713936929511e-08
70 28 -2.129358508611874e-06
76 28 -6.216262097452764e-07
82 28 -9.34783109991778e-06
85 28 -5.76436289536168e-07
91 28 -1.332068092755592e-05
94 28 -2.237954567177891e-06
100 28 -7.457698135092617e-07
187 28 4.512352227665943e-11
190 28 -2.091217613054229e-12
199 28 -5.375627411375345e-14
205 28 -4.10302673002662e-06
208 28 3.683330622302104e-06
211 28 -1.067801950301489e-07
214 28 -2.212726904580788e-11
220 28 -1.578221794065877e-07
226 28 -1.579122348637092e-10
229 28 -1.436486215549345e-06
2 29 1.045183020416774e-06
5 29 1.470499645710878e-07
8 29 -2.334355316068037e-08
29 29 6.130428019351663e-06
32 29 -4.92215796875977e-07
35 29 2.271537173310991e-07
38 29 -8.262197365261466e-08
41 29 -5.732168777743035e-08
44 29 -1.365718034093656e-08
47 29 -6.52968640331486e-08
50 29  1.8388853524737e-07
53 29 -1.210713936929511e-08
71 29 -2.129358508611874e-06
77 29 -6.216262097452764e-07
83 29 -9.34783109991778e-06
86 29 -5.76436289536168e-07
92 29 -1.332068092755592e-05
95 29 -2.237954567177891e-06
101 29 -7.457698135092617e-07
188 29 4.512352227665943e-11
191 29 -2.091217613054229e-12
200 29 -5.375627411375345e-14
206 29 -4.10302673002662e-06
209 29 3.683330622302104e-06
212 29 -1.067801950301489e-07
215 29 -2.212726904580788e-11
221 29 -1.578221794065877e-07
227 29 -1.579122348637092e-10
230 29 -1.436486215549345e-06
3 30 1.045183020416774e-06
6 30 1.470499645710878e-07
9 30 -2.334355316068037e-08
30 30 6.130428019351663e-06
33 30 -4.92215796875977e-07
36 30 2.271537173310991e-07
39 30 -8.262197365261466e-08
42 30 -5.732168777743035e-08
45 30 -1.365718034093656e-08
48 30 -6.529686403314858e-08
51 30  1.8388853524737e-07
54 30 -1.210713936929511e-08
72 30 -2.129358508611874e-06
78 30 -6.216262097452764e-07
84 30 -9.34783109991778e-06
87 30 -5.76436289536168e-07
93 30 -1.332068092755592e-05
96 30 -2.237954567177891e-06
102 30 -7.457698135092617e-07
189 30 4.512352227665943e-11
192 30 -2.091217613054229e-12
201 30 -5.375627411375345e-14
207 30 -4.10302673002662e-06
210 30 3.683330622302104e-06
213 30 -1.067801950301489e-07
216 30 -2.212726904580788e-11
222 30 -1.578221794065877e-07
228 30 -1.579122348637092e-10
231 30 -1.436486215549345e-06
1 31 -5.840858933833463e-07
4 31 -2.212233656631313e-08
7 31 9.887003265701423e-09
28 31 -4.92215796875977e-07
31 31 2.654595149923242e-07
40 31 7.465818257011138e-09
46 31 3.783732934307412e-09
49 31 -1.211951006379496e-08
52 31 5.109938367969089e-09
70 31 1.261417907749194e-06
76 31 4.334336049821102e-08
82 31 9.709683043737487e-07
85 31 8.104477618828555e-08
91 31 1.023309391782075e-06
94 31 1.320251904441093e-06
2 32 -5.840858933833463e-07
5 32 -2.212233656631313e-08
8 32 9.887003265701423e-09
29 32 -4.92215796875977e-07
32 32 2.654595149923242e-07
41 32 7.465818257011138e-09
47 32 3.783732934307412e-09
50 32 -1.211951006379496e-08
53 32 5.109938367969089e-09
71 32 1.261417907749194e-06
77 32 4.334336049821102e-08
83 32 9.709683043737487e-07
86 32 8.104477618828555e-08
92 32 1.023309391782075e-06
95 32 1.320251904441093e-06
3 33 -5.840858933833463e-07
6 33 -2.212233656631313e-08
9 33 9.887003265701423e-09
30 33 -4.92215796875977e-07
33 33 2.654595149923242e-07
42 33 7.465818257011138e-09
48 33 3.783732934307412e-09
51 33 -1.211951006379496e-08
54 33 5.109938367969089e-09
72 33 1.261417907749194e-06
78 33 4.334336049821102e-08
84 33 9.709683043737487e-07
87 33 8.104477618828555e-08
93 33 1.023309391782075e-06
96 33 1.320251904441093e-06
4 34 1.121739185655915e-06
10 34 1.657340026769935e-07
13 34 -2.568541646619474e-08
28 34 2.271537173310991e-07
34 34 7.856379340808789e-06
37 34 -8.363307195581291e-08
40 34 -1.363197068333626e-08
43 34 -5.486420021181178e-07
58 34 3.40970958561394e-07
61 34 -1.316258630121508e-07
64 34 -6.783667648792183e-08
67 34 -1.688471808857433e-08
85 34 -2.266157057508753e-06
91 34 -7.436115407574246e-07
100 34 -1.074276602373428e-05
103 34 -6.459290115506854e-07
109 34 -1.658692887479499e-05
112 34 -2.401543808549227e-06
121 34 -1.033908639982034e-06
187 34 4.189394797341542e-12
190 34 -5.3698029827706e-14
193 34 5.372326030115118e-09
196 34 -3.80808112817188e-14
199 34 -2.062442694618757e-13
202 34 -7.119719150167483e-10
220 34 -6.186433504933032e-06
226 34 -1.66182878443218e-11
229 34 -1.57296141219162e-07
241 34 -2.764662599966308e-11
244 34 -5.126989336697725e-09
247 34 -3.293063212090478e-07
253 34 -1.623484584101216e-08
256 34 -3.005303494876591e-06
5 35 1.121739185655915e-06
11 35 1.657340026769935e-07
14 35 -2.568541646619474e-08
29 35 2.271537173310991e-07
35 35 7.856379340808789e-06
38 35 -8.363307195581291e-08
41 35 -1.363197068333626e-08
44 35 -5.486420021181178e-07
59 35 3.40970958561394e-07
62 35 -1.316258630121508e-07
65 35 -6.783667648792183e-08
68 35 -1.688471808857433e-08
86 35 -2.266157057508753e-06
92 35 -7.436115407574246e-07
101 35 -1.074276602373428e-05
104 35 -6.459290115506854e-07
110 35 -1.658692887479499e-05
113 35 -2.401543808549227e-06
122 35 -1.033908639982034e-06
188 35 4.189394797341542e-12
191 35 -5.3698029827706e-14
194 35 5.372326030115118e-09
197 35 -3.80808112817188e-14
200 35 -2.062442694618757e-13
203 35 -7.119719150167483e-10
221 35 -6.186433504933032e-06
227 35 -1.66182878443218e-11
230 35 -1.57296141219162e-07
242 35 -2.764662599966308e-11
245 35 -5.126989336697725e-09
248 35 -3.293063212090478e-07
254 35 -1.623484584101216e-08
257 35 -3.005303494876591e-06
6 36 1.121739185655915e-06
12 36 1.657340026769935e-07
15 36 -2.568541646619474e-08
30 36 2.271537173310991e-07
36 36 7.856379340808789e-06
39 36 -8.363307195581291e-08
42 36 -1.363197068333626e-08
45 36 -5.486420021181178e-07
60 36 3.40970958561394e-07
63 36 -1.316258630121508e-07
66 36 -6.783667648792183e-08
69 36 -1.688471808857433e-08
87 36 -2.266157057508753e-06
93 36 -7.436115407574246e-07
102 36 -1.074276602373428e-05
105 36 -6.459290115506854e-07
111 36 -1.658692887479499e-05
114 36 -2.401543808549227e-06
123 36 -1.033908639982034e-06
189 36 4.189394797341542e-12
192 36 -5.3698029827706e-14
195 36 5.372326030115118e-09
198 36 -3.80808112817188e-14
201 36 -2.062442694618757e-13
204 36 -7.119719150167483e-10
222 36 -6.186433504933032e-06
228 36 -1.66182878443218e-11
231 36 -1.57296141219162e-07
243 36 -2.764662599966308e-11
246 36 -5.126989336697725e-09
249 36 -3.293063212090478e-07
255 36 -1.623484584101216e-08
258 36 -3.005303494876591e-06
4 37 -1.295013212596525e-08
28 37 -8.262197365261466e-08
34 37 -8.363307195581291e-08
37 37 2.907860710773262e-08
40 37 4.375517545509704e-09
43 37 4.425936860710288e-09
85 37 4.878868807309326e-08
91 37 2.902280181915098e-07
100 37 2.945445636951829e-07
187 37 -5.397097085181147e-14
190 37 2.170981674153221e-15
199 37 2.287470246248249e-15
220 37 5.080830375082113e-08
226 37 2.131670196848815e-13
229 37 4.97562273759697e-08
5 38 -1.295013212596525e-08
29 38 -8.262197365261466e-08
35 38 -8.363307195581291e-08
38 38 2.907860710773262e-08
41 38 4.375517545509704e-09
44 38 4.425936860710288e-09
86 38 4.878868807309326e-08
92 38 2.902280181915098e-07
101 38 2.945445636951829e-07
188 38 -5.397097085181147e-14
191 38 2.170981674153221e-15
200 38 2.287470246248249e-15
221 38 5.080830375082113e-08
227 38 2.131670196848815e-13
230 38 4.97562273759697e-08
6 39 -1.295013212596525e-08
30 39 -8.262197365261466e-08
36 39 -8.363307195581291e-08
39 39 2.907860710773262e-08
42 39 4.375517545509704e-09
45 39 4.425936860710288e-09
87 39 4.878868807309326e-08
93 39 2.902280181915098e-07
102 39 2.945445636951829e-07
189 39 -5.397097085181147e-14
192 39 2.170981674153221e-15
201 39 2.287470246248249e-15
222 39 5.080830375082113e-08
228 39 2.131670196848815e-13
231 39 4.97562273759697e-08
1 40 -2.213296065633522e-08
4 40 -6.950716177577767e-08
7 40 9.90825144574561e-09
28 40 -5.732168777743035e-08
31 40 7.465818257011138e-09
34 40 -1.363197068333626e-08
37 40 4.375517545509704e-09
40 40 2.643911069340231e-08
43 40 5.789613975452334e-09
85 40 2.884341631920848e-07
91 40 2.209408949632524e-07
94 40 8.104477618828555e-08
100 40 4.878868807309327e-08
2 41 -2.213296065633522e-08
5 41 -6.950716177577767e-08
8 41 9.90825144574561e-09
29 41 -5.732168777743035e-08
32 41 7.465818257011138e-09
35 41 -1.363197068333626e-08
38 41 4.375517545509704e-09
41 41 2.643911069340231e-08
44 41 5.789613975452334e-09
86 41 2.884341631920848e-07
92 41 2.209408949632524e-07
95 41 8.104477618828555e-08
101 41 4.878868807309327e-08
3 42 -2.213296065633522e-08
6 42 -6.950716177577767e-08
9 42 9.90825144574561e-09
30 42 -5.732168777743035e-08
33 42 7.465818257011138e-09
36 42 -1.363197068333626e-08
39 42 4.375517545509704e-09
42 42 2.643911069340231e-08
45 42 5.789613975452334e-09
87 42 2.884341631920848e-07
93 42 2.209408949632524e-07
96 42 8.104477618828555e-08
102 42 4.878868807309327e-08
4 43 -6.334360717664525e-07
10 43 -2.454194765173415e-08
13 43 1.096432703659737e-08
28 43 -1.365718034093656e-08
34 43 -5.486420021181178e-07
37 43 4.425936860710288e-09
40 43 5.789613975452334e-09
43 43 2.998482695996977e-07
64 43 8.721978491411354e-09
85 43 1.355135942069754e-06
91 43 4.878868807309326e-08
100 43 1.079955385141292e-06
103 43 8.94904011992604e-08
109 43 1.157026517317211e-06
112 43 1.432389285855035e-06
5 44 -6.334360717664525e-07
11 44 -2.454194765173415e-08
14 44 1.096432703659737e-08
29 44 -1.365718034093656e-08
35 44 -5.486420021181178e-07
38 44 4.425936860710288e-09
41 44 5.789613975452334e-09
44 44 2.998482695996977e-07
65 44 8.721978491411354e-09
86 44 1.355135942069754e-06
92 44 4.878868807309326e-08
101 44 1.079955385141292e-06
104 44 8.94904011992604e-08
110 44 1.157026517317211e-06
113 44 1.432389285855035e-06
6 45 -6.334360717664525e-07
12 45 -2.454194765173415e-08
15 45 1.096432703659737e-08
30 45 -1.365718034093656e-08
36 45 -5.486420021181178e-07
39 45 4.425936860710288e-09
42 45 5.789613975452334e-09
45 45 2.998482695996977e-07
66 45 8.721978491411354e-09
87 45 1.355135942069754e-06
93 45 4.878868807309326e-08
102 45 1.079955385141292e-06
105 45 8.94904011992604e-08
111 45 1.157026517317211e-06
114 45 1.432389285855035e-06
1 46 -1.144403665246427e-08
28 46 -6.52968640331486e-08
31 46 3.783732934307412e-09
46 46 2.194119243656588e-08
49 46 -6.489634940084791e-08
52 46 3.758991545307686e-09
70 46 4.334336049821102e-08
76 46 2.336925203369616e-07
82 46 2.354627761272763e-07
205 46 3.318420164097263e-08
208 46 -5.563714551099987e-08
211 46 3.285372129620545e-08
2 47 -1.144403665246427e-08
29 47 -6.52968640331486e-08
32 47 3.783732934307412e-09
47 47 2.194119243656588e-08
50 47 -6.489634940084791e-08
53 47 3.758991545307686e-09
71 47 4.334336049821102e-08
77 47 2.336925203369616e-07
83 47 2.354627761272763e-07
206 47 3.318420164097263e-08
209 47 -5.563714551099987e-08
212 47 3.285372129620545e-08
3 48 -1.144403665246427e-08
30 48 -6.52968640331486e-08
33 48 3.783732934307412e-09
48 48 2.194119243656588e-08
51 48 -6.489634940084791e-08
54 48 3.758991545307686e-09
72 48 4.334336049821102e-08
78 48 2.336925203369616e-07
84 48 2.354627761272763e-07
207 48 3.318420164097263e-08
210 48 -5.563714551099987e-08
213 48 3.285372129620545e-08
1 49 1.376695094192452e-07
22 49 -2.216268368511432e-08
25 49 9.552040614552006e-07
28 49  1.8388853524737e-07
31 49 -1.211951006379496e-08
46 49 -6.489634940084791e-08
49 49 5.203812572997908e-06
52 49 -5.225059610115261e-08
55 49 -4.47035680329729e-07
70 49 -5.412537155320438e-07
76 49 -1.192848796939675e-05
79 49 -2.161475376039565e-06
82 49 -6.225113376404343e-07
178 49 -7.77397166023765e-06
181 49 -1.849271651393247e-06
205 49 -1.069454352025325e-07
208 49 1.111290777076501e-06
211 49 -9.635972573688003e-07
268 49 -1.673750789682981e-06
271 49 -3.261477645392102e-06
274 49 3.190341087226434e-06
2 50 1.376695094192452e-07
23 50 -2.216268368511432e-08
26 50 9.552040614552006e-07
29 50  1.8388853524737e-07
32 50 -1.211951006379496e-08
47 50 -6.489634940084791e-08
50 50 5.203812572997908e-06
53 50 -5.225059610115261e-08
56 50 -4.47035680329729e-07
71 50 -5.412537155320438e-07
77 50 -1.192848796939675e-05
80 50 -2.161475376039565e-06
83 50 -6.225113376404343e-07
179 50 -7.77397166023765e-06
182 50 -1.849271651393247e-06
206 50 -1.069454352025325e-07
209 50 1.111290777076501e-06
212 50 -9.635972573688003e-07
269 50 -1.673750789682981e-06
272 50 -3.261477645392102e-06
275 50 3.190341087226434e-06
3 51 1.376695094192452e-07
24 51 -2.216268368511432e-08
27 51 9.552040614552006e-07
30 51  1.8388853524737e-07
33 51 -1.211951006379496e-08
48 51 -6.489634940084791e-08
51 51 5.203812572997908e-06
54 51 -5.225059610115261e-08
57 51 -4.47035680329729e-07
72 51 -5.412537155320438e-07
78 51 -1.192848796939675e-05
81 51 -2.161475376039565e-06
84 51 -6.225113376404343e-07
180 51 -7.77397166023765e-06
183 51 -1.849271651393247e-06
207 51 -1.069454352025325e-07
210 51 1.111290777076501e-06
213 51 -9.635972573688003e-07
270 51 -1.673750789682981e-06
273 51 -3.261477645392102e-06
276 51 3.190341087226434e-06
1 52 -6.464744028459368e-08
22 52 9.356187588658308e-09
25 52 -2.091852959351266e-08
28 52 -1.210713936929511e-08
31 52 5.109938367969089e-09
46 52 3.758991545307686e-09
49 52 -5.225059610115261e-08
52 52 2.38939343716639e-08
55 52 6.863956559446666e-09
70 52 2.690456900228091e-07
76 52 2.008346616533337e-07
79 52 7.68062389685957e-08
82 52 4.334336049821102e-08
2 53 -6.464744028459368e-08
23 53 9.356187588658308e-09
26 53 -2.091852959351266e-08
29 53 -1.210713936929511e-08
32 53 5.109938367969089e-09
47 53 3.758991545307686e-09
50 53 -5.225059610115261e-08
53 53 2.38939343716639e-08
56 53 6.863956559446666e-09
71 53 2.690456900228091e-07
77 53 2.008346616533337e-07
80 53 7.68062389685957e-08
83 53 4.334336049821102e-08
3 54 -6.464744028459368e-08
24 54 9.356187588658308e-09
27 54 -2.091852959351266e-08
30 54 -1.210713936929511e-08
33 54 5.109938367969089e-09
48 54 3.758991545307686e-09
51 54 -5.225059610115261e-08
54 54 2.38939343716639e-08
57 54 6.863956559446666e-09
72 54 2.690456900228091e-07
78 54 2.008346616533337e-07
81 54 7.68062389685957e-08
84 54 4.334336049821102e-08
1 55 -2.091656817050849e-08
22 55 9.352264742650059e-09
25 55 -5.364571107964311e-07
49 55 -4.47035680329729e-07
52 55 6.863956559446666e-09
55 55 2.414779646186066e-07
70 55 7.68062389685957e-08
76 55 9.636293194754774e-07
79 55 1.26894309805279e-06
178 55 8.461021466593328e-07
181 55 1.112877150051119e-06
2 56 -2.091656817050849e-08
23 56 9.352264742650059e-09
26 56 -5.364571107964311e-07
50 56 -4.47035680329729e-07
53 56 6.863956559446666e-09
56 56 2.414779646186066e-07
71 56 7.68062389685957e-08
77 56 9.636293194754774e-07
80 56 1.26894309805279e-06
179 56 8.461021466593328e-07
182 56 1.112877150051119e-06
3 57 -2.091656817050849e-08
24 57 9.352264742650059e-09
27 57 -5.364571107964311e-07
51 57 -4.47035680329729e-07
54 57 6.863956559446666e-09
57 57 2.414779646186066e-07
72 57 7.68062389685957e-08
78 57 9.636293194754774e-07
81 57 1.26894309805279e-06
180 57 8.461021466593328e-07
183 57 1.112877150051119e-06
10 58 1.256054734580257e-06
16 58 1.987524872128484e-07
19 58 -2.969803665216396e-08
34 58 3.40970958561394e-07
58 58 1.165944155574602e-05
61 58 -1.343751790109432e-07
64 58 -1.683412328820372e-08
67 58 -6.526685704699858e-07
103 58 -2.511108052416578e-06
109 58 -1.028561708734193e-06
118 58 -8.757321551697645e-08
121 58 -1.344312563677091e-05
124 58 -7.671747501371657e-07
130 58 -2.287453169247689e-05
133 58 -2.67905929573521e-06
139 58 6.494459037932213e-07
142 58 -2.854167118730579e-07
145 58 -2.323007250719481e-08
157 58 -1.68011796695585e-06
193 58 7.653149744699434e-10
202 58 -2.751708350867577e-11
241 58 -1.098691619373094e-10
247 58 -1.154369163941567e-05
253 58 -2.989643810420359e-09
256 58 -3.271845560562762e-07
283 58 9.016608939385512e-08
286 58 -2.265987240783155e-11
289 58 -2.374319732558647e-08
292 58 -1.312712141749428e-09
295 58 -1.119938181728415e-07
298 58 -9.384985999369977e-07
304 58 -2.458853505083911e-07
307 58 -7.560029635339863e-06
11 59 1.256054734580257e-06
17 59 1.987524872128484e-07
20 59 -2.969803665216396e-08
35 59 3.40970958561394e-07
59 59 1.165944155574602e-05
62 59 -1.343751790109432e-07
65 59 -1.683412328820372e-08
68 59 -6.526685704699858e-07
104 59 -2.511108052416578e-06
110 59 -1.028561708734193e-06
119 59 -8.757321551697645e-08
122 59 -1.344312563677091e-05
125 59 -7.671747501371657e-07
131 59 -2.287453169247689e-05
134 59 -2.67905929573521e-06
140 59 6.494459037932213e-07
143 59 -2.854167118730579e-07
146 59 -2.323007250719481e-08
158 59 -1.68011796695585e-06
194 59 7.653149744699434e-10
203 59 -2.751708350867577e-11
242 59 -1.098691619373094e-10
248 59 -1.154369163941567e-05
254 59 -2.989643810420359e-09
257 59 -3.271845560562762e-07
284 59 9.016608939385512e-08
287 59 -2.265987240783155e-11
290 59 -2.374319732558647e-08
293 59 -1.312712141749428e-09
296 59 -1.119938181728415e-07
299 59 -9.384985999369977e-07
305 59 -2.458853505083911e-07
308 59 -7.560029635339863e-06
12 60 1.256054734580257e-06
18 60 1.987524872128484e-07
21 60 -2.969803665216396e-08
36 60 3.40970958561394e-07
60 60 1.165944155574602e-05
63 60 -1.343751790109432e-07
66 60 -1.683412328820372e-08
69 60 -6.526685704699858e-07
105 60 -2.511108052416578e-06
111 60 -1.028561708734193e-06
120 60 -8.757321551697645e-08
123 60 -1.344312563677091e-05
126 60 -7.671747501371657e-07
132 60 -2.287453169247689e-05
135 60 -2.67905929573521e-06
141 60 6.494459037932213e-07
144 60 -2.854167118730579e-07
147 60 -2.323007250719481e-08
159 60 -1.68011796695585e-06
195 60 7.653149744699434e-10
204 60 -2.751708350867577e-11
243 60 -1.098691619373094e-10
249 60 -1.154369163941567e-05
255 60 -2.989643810420359e-09
258 60 -3.271845560562762e-07
285 60 9.016608939385512e-08
288 60 -2.265987240783155e-11
291 60 -2.374319732558647e-08
294 60 -1.312712141749428e-09
297 60 -1.119938181728415e-07
300 60 -9.384985999369977e-07
306 60 -2.458853505083911e-07
309 60 -7.560029635339863e-06
10 61 -1.614224002339198e-08
34 61 -1.316258630121508e-07
58 61 -1.343751790109432e-07
61 61 4.981827656037595e-08
64 61 5.743887109367061e-09
67 61 5.845076710108283e-09
103 61 6.020883951382435e-08
109 61 4.327132869488313e-07
121 61 4.434071494445123e-07
193 61 -2.790089977591629e-11
202 61 3.218297186631605e-12
241 61 3.477382168606229e-12
247 61 1.152333638295602e-07
253 61 1.076176693825526e-10
256 61 1.109898335240173e-07
11 62 -1.614224002339198e-08
35 62 -1.316258630121508e-07
59 62 -1.343751790109432e-07
62 62 4.981827656037595e-08
65 62 5.743887109367061e-09
68 62 5.845076710108283e-09
104 62 6.020883951382435e-08
110 62 4.327132869488313e-07
122 62 4.434071494445123e-07
194 62 -2.790089977591629e-11
203 62 3.218297186631605e-12
242 62 3.477382168606229e-12
248 62 1.152333638295602e-07
254 62 1.076176693825526e-10
257 62 1.109898335240173e-07
12 63 -1.614224002339198e-08
36 63 -1.316258630121508e-07
60 63 -1.343751790109432e-07
63 63 4.981827656037595e-08
66 63 5.743887109367061e-09
69 63 5.845076710108283e-09
105 63 6.020883951382435e-08
111 63 4.327132869488313e-07
123 63 4.434071494445123e-07
195 63 -2.790089977591629e-11
204 63 3.218297186631605e-12
243 63 3.477382168606229e-12
249 63 1.152333638295602e-07
255 63 1.076176693825526e-10
258 63 1.109898335240173e-07
4 64 -2.456424219360176e-08
10 64 -7.92840018810142e-08
13 64 1.100891612033261e-08
34 64 -6.783667648792183e-08
43 64 8.721978491411354e-09
58 64 -1.683412328820372e-08
61 64 5.743887109367061e-09
64 64 3.178377499310726e-08
67 64 7.228843239731707e-09
103 64 3.271298681727686e-07
109 64 2.629079382781172e-07
112 64 8.949040119926041e-08
121 64 6.020883951382437e-08
5 65 -2.456424219360176e-08
11 65 -7.92840018810142e-08
14 65 1.100891612033261e-08
35 65 -6.783667648792183e-08
44 65 8.721978491411354e-09
59 65 -1.683412328820372e-08
62 65 5.743887109367061e-09
65 65 3.178377499310726e-08
68 65 7.228843239731707e-09
104 65 3.271298681727686e-07
110 65 2.629079382781172e-07
113 65 8.949040119926041e-08
122 65 6.020883951382437e-08
6 66 -2.456424219360176e-08
12 66 -7.92840018810142e-08
15 66 1.100891612033261e-08
36 66 -6.783667648792183e-08
45 66 8.721978491411354e-09
60 66 -1.683412328820372e-08
63 66 5.743887109367061e-09
66 66 3.178377499310726e-08
69 66 7.228843239731707e-09
105 66 3.271298681727686e-07
111 66 2.629079382781172e-07
114 66 8.949040119926041e-08
123 66 6.020883951382437e-08
10 67 -7.222662575264028e-07
16 67 -2.876397101923823e-08
19 67 1.284775450383545e-08
34 67 -1.688471808857433e-08
58 67 -6.526685704699858e-07
61 67 5.845076710108283e-09
64 67 7.228843239731707e-09
67 67 3.65104681745962e-07
103 67 1.526433015157944e-06
109 67 6.020883951382435e-08
118 67 1.106117099587789e-08
121 67 1.287837129351728e-06
124 67 1.040762608389689e-07
130 67 1.402642244663056e-06
133 67 1.62832118263351e-06
11 68 -7.222662575264028e-07
17 68 -2.876397101923823e-08
20 68 1.284775450383545e-08
35 68 -1.688471808857433e-08
59 68 -6.526685704699858e-07
62 68 5.845076710108283e-09
65 68 7.228843239731707e-09
68 68 3.65104681745962e-07
104 68 1.526433015157944e-06
110 68 6.020883951382435e-08
119 68 1.106117099587789e-08
122 68 1.287837129351728e-06
125 68 1.040762608389689e-07
131 68 1.402642244663056e-06
134 68 1.62832118263351e-06
12 69 -7.222662575264028e-07
18 69 -2.876397101923823e-08
21 69 1.284775450383545e-08
36 69 -1.688471808857433e-08
60 69 -6.526685704699858e-07
63 69 5.845076710108283e-09
66 69 7.228843239731707e-09
69 69 3.65104681745962e-07
105 69 1.526433015157944e-06
111 69 6.020883951382435e-08
120 69 1.106117099587789e-08
123 69 1.287837129351728e-06
126 69 1.040762608389689e-07
132 69 1.402642244663056e-06
135 69 1.62832118263351e-06
1 70 -4.970472896612468e-06
22 70 2.061801029702548e-07
25 70 -3.865763445517304e-07
28 70 -2.129358508611874e-06
31 70 1.261417907749194e-06
46 70 4.334336049821102e-08
49 70 -5.412537155320438e-07
52 70 2.690456900228091e-07
55 70 7.68062389685957e-08
70 70 1.750599997807068e-05
76 70 1.976654234291892e-06
79 70 1.46945212120988e-06
82 70 5.730368967074137e-06
91 70 2.453272103499694e-06
94 70 6.181411741750124e-06
2 71 -4.970472896612468e-06
23 71 2.061801029702548e-07
26 71 -3.865763445517304e-07
29 71 -2.129358508611874e-06
32 71 1.261417907749194e-06
47 71 4.334336049821102e-08
50 71 -5.412537155320438e-07
53 71 2.690456900228091e-07
56 71 7.68062389685957e-08
71 71 1.750599997807068e-05
77 71 1.976654234291892e-06
80 71 1.46945212120988e-06
83 71 5.730368967074137e-06
92 71 2.453272103499694e-06
95 71 6.181411741750124e-06
3 72 -4.970472896612468e-06
24 72 2.061801029702548e-07
27 72 -3.865763445517304e-07
30 72 -2.129358508611874e-06
33 72 1.261417907749194e-06
48 72 4.334336049821102e-08
51 72 -5.412537155320438e-07
54 72 2.690456900228091e-07
57 72 7.68062389685957e-08
72 72 1.750599997807068e-05
78 72 1.976654234291892e-06
81 72 1.46945212120988e-06
84 72 5.730368967074137e-06
93 72 2.453272103499694e-06
96 72 6.181411741750124e-06
73 73   0.2356799060908108
74 73 -0.01974838131539096
75 73 -9.960781732149282e-05
88 73 0.004873838738811623
89 73 -0.001733500892080838
90 73 -2.522772848761313e-08
97 73 -0.05222260013375311
98 73  0.01930257965160275
99 73 3.512614259675897e-10
175 73 -0.02503073046839686
176 73  0.00345682521854294
177 73 7.55991776671958e-08
184 73 0.005044532876479269
185 73 -0.001274344908196423
186 73 -1.30257386943228e-06
217 73  -0.1699479870116912
218 73  0.02922244303522211
219 73  0.02337191865850575
235 73  0.02759136078777593
236 73 -0.01707682880794315
237 73 -0.008579973206809982
277 73 -0.04413081647210661
278 73 -0.01041633370708229
279 73 0.007229541756825269
280 73 0.007926384043414243
281 73 -0.001958745041895176
282 73 5.278216169388805e-06
319 73 -3.00804716131684e-07
320 73 8.828205830365043e-11
321 73 -2.305745703747461e-06
322 73 -4.318666398447153e-05
323 73 -6.399205137036478e-09
324 73 6.273256800453744e-05
325 73 0.0001118185100355668
326 73 1.011941515643472e-06
327 73 -0.0001597074918085963
328 73 9.990540261117556e-08
329 73 -1.876364529848741e-08
330 73 1.876364529848741e-08
331 73 6.249082335136322e-05
332 73 -9.676288136591931e-07
333 73 -9.092217441849448e-05
334 73 5.161802057419558e-11
335 73 -7.74270308612934e-11
336 73 -2.391718087088866e-10
338 73 6.399740340384266e-09
339 73  2.5466900296322e-08
340 73 2.260610888998984e-10
341 73 -2.560067470636574e-08
342 73 -1.014449928743028e-07
343 73 -2.906499714427263e-10
344 73 4.076299313183842e-11
345 73 -3.188342710460084e-10
346 73 1.297086196863254e-11
347 73 -5.352033477853136e-13
348 73 -1.945629295294878e-11
73 74 -0.01974838131539096
74 74   0.2509778956878417
75 74 -0.02942198201190395
88 74 -0.001155667261387227
89 74   0.0170584355858407
90 74 -0.00371814624969591
97 74  0.01763509474297451
98 74 -0.09927416509123616
99 74  0.02697827974117643
175 74 0.005185237827814351
176 74  -0.0876073537849958
177 74  0.01186443524579668
184 74 -0.001911517362294629
185 74  0.01765586506767739
186 74 -0.005653979378554819
217 74  0.02857009178100384
218 74 -0.07293550334236984
219 74 -0.004999814419018343
235 74  -0.0161512608472014
236 74  0.03221920059148419
237 74 0.008579973206809982
277 74 -0.009824910153507229
278 74  -0.0381663380673159
279 74 0.005196108963269988
280 74 -0.002938117562842759
281 74   0.0277423441519498
282 74 -0.008956696147569328
319 74 5.885470553576705e-11
320 74 1.307615940357579e-06
321 74 -6.65485079601109e-08
322 74 -4.266136758024321e-09
323 74 -4.318666398447153e-05
324 74 2.051694108927742e-06
325 74 6.902640481777241e-07
326 74 0.0001118185100355668
327 74 -8.701155470282238e-06
328 74 -2.814546794773116e-08
329 74 1.468145158573945e-07
330 74 -1.404762812675198e-07
331 74 -6.450858757727986e-07
332 74 6.083549358162771e-05
333 74 6.450858757727986e-07
334 74 -5.161802057419559e-11
335 74 1.806630720096846e-10
336 74 2.391718087088866e-10
337 74 4.266493560256183e-09
339 74 -2.973339385657818e-08
340 74 -1.711013148805566e-08
341 74 6.458888254282809e-11
342 74 1.184647264695285e-07
343 74 7.019034589972181e-11
344 74 -2.58222816521145e-10
345 74 4.101161315033567e-10
346 74 -3.568022318568805e-13
347 74 1.297086196863254e-11
348 74 3.568022318568805e-13
73 75 -9.960781732149282e-05
74 75 -0.02942198201190395
75 75   0.3484925116158269
88 75 -1.681848565840876e-08
89 75 -0.005577240397650948
90 75 0.004873838738811623
97 75 2.341742839783934e-10
98 75   0.0308902332988984
99 75 -0.05707684841920332
175 75 1.133987665007937e-07
176 75 0.007909628116014089
177 75 -0.02503093332279014
184 75 -1.953860804148418e-06
185 75 -0.003768234107478698
186 75 0.005044532876479269
217 75  0.01562922297624671
218 75 -0.003331009064239237
219 75 -0.05415797201712771
235 75 -0.00571998213787332
236 75 0.005719982137873319
237 75   0.0132912358620578
277 75 0.004908347465326156
278 75 0.003466338225345939
279 75 -0.01862992423386926
280 75 7.917324254083213e-06
281 75 -0.00597559689665181
282 75 0.007926384043414243
319 75 -9.853872125864802e-07
320 75 -2.877834647928091e-08
321 75 6.443076570594989e-06
322 75 4.182171200302505e-05
323 75 1.371351186583516e-06
324 75 -0.0001511533239456503
325 75 -0.000106487297576813
326 75 -6.352535797046478e-06
327 75 0.0003913647851244837
328 75 2.814546794773116e-08
329 75 -1.092872252604194e-07
330 75 3.027597958928965e-07
331 75 -6.116655953557478e-05
332 75 9.676288136591931e-07
333 75 0.0002112688977659614
334 75 -1.594478724725909e-10
335 75 1.594478724725908e-10
336 75 5.161802057419558e-11
337 75 1.697793353088135e-08
338 75 -2.337767387126562e-08
340 75 -6.764080430117569e-08
341 75 9.317040469401428e-08
342 75 6.458888254282809e-11
343 75 -2.017471290568121e-10
344 75 3.224563422820437e-10
345 75 -1.616049200072376e-10
346 75 -1.297086196863254e-11
347 75 5.352033477853136e-13
348 75 4.539801689021384e-11
1 76 -5.071482013473059e-07
22 76 7.68062389685957e-08
25 76 -2.008818486750913e-06
28 76 -6.216262097452764e-07
31 76 4.334336049821102e-08
46 76 2.336925203369616e-07
49 76 -1.192848796939675e-05
52 76 2.008346616533337e-07
55 76 9.636293194754774e-07
70 76 1.976654234291892e-06
76 76 3.600323691244009e-05
79 76 5.884513637041959e-06
82 76 2.152950774487118e-06
178 76 1.083860350923355e-05
181 76 2.379267849570403e-06
205 76 2.919809597860925e-07
208 76 -3.231952627403622e-06
211 76 2.468391211707355e-06
268 76 3.015387652624593e-06
271 76 5.912743371454548e-06
274 76 -6.823394821743264e-06
2 77 -5.071482013473059e-07
23 77 7.68062389685957e-08
26 77 -2.008818486750913e-06
29 77 -6.216262097452764e-07
32 77 4.334336049821102e-08
47 77 2.336925203369616e-07
50 77 -1.192848796939675e-05
53 77 2.008346616533337e-07
56 77 9.636293194754774e-07
71 77 1.976654234291892e-06
77 77 3.600323691244009e-05
80 77 5.884513637041959e-06
83 77 2.152950774487118e-06
179 77 1.083860350923355e-05
182 77 2.379267849570403e-06
206 77 2.919809597860925e-07
209 77 -3.231952627403622e-06
212 77 2.468391211707355e-06
269 77 3.015387652624593e-06
272 77 5.912743371454548e-06
275 77 -6.823394821743264e-06
3 78 -5.071482013473059e-07
24 78 7.68062389685957e-08
27 78 -2.008818486750913e-06
30 78 -6.216262097452764e-07
33 78 4.334336049821102e-08
48 78 2.336925203369616e-07
51 78 -1.192848796939675e-05
54 78 2.008346616533337e-07
57 78 9.636293194754774e-07
72 78 1.976654234291892e-06
78 78 3.600323691244009e-05
81 78 5.884513637041959e-06
84 78 2.152950774487118e-06
180 78 1.083860350923355e-05
