%%MatrixMarket matrix coordinate real general
1089 1089 36199
1 1 4.013635606720069e-05
4 1 4.019038866975396e-06
7 1 -9.764646347439387e-06
28 1 -9.710485758578122e-06
31 1 4.001413365487834e-06
34 1 1.313937465189898e-05
37 1 -3.124820437445059e-05
46 1 -9.44480851952393e-06
64 1 -8.228857665297376e-06
67 1 8.428657503443414e-06
70 1 -1.759918334154074e-05
73 1 -9.348532063987311e-06
2 2 4.013635606720069e-05
5 2 4.019038866975396e-06
8 2 -9.764646347439387e-06
29 2 -9.710485758578122e-06
32 2 4.001413365487834e-06
35 2 1.313937465189898e-05
38 2 -3.124820437445059e-05
47 2 -9.44480851952393e-06
65 2 -8.228857665297376e-06
68 2 8.428657503443414e-06
71 2 -1.759918334154074e-05
74 2 -9.348532063987311e-06
3 3 4.013635606720069e-05
6 3 4.019038866975396e-06
9 3 -9.764646347439387e-06
30 3 -9.710485758578122e-06
33 3 4.001413365487834e-06
36 3 1.313937465189898e-05
39 3 -3.124820437445059e-05
48 3 -9.44480851952393e-06
66 3 -8.228857665297376e-06
69 3 8.428657503443414e-06
72 3 -1.759918334154074e-05
75 3 -9.348532063987311e-06
1 4 4.019038866975396e-06
4 4 4.043274185845136e-05
7 4 -9.753172496046917e-06
10 4 4.058434954965194e-06
13 4 -9.870791874160442e-06
34 4 8.460404129028514e-06
37 4 -9.430409866998285e-06
40 4 1.310401774208989e-05
43 4 -8.433846541950246e-06
46 4 -1.782359352822213e-05
49 4 -3.168452733991683e-05
58 4 -9.643412373540016e-06
2 5 4.019038866975396e-06
5 5 4.043274185845136e-05
8 5 -9.753172496046917e-06
11 5 4.058434954965194e-06
14 5 -9.870791874160442e-06
35 5 8.460404129028514e-06
38 5 -9.430409866998285e-06
41 5 1.310401774208989e-05
44 5 -8.433846541950246e-06
47 5 -1.782359352822213e-05
50 5 -3.168452733991683e-05
59 5 -9.643412373540016e-06
3 6 4.019038866975396e-06
6 6 4.043274185845136e-05
9 6 -9.753172496046917e-06
12 6 4.058434954965194e-06
15 6 -9.870791874160442e-06
36 6 8.460404129028514e-06
39 6 -9.430409866998285e-06
42 6 1.310401774208989e-05
45 6 -8.433846541950246e-06
48 6 -1.782359352822213e-05
51 6 -3.168452733991682e-05
60 6 -9.643412373540016e-06
1 7 -9.764646347439387e-06
4 7 -9.753172496046917e-06
7 7 4.14449821341675e-05
34 7 -1.003588747089766e-05
37 7 1.94173697289841e-05
46 7 1.944616703403542e-05
2 8 -9.764646347439387e-06
5 8 -9.753172496046917e-06
8 8 4.14449821341675e-05
35 8 -1.003588747089766e-05
38 8 1.94173697289841e-05
47 8 1.944616703403542e-05
3 9 -9.764646347439387e-06
6 9 -9.753172496046917e-06
9 9 4.14449821341675e-05
36 9 -1.003588747089766e-05
39 9 1.94173697289841e-05
48 9 1.944616703403542e-05
4 10 4.058434954965194e-06
10 10 4.095499918465305e-05
13 10 -9.849695148746508e-06
16 10 4.120632135917407e-06
19 10 -1.003434577131096e-05
40 10 8.510593140082448e-06
49 10 -9.616709116816679e-06
52 10 1.304324084638879e-05
55 10 -8.829994530690728e-06
58 10 -1.829195577074215e-05
61 10 -3.242304965909477e-05
82 10 -9.956190464938771e-06
5 11 4.058434954965194e-06
11 11 4.095499918465305e-05
14 11 -9.849695148746508e-06
17 11 4.120632135917407e-06
20 11 -1.003434577131096e-05
41 11 8.510593140082448e-06
50 11 -9.616709116816679e-06
53 11 1.304324084638879e-05
56 11 -8.829994530690728e-06
59 11 -1.829195577074215e-05
62 11 -3.242304965909477e-05
83 11 -9.956190464938771e-06
6 12 4.058434954965194e-06
12 12 4.095499918465305e-05
15 12 -9.849695148746508e-06
18 12 4.120632135917407e-06
21 12 -1.003434577131096e-05
42 12 8.510593140082448e-06
51 12 -9.616709116816679e-06
54 12 1.304324084638879e-05
57 12 -8.829994530690728e-06
60 12 -1.829195577074215e-05
63 12 -3.242304965909477e-05
84 12 -9.956190464938771e-06
4 13 -9.870791874160442e-06
10 13 -9.849695148746508e-06
13 13 4.189310607299963e-05
40 13 -1.015356121844742e-05
49 13 1.981355055095404e-05
58 13 1.98669570644008e-05
5 14 -9.870791874160442e-06
11 14 -9.849695148746508e-06
14 14 4.189310607299963e-05
41 14 -1.015356121844742e-05
50 14 1.981355055095404e-05
59 14 1.98669570644008e-05
6 15 -9.870791874160442e-06
12 15 -9.849695148746508e-06
15 15 4.189310607299963e-05
42 15 -1.015356121844742e-05
51 15 1.981355055095404e-05
60 15 1.98669570644008e-05
10 16 4.120632135917407e-06
16 16 4.171841890778559e-05
19 16 -1.00028552870327e-05
22 16 4.207395565766593e-06
25 16 -1.026046647401743e-05
52 16 8.572068358701309e-06
61 16 -9.915785532553143e-06
76 16 1.294155387086178e-05
79 16 -9.448604894021596e-06
82 16 -1.902924418107877e-05
85 16 -3.34899365051838e-05
154 16 -1.039825750923421e-05
11 17 4.120632135917407e-06
17 17 4.171841890778559e-05
20 17 -1.00028552870327e-05
23 17 4.207395565766593e-06
26 17 -1.026046647401743e-05
53 17 8.572068358701309e-06
62 17 -9.915785532553143e-06
77 17 1.294155387086178e-05
80 17 -9.448604894021596e-06
83 17 -1.902924418107877e-05
86 17 -3.34899365051838e-05
155 17 -1.039825750923421e-05
12 18 4.120632135917407e-06
18 18 4.171841890778559e-05
21 18 -1.00028552870327e-05
24 18 4.207395565766593e-06
27 18 -1.026046647401743e-05
54 18 8.572068358701309e-06
63 18 -9.915785532553143e-06
78 18 1.294155387086178e-05
81 18 -9.448604894021596e-06
84 18 -1.902924418107877e-05
87 18 -3.34899365051838e-05
156 18 -1.039825750923421e-05
10 19 -1.003434577131096e-05
16 19 -1.00028552870327e-05
19 19 4.258867739351482e-05
52 19 -1.033292648330592e-05
61 19 2.044598261255171e-05
82 19 2.052679247732307e-05
11 20 -1.003434577131096e-05
17 20 -1.00028552870327e-05
20 20 4.258867739351482e-05
53 20 -1.033292648330592e-05
62 20 2.044598261255171e-05
83 20 2.052679247732307e-05
12 21 -1.003434577131096e-05
18 21 -1.00028552870327e-05
21 21 4.258867739351482e-05
54 21 -1.033292648330592e-05
63 21 2.044598261255171e-05
84 21 2.052679247732307e-05
16 22 4.207395565766593e-06
22 22 1.816426541551634e-05
25 22 -1.021739755190047e-05
76 22 8.631200607366318e-06
85 22 -1.034193644941813e-05
154 22 -2.007727082273273e-05
175 22 4.207395565766593e-06
178 22 -1.034193644941813e-05
181 22 -1.021739755190047e-05
17 23 4.207395565766593e-06
23 23 1.816426541551634e-05
26 23 -1.021739755190047e-05
77 23 8.631200607366318e-06
86 23 -1.034193644941813e-05
155 23 -2.007727082273273e-05
176 23 4.207395565766593e-06
179 23 -1.034193644941813e-05
182 23 -1.021739755190047e-05
18 24 4.207395565766593e-06
24 24 1.816426541551634e-05
27 24 -1.021739755190047e-05
78 24 8.631200607366318e-06
87 24 -1.034193644941813e-05
156 24 -2.007727082273273e-05
177 24 4.207395565766593e-06
180 24 -1.034193644941813e-05
183 24 -1.021739755190047e-05
16 25 -1.026046647401743e-05
22 25 -1.021739755190047e-05
25 25 4.355486263913651e-05
76 25 -1.057499817526098e-05
85 25 2.134607098026849e-05
154 25 2.14587130999007e-05
17 26 -1.026046647401743e-05
23 26 -1.021739755190047e-05
26 26 4.355486263913651e-05
77 26 -1.057499817526098e-05
86 26 2.134607098026849e-05
155 26 2.14587130999007e-05
18 27 -1.026046647401743e-05
24 27 -1.021739755190047e-05
27 27 4.355486263913651e-05
78 27 -1.057499817526098e-05
87 27 2.134607098026849e-05
156 27 2.14587130999007e-05
1 28 -9.710485758578122e-06
28 28 4.12301500961994e-05
31 28 -9.71276092654751e-06
67 28 -9.97895261795942e-06
70 28 1.924458703957725e-05
73 28 1.923890454572184e-05
2 29 -9.710485758578122e-06
29 29 4.12301500961994e-05
32 29 -9.71276092654751e-06
68 29 -9.97895261795942e-06
71 29 1.924458703957725e-05
74 29 1.923890454572184e-05
3 30 -9.710485758578122e-06
30 30 4.12301500961994e-05
33 30 -9.71276092654751e-06
69 30 -9.97895261795942e-06
72 30 1.924458703957725e-05
75 30 1.923890454572184e-05
1 31 4.001413365487834e-06
28 31 -9.71276092654751e-06
31 31 2.342199818323865e-05
67 31 9.084554331393755e-06
70 31 -9.351373310915069e-06
73 31 -2.259884735707758e-05
2 32 4.001413365487834e-06
29 32 -9.71276092654751e-06
32 32 2.342199818323865e-05
68 32 9.084554331393755e-06
71 32 -9.351373310915069e-06
74 32 -2.259884735707758e-05
3 33 4.001413365487834e-06
30 33 -9.71276092654751e-06
33 33 2.342199818323865e-05
69 33 9.084554331393755e-06
72 33 -9.351373310915069e-06
75 33 -2.259884735707758e-05
1 34 1.313937465189898e-05
4 34 8.460404129028514e-06
7 34 -1.003588747089766e-05
34 34 0.0001228852682103396
37 34 -3.498753429173576e-05
40 34 1.33540797540646e-05
43 34 -3.161123864030452e-05
46 34 -1.99891721747269e-05
49 34 -8.956095781606478e-06
64 34 -3.100673406525843e-05
67 34 1.337577715572823e-05
70 34 -8.746764114679874e-06
199 34 1.32808188106576e-05
202 34 -2.814380199665684e-05
211 34 -6.761020185039616e-06
229 34 -5.879334438695187e-06
232 34 7.717109725606608e-06
235 34 -1.410255075259513e-05
238 34 -6.465155221047879e-06
2 35 1.313937465189898e-05
5 35 8.460404129028514e-06
8 35 -1.003588747089766e-05
35 35 0.0001228852682103396
38 35 -3.498753429173576e-05
41 35 1.33540797540646e-05
44 35 -3.161123864030452e-05
47 35 -1.99891721747269e-05
50 35 -8.956095781606478e-06
65 35 -3.100673406525843e-05
68 35 1.337577715572823e-05
71 35 -8.746764114679874e-06
200 35 1.32808188106576e-05
203 35 -2.814380199665684e-05
212 35 -6.761020185039616e-06
230 35 -5.879334438695187e-06
233 35 7.717109725606608e-06
236 35 -1.410255075259513e-05
239 35 -6.465155221047879e-06
3 36 1.313937465189898e-05
6 36 8.460404129028514e-06
9 36 -1.003588747089766e-05
36 36 0.0001228852682103396
39 36 -3.498753429173576e-05
42 36 1.33540797540646e-05
45 36 -3.161123864030452e-05
48 36 -1.99891721747269e-05
51 36 -8.956095781606478e-06
66 36 -3.100673406525843e-05
69 36 1.337577715572823e-05
72 36 -8.746764114679874e-06
201 36 1.32808188106576e-05
204 36 -2.814380199665684e-05
213 36 -6.761020185039616e-06
231 36 -5.879334438695187e-06
234 36 7.717109725606608e-06
237 36 -1.410255075259513e-05
240 36 -6.465155221047879e-06
1 37 -3.124820437445059e-05
4 37 -9.430409866998285e-06
7 37 1.94173697289841e-05
34 37 -3.498753429173576e-05
37 37 0.0001455611851740141
46 37 1.823521182623666e-05
64 37 1.586005420751259e-05
67 37 -8.763706098054345e-06
70 37 1.689586710627759e-05
2 38 -3.124820437445059e-05
5 38 -9.430409866998285e-06
8 38 1.94173697289841e-05
35 38 -3.498753429173576e-05
38 38 0.0001455611851740141
47 38 1.823521182623666e-05
65 38 1.586005420751259e-05
68 38 -8.763706098054345e-06
71 38 1.689586710627759e-05
3 39 -3.124820437445059e-05
6 39 -9.430409866998285e-06
9 39 1.94173697289841e-05
36 39 -3.498753429173576e-05
39 39 0.0001455611851740141
48 39 1.823521182623666e-05
66 39 1.586005420751259e-05
69 39 -8.763706098054345e-06
72 39 1.689586710627759e-05
4 40 1.310401774208989e-05
10 40 8.510593140082448e-06
13 40 -1.015356121844742e-05
34 40 1.33540797540646e-05
40 40 0.0001262308401011743
43 40 -3.124511204846704e-05
46 40 -8.911514657075232e-06
49 40 -3.501521304865349e-05
52 40 1.330160637058866e-05
55 40 -3.24304901460863e-05
58 40 -2.025367247267157e-05
61 40 -9.306498955761328e-06
199 40 7.844585269126116e-06
202 40 -6.705902476760921e-06
205 40 1.331313721146092e-05
208 40 -6.242875534466359e-06
211 40 -1.457522648469036e-05
214 40 -2.906206538487734e-05
223 40 -7.345723165608981e-06
5 41 1.310401774208989e-05
11 41 8.510593140082448e-06
14 41 -1.015356121844742e-05
35 41 1.33540797540646e-05
41 41 0.0001262308401011743
44 41 -3.124511204846704e-05
47 41 -8.911514657075232e-06
50 41 -3.501521304865349e-05
53 41 1.330160637058866e-05
56 41 -3.24304901460863e-05
59 41 -2.025367247267157e-05
62 41 -9.306498955761328e-06
200 41 7.844585269126116e-06
203 41 -6.705902476760921e-06
206 41 1.331313721146092e-05
209 41 -6.242875534466359e-06
212 41 -1.457522648469036e-05
215 41 -2.906206538487734e-05
224 41 -7.345723165608981e-06
6 42 1.310401774208989e-05
12 42 8.510593140082448e-06
15 42 -1.015356121844742e-05
36 42 1.33540797540646e-05
42 42 0.0001262308401011743
45 42 -3.124511204846704e-05
48 42 -8.911514657075232e-06
51 42 -3.501521304865349e-05
54 42 1.330160637058866e-05
57 42 -3.24304901460863e-05
60 42 -2.025367247267157e-05
63 42 -9.306498955761328e-06
201 42 7.844585269126116e-06
204 42 -6.705902476760921e-06
207 42 1.331313721146092e-05
210 42 -6.242875534466359e-06
213 42 -1.457522648469036e-05
216 42 -2.906206538487734e-05
225 42 -7.345723165608981e-06
4 43 -8.433846541950246e-06
34 43 -3.161123864030452e-05
40 43 -3.124511204846704e-05
43 43 0.0001239575993800696
46 43 1.630560835577557e-05
49 43 1.639477060483806e-05
199 43 -7.050665379260463e-06
202 43 1.201266275307852e-05
211 43 1.212289816963589e-05
5 44 -8.433846541950246e-06
35 44 -3.161123864030452e-05
41 44 -3.124511204846704e-05
44 44 0.0001239575993800696
47 44 1.630560835577557e-05
50 44 1.639477060483806e-05
200 44 -7.050665379260463e-06
203 44 1.201266275307852e-05
212 44 1.212289816963589e-05
6 45 -8.433846541950246e-06
36 45 -3.161123864030452e-05
42 45 -3.124511204846704e-05
45 45 0.0001239575993800696
48 45 1.630560835577557e-05
51 45 1.639477060483806e-05
201 45 -7.050665379260463e-06
204 45 1.201266275307852e-05
213 45 1.212289816963589e-05
1 46 -9.44480851952393e-06
4 46 -1.782359352822213e-05
7 46 1.944616703403542e-05
34 46 -1.99891721747269e-05
37 46 1.823521182623666e-05
40 46 -8.911514657075232e-06
43 46 1.630560835577557e-05
46 46 7.109373173310323e-05
49 46 1.735010683508803e-05
2 47 -9.44480851952393e-06
5 47 -1.782359352822213e-05
8 47 1.944616703403542e-05
35 47 -1.99891721747269e-05
38 47 1.823521182623666e-05
41 47 -8.911514657075232e-06
44 47 1.630560835577557e-05
47 47 7.109373173310323e-05
50 47 1.735010683508803e-05
3 48 -9.44480851952393e-06
6 48 -1.782359352822213e-05
9 48 1.944616703403542e-05
36 48 -1.99891721747269e-05
39 48 1.823521182623666e-05
42 48 -8.911514657075232e-06
45 48 1.630560835577557e-05
48 48 7.109373173310323e-05
51 48 1.735010683508803e-05
4 49 -3.168452733991683e-05
10 49 -9.616709116816679e-06
13 49 1.981355055095404e-05
34 49 -8.956095781606478e-06
40 49 -3.501521304865349e-05
43 49 1.639477060483806e-05
46 49 1.735010683508803e-05
49 49 0.0001486590009399782
58 49 1.879325286113928e-05
5 50 -3.168452733991683e-05
11 50 -9.616709116816679e-06
14 50 1.981355055095404e-05
35 50 -8.956095781606478e-06
41 50 -3.501521304865349e-05
44 50 1.639477060483806e-05
47 50 1.735010683508803e-05
50 50 0.0001486590009399782
59 50 1.879325286113928e-05
6 51 -3.168452733991683e-05
12 51 -9.616709116816679e-06
15 51 1.981355055095404e-05
36 51 -8.956095781606478e-06
42 51 -3.501521304865349e-05
45 51 1.639477060483806e-05
48 51 1.735010683508803e-05
51 51 0.0001486590009399782
60 51 1.879325286113928e-05
10 52 1.304324084638879e-05
16 52 8.572068358701309e-06
19 52 -1.033292648330592e-05
40 52 1.330160637058866e-05
52 52 0.0001319967535571821
55 52 -3.178140619292442e-05
58 52 -9.229282305367047e-06
61 52 -3.503718540539472e-05
76 52 1.318300154515071e-05
79 52 -3.357282606809617e-05
82 52 -2.060395983152243e-05
85 52 -9.83545676090882e-06
205 52 8.067975989430454e-06
214 52 -7.242804702891826e-06
217 52 1.331080988190326e-05
220 52 -6.959434933660242e-06
223 52 -1.554017970491072e-05
226 52 -3.054314795736456e-05
304 52 -8.296683116293173e-06
11 53 1.304324084638879e-05
17 53 8.572068358701309e-06
20 53 -1.033292648330592e-05
41 53 1.330160637058866e-05
53 53 0.0001319967535571821
56 53 -3.178140619292442e-05
59 53 -9.229282305367047e-06
62 53 -3.503718540539472e-05
77 53 1.318300154515071e-05
80 53 -3.357282606809617e-05
83 53 -2.060395983152243e-05
86 53 -9.83545676090882e-06
206 53 8.067975989430454e-06
215 53 -7.242804702891826e-06
218 53 1.331080988190326e-05
221 53 -6.959434933660242e-06
224 53 -1.554017970491072e-05
227 53 -3.054314795736456e-05
305 53 -8.296683116293173e-06
12 54 1.304324084638879e-05
18 54 8.572068358701309e-06
21 54 -1.033292648330592e-05
42 54 1.330160637058866e-05
54 54 0.0001319967535571821
57 54 -3.178140619292442e-05
60 54 -9.229282305367047e-06
63 54 -3.503718540539472e-05
78 54 1.318300154515071e-05
81 54 -3.357282606809617e-05
84 54 -2.060395983152243e-05
87 54 -9.83545676090882e-06
207 54 8.067975989430454e-06
216 54 -7.242804702891826e-06
219 54 1.331080988190326e-05
222 54 -6.959434933660242e-06
225 54 -1.554017970491072e-05
228 54 -3.054314795736456e-05
306 54 -8.296683116293173e-06
10 55 -8.829994530690728e-06
40 55 -3.24304901460863e-05
52 55 -3.178140619292442e-05
55 55 0.0001316989669400237
58 55 1.725421652977917e-05
61 55 1.740864983056778e-05
205 55 -7.614242976569066e-06
214 55 1.331632670319677e-05
223 55 1.352216362863112e-05
11 56 -8.829994530690728e-06
41 56 -3.24304901460863e-05
53 56 -3.178140619292442e-05
56 56 0.0001316989669400237
59 56 1.725421652977917e-05
62 56 1.740864983056778e-05
206 56 -7.614242976569066e-06
215 56 1.331632670319677e-05
224 56 1.352216362863112e-05
12 57 -8.829994530690728e-06
42 57 -3.24304901460863e-05
54 57 -3.178140619292442e-05
57 57 0.0001316989669400237
60 57 1.725421652977917e-05
63 57 1.740864983056778e-05
207 57 -7.614242976569066e-06
216 57 1.331632670319677e-05
225 57 1.352216362863112e-05
4 58 -9.643412373540016e-06
10 58 -1.829195577074215e-05
13 58 1.98669570644008e-05
40 58 -2.025367247267157e-05
49 58 1.879325286113928e-05
52 58 -9.229282305367047e-06
55 58 1.725421652977917e-05
58 58 7.388122839143983e-05
61 58 1.820722537992039e-05
5 59 -9.643412373540016e-06
11 59 -1.829195577074215e-05
14 59 1.98669570644008e-05
41 59 -2.025367247267157e-05
50 59 1.879325286113928e-05
53 59 -9.229282305367047e-06
56 59 1.725421652977917e-05
59 59 7.388122839143983e-05
62 59 1.820722537992039e-05
6 60 -9.643412373540016e-06
12 60 -1.829195577074215e-05
15 60 1.98669570644008e-05
42 60 -2.025367247267157e-05
51 60 1.879325286113928e-05
54 60 -9.229282305367047e-06
57 60 1.725421652977917e-05
60 60 7.388122839143983e-05
63 60 1.820722537992039e-05
10 61 -3.242304965909477e-05
16 61 -9.915785532553143e-06
19 61 2.044598261255171e-05
40 61 -9.306498955761328e-06
52 61 -3.503718540539472e-05
55 61 1.740864983056778e-05
58 61 1.820722537992039e-05
61 61 0.0001539204986737277
82 61 1.969251057581735e-05
11 62 -3.242304965909477e-05
17 62 -9.915785532553143e-06
20 62 2.044598261255171e-05
41 62 -9.306498955761328e-06
53 62 -3.503718540539472e-05
56 62 1.740864983056778e-05
59 62 1.820722537992039e-05
62 62 0.0001539204986737277
83 62 1.969251057581735e-05
12 63 -3.242304965909477e-05
18 63 -9.915785532553143e-06
21 63 2.044598261255171e-05
42 63 -9.306498955761328e-06
54 63 -3.503718540539472e-05
57 63 1.740864983056778e-05
60 63 1.820722537992039e-05
63 63 0.0001539204986737277
84 63 1.969251057581735e-05
1 64 -8.228857665297376e-06
34 64 -3.100673406525843e-05
37 64 1.586005420751259e-05
64 64 0.0001200851797839416
67 64 -3.11340406521384e-05
70 64 1.582617024076361e-05
232 64 -6.779806330792585e-06
235 64 1.145923389766683e-05
238 64 1.142599281781882e-05
2 65 -8.228857665297376e-06
35 65 -3.100673406525843e-05
38 65 1.586005420751259e-05
65 65 0.0001200851797839416
68 65 -3.11340406521384e-05
71 65 1.582617024076361e-05
233 65 -6.779806330792585e-06
236 65 1.145923389766683e-05
239 65 1.142599281781882e-05
3 66 -8.228857665297376e-06
36 66 -3.100673406525843e-05
39 66 1.586005420751259e-05
66 66 0.0001200851797839416
69 66 -3.11340406521384e-05
72 66 1.582617024076361e-05
234 66 -6.779806330792585e-06
237 66 1.145923389766683e-05
240 66 1.142599281781882e-05
1 67 8.428657503443414e-06
28 67 -9.97895261795942e-06
31 67 9.084554331393755e-06
34 67 1.337577715572823e-05
37 67 -8.763706098054345e-06
64 67 -3.11340406521384e-05
67 67 9.035623072391414e-05
70 67 -1.982967380555392e-05
73 67 -2.541924625719569e-05
232 67 9.514008184550277e-06
235 67 -6.481775760971873e-06
238 67 -2.095272959232165e-05
2 68 8.428657503443414e-06
29 68 -9.97895261795942e-06
32 68 9.084554331393755e-06
35 68 1.337577715572823e-05
38 68 -8.763706098054345e-06
65 68 -3.11340406521384e-05
68 68 9.035623072391414e-05
71 68 -1.982967380555392e-05
74 68 -2.541924625719569e-05
233 68 9.514008184550277e-06
236 68 -6.481775760971873e-06
239 68 -2.095272959232165e-05
3 69 8.428657503443414e-06
30 69 -9.97895261795942e-06
33 69 9.084554331393755e-06
36 69 1.337577715572823e-05
39 69 -8.763706098054345e-06
66 69 -3.11340406521384e-05
69 69 9.035623072391414e-05
72 69 -1.982967380555392e-05
75 69 -2.541924625719569e-05
234 69 9.514008184550277e-06
237 69 -6.481775760971873e-06
240 69 -2.095272959232165e-05
1 70 -1.759918334154074e-05
28 70 1.924458703957725e-05
31 70 -9.351373310915069e-06
34 70 -8.746764114679874e-06
37 70 1.689586710627759e-05
64 70 1.582617024076361e-05
67 70 -1.982967380555392e-05
70 70 6.971566261419215e-05
73 70 1.798374593163297e-05
2 71 -1.759918334154074e-05
29 71 1.924458703957725e-05
32 71 -9.351373310915069e-06
35 71 -8.746764114679874e-06
38 71 1.689586710627759e-05
65 71 1.582617024076361e-05
68 71 -1.982967380555392e-05
71 71 6.971566261419215e-05
74 71 1.798374593163297e-05
3 72 -1.759918334154074e-05
30 72 1.924458703957725e-05
33 72 -9.351373310915069e-06
36 72 -8.746764114679874e-06
39 72 1.689586710627759e-05
66 72 1.582617024076361e-05
69 72 -1.982967380555392e-05
72 72 6.971566261419215e-05
75 72 1.798374593163297e-05
1 73 -9.348532063987311e-06
28 73 1.923890454572184e-05
31 73 -2.259884735707758e-05
67 73 -2.541924625719569e-05
70 73 1.798374593163297e-05
73 73 0.0001108746245720287
2 74 -9.348532063987311e-06
29 74 1.923890454572184e-05
32 74 -2.259884735707758e-05
68 74 -2.541924625719569e-05
71 74 1.798374593163297e-05
74 74 0.0001108746245720287
3 75 -9.348532063987311e-06
30 75 1.923890454572184e-05
33 75 -2.259884735707758e-05
69 75 -2.541924625719569e-05
72 75 1.798374593163297e-05
75 75 0.0001108746245720287
16 76 1.294155387086178e-05
22 76 8.631200607366318e-06
25 76 -1.057499817526098e-05
52 76 1.318300154515071e-05
76 76 0.0001406214489470148
79 76 -3.256026099707949e-05
82 76 -9.716326020884788e-06
85 76 -3.499480963096245e-05
154 76 -2.099897782390739e-05
175 76 1.294155430823475e-05
178 76 -3.49948099541828e-05
181 76 -1.057499817526098e-05
217 76 8.341507278220198e-06
226 76 -8.127552758992126e-06
304 76 -1.702067890444058e-05
349 76 1.318300155246387e-05
352 76 -8.127552758992126e-06
355 76 -3.256026362114291e-05
358 76 -9.716326020884788e-06
17 77 1.294155387086178e-05
23 77 8.631200607366318e-06
26 77 -1.057499817526098e-05
53 77 1.318300154515071e-05
77 77 0.0001406214489470148
80 77 -3.256026099707949e-05
83 77 -9.716326020884788e-06
86 77 -3.499480963096245e-05
155 77 -2.099897782390739e-05
176 77 1.294155430823475e-05
179 77 -3.49948099541828e-05
182 77 -1.057499817526098e-05
218 77 8.341507278220198e-06
227 77 -8.127552758992126e-06
305 77 -1.702067890444058e-05
350 77 1.318300155246387e-05
353 77 -8.127552758992126e-06
356 77 -3.256026362114291e-05
359 77 -9.716326020884788e-06
18 78 1.294155387086178e-05
24 78 8.631200607366318e-06
27 78 -1.057499817526098e-05
54 78 1.318300154515071e-05
78 78 0.0001406214489470148
81 78 -3.256026099707949e-05
84 78 -9.716326020884788e-06
87 78 -3.499480963096245e-05
156 78 -2.099897782390739e-05
177 78 1.294155430823475e-05
180 78 -3.49948099541828e-05
183 78 -1.057499817526098e-05
219 78 8.341507278220198e-06
228 78 -8.127552758992126e-06
306 78 -1.702067890444058e-05
351 78 1.318300155246387e-05
354 78 -8.127552758992126e-06
357 78 -3.256026362114291e-05
360 78 -9.716326020884788e-06
16 79 -9.448604894021596e-06
52 79 -3.357282606809617e-05
76 79 -3.256026099707949e-05
79 79 0.0001439195691832234
82 79 1.876397049483428e-05
85 79 1.900223197488238e-05
217 79 -8.517706767109103e-06
226 79 1.553013391748779e-05
304 79 1.586839463208998e-05
17 80 -9.448604894021596e-06
53 80 -3.357282606809617e-05
77 80 -3.256026099707949e-05
80 80 0.0001439195691832234
83 80 1.876397049483428e-05
86 80 1.900223197488238e-05
218 80 -8.517706767109103e-06
227 80 1.553013391748779e-05
305 80 1.586839463208998e-05
18 81 -9.448604894021596e-06
54 81 -3.357282606809617e-05
78 81 -3.256026099707949e-05
81 81 0.0001439195691832234
84 81 1.876397049483428e-05
87 81 1.900223197488238e-05
219 81 -8.517706767109103e-06
228 81 1.553013391748779e-05
306 81 1.586839463208998e-05
10 82 -9.956190464938771e-06
16 82 -1.902924418107877e-05
19 82 2.052679247732307e-05
52 82 -2.060395983152243e-05
61 82 1.969251057581735e-05
76 82 -9.716326020884788e-06
79 82 1.876397049483428e-05
82 82 7.828088102592213e-05
85 82 1.953767422860881e-05
11 83 -9.956190464938771e-06
17 83 -1.902924418107877e-05
20 83 2.052679247732307e-05
53 83 -2.060395983152243e-05
62 83 1.969251057581735e-05
77 83 -9.716326020884788e-06
80 83 1.876397049483428e-05
83 83 7.828088102592213e-05
86 83 1.953767422860881e-05
12 84 -9.956190464938771e-06
18 84 -1.902924418107877e-05
21 84 2.052679247732307e-05
54 84 -2.060395983152243e-05
63 84 1.969251057581735e-05
78 84 -9.716326020884788e-06
81 84 1.876397049483428e-05
84 84 7.828088102592213e-05
87 84 1.953767422860881e-05
16 85 -3.34899365051838e-05
22 85 -1.034193644941813e-05
25 85 2.134607098026849e-05
52 85 -9.83545676090882e-06
76 85 -3.499480963096245e-05
79 85 1.900223197488238e-05
82 85 1.953767422860881e-05
85 85 0.0001616140878460255
154 85 2.099258964821497e-05
17 86 -3.34899365051838e-05
23 86 -1.034193644941813e-05
26 86 2.134607098026849e-05
53 86 -9.83545676090882e-06
77 86 -3.499480963096245e-05
80 86 1.900223197488238e-05
83 86 1.953767422860881e-05
86 86 0.0001616140878460255
155 86 2.099258964821497e-05
18 87 -3.34899365051838e-05
24 87 -1.034193644941813e-05
27 87 2.134607098026849e-05
54 87 -9.83545676090882e-06
78 87 -3.499480963096245e-05
81 87 1.900223197488238e-05
84 87 1.953767422860881e-05
87 87 0.0001616140878460255
156 87 2.099258964821497e-05
88 88  0.06014106568717328
89 88 -0.001266265167275063
90 88 0.007372480701383658
91 88 -0.02227296428166872
92 88 0.0003661842978586372
93 88 -0.003722072814537557
94 88  0.01976846064380785
95 88 -0.003226051309296597
96 88 0.004704911985458576
97 88 0.008558130942567365
98 88 0.001030728410414489
99 88 0.002313424618274881
100 88  0.01170722449287034
101 88  0.00162415138955622
102 88 0.005111841590008769
106 88 0.002398680914205336
107 88 -0.000440928491114802
109 88 -0.004142171847743775
110 88 0.001583085739790138
111 88 -0.0004559191950882614
112 88 -0.006918189427918504
113 88 0.0002543509368108102
114 88 0.0003816857423893091
115 88 0.0004548212917324621
116 88 7.474419325616467e-05
117 88 7.423345269895138e-05
88 89 -0.001266265167275063
89 89  0.07539942319463358
90 89 -0.009538877343190578
91 89 0.0002441228652390927
92 89 -0.02826692180879253
93 89 0.002890252543518273
94 89 -0.003009641214876479
95 89  0.01976846064380785
96 89 0.003498727577809451
97 89  0.00154609261562173
98 89 0.005981309916531116
99 89  0.00270641993693261
100 89 0.001504855982129178
101 89  0.02553679321288128
102 89 -0.006662144783511383
106 89 -0.0002939523274098687
107 89 0.008395383199718673
108 89 -0.00210472858679546
109 89 0.001476563962821949
110 89 -0.01394085057186105
111 89 0.003250508740622275
112 89 -0.0002516061784213165
113 89 -0.02363061590523621
114 89 0.006887087800882432
115 89 4.982946217077632e-05
116 89 0.0004520765333429709
117 89 -0.0008068438041463183
88 90 0.007372480701383657
89 90 -0.009538877343190578
90 90   0.1737459507366387
91 90 -0.002481381876358396
92 90 0.003721385150354204
93 90 -0.07196141745871669
94 90 0.001208754141743319
95 90 0.0002143145149728254
96 90  0.06918961225332768
97 90 0.003470136927412309
98 90 -0.0001235738906073213
99 90  0.03253027932502195
100 90 0.0009504008262112814
101 90 -0.005032016602625993
102 90  0.04863513866604337
107 90 -0.003157092880193204
108 90 0.002398680914205336
109 90 -0.0006838787926323922
110 90 0.004875763110933426
111 90 -0.004018449426578846
112 90 0.0006343898241664226
113 90 0.009698871496880829
114 90 -0.008181709836804062
115 90 4.948896846596771e-05
116 90 -0.0005785055017766947
117 90  0.00159461927945312
88 91 -0.02227296428166872
89 91 0.0002441228652390927
90 91 -0.002481381876358396
91 91  0.02432476187825666
92 91 -0.0002903769071814506
94 91 -0.04117764495291037
95 91 0.0008368891599490229
96 91 0.001939955374383045
97 91 -0.01307857313186869
98 91 -0.0002499348925829415
99 91 -0.001906388078911007
100 91 -0.03253998180112903
101 91 0.0003590736913997838
102 91 0.003098342375796744
106 91 -0.001287276344212168
107 91 0.0001689614657906611
109 91 0.003411402722869891
110 91 -0.001006926094830629
111 91 0.0003281065110181292
112 91   0.0026904186112772
113 91 0.0002928356004276549
114 91 -0.0002928356004276549
115 91 -0.0004273569126727977
116 91 2.877861891185863e-05
187 91 -5.565717104836024e-05
188 91 -2.109061147637018e-05
190 91 0.003486150076690211
191 91 -0.0001943221233497858
193 91 0.002425239002122261
194 91 -0.0003016561030941009
196 91 -0.001307232766149941
197 91 0.0001171384072326378
241 91  0.01451625012166761
242 91 -0.001251761464261768
243 91 -0.005407987049024658
244 91 -0.006249365691492158
245 91 0.0002950883919879253
246 91 0.002494324862028351
250 91  0.01477095825949249
251 91 -1.110255268271343e-05
252 91 -0.005501361538415382
256 91 -0.0005033294641825318
257 91 9.031663911163928e-06
258 91 -0.0006169604994383469
274 91 0.0001073400370169916
275 91 -6.107580885247673e-05
276 91 -3.527091059047436e-05
331 91 9.86166253091673e-05
332 91 -1.881110787658183e-08
333 91 -4.22454568817665e-05
338 91 0.001282781913786385
339 91 -0.0007445394193528542
341 91 -0.0002995563811270448
342 91 0.0001839559089318434
343 91 -0.0001251811323601747
344 91 5.465790694840806e-05
345 91 -3.35672954720379e-05
346 91 2.656450705100741e-05
347 91 -1.537935037436398e-06
88 92 0.0003661842978586372
89 92 -0.02826692180879253
90 92 0.003721385150354204
91 92 -0.0002903769071814506
92 92   0.0262752668053545
93 92 -0.003058370255517381
94 92 0.0007662051837851316
95 92 -0.03934233567356982
96 92 0.002268894928333858
97 92 -0.0003749023388744112
98 92 -0.01914167063717433
99 92 0.002281290417785418
100 92 0.0004326636812356004
101 92 -0.03069973852139831
102 92 0.005071090739978204
106 92 0.0001126409771937742
107 92 -0.004505467204742575
108 92 0.001174635367018394
109 92 -0.0009153137302434661
110 92   0.0119399095300446
111 92 -0.002970613303858382
112 92 0.0004392534006414828
113 92  0.00868437613840102
114 92 -0.002836836411491024
115 92 3.878069626928041e-05
116 92 -0.0004991283638570972
117 92 0.0004879661358300447
187 92 -3.163591721455526e-05
188 92 -0.0001948000986692613
189 92 -0.0003749023388744113
190 92 -0.0002914831850246794
191 92  0.01220152526841571
192 92 -0.00444771791734913
193 92 -0.0004524841546411516
194 92 0.008488336507427908
195 92 -0.003185374348542239
196 92 0.0001757076108489569
197 92 -0.004575314681524793
198 92 0.001785141538375957
241 92 -0.001231224584176163
242 92 0.004147500034762187
243 92 0.0006765286259441476
244 92 0.0002893203212821216
245 92 -0.00178553305471205
246 92 -0.0001666705079223084
250 92 -7.401701788476377e-06
251 92 0.004220273788426421
256 92 1.021868504442149e-05
257 92 -0.0002242981364639253
258 92 3.000623207226522e-05
274 92 -6.031215622969249e-05
275 92 0.000111158300130913
276 92 3.527091059047435e-05
331 92 -1.254073858440283e-08
332 92 2.817617865976208e-05
337 92 0.001268503131227496
339 92 -0.0007041205790893195
340 92 -0.000296037980914031
342 92 0.0001734007082928021
343 92 5.401411419591384e-05
344 92 -0.0001211519533382881
345 92 -3.163591721455527e-05
346 92 -2.306902556154601e-06
347 92 9.297577467852598e-05
348 92 -3.753985802035651e-05
88 93 -0.003722072814537556
89 93 0.002890252543518273
90 93 -0.07196141745871669
92 93 -0.003058370255517381
93 93  0.05675609271451826
94 93 0.002881960315347822
95 93 0.003376979128155288
96 93  -0.0879283020236634
97 93 -0.002859582118366464
98 93 0.003109517010949404
99 93 -0.03971190845623468
100 93  0.00413337981416312
101 93  0.00396246331177601
102 93 -0.05870205410570235
107 93 0.001761953050527586
108 93 -0.001287276344212168
109 93 0.0004627673410351324
110 93 -0.004426527530295495
111 93 0.003411402722869891
112 93 -0.0004392534006414829
113 93 -0.003889210116701954
114 93 0.003422507612346331
116 93 0.0003659047032105007
117 93 -0.001100661062757813
188 93 -0.0002499348925829415
189 93 -5.565717104836024e-05
191 93 -0.002965145278232753
192 93 0.003486150076690211
194 93 -0.002123582899028159
195 93 0.002425239002122261
197 93 0.001190094358917303
198 93 -0.001307232766149941
241 93 -0.003605324699349766
242 93 0.0004510190839627653
243 93 0.004147500034762187
244 93 0.001662883241352236
245 93 -0.0001111136719482056
246 93 -0.00178553305471205
250 93 -0.003667574358943578
252 93 0.004220273788426421
256 93 -0.0004113069996255641
257 93 2.000415471484349e-05
258 93 -0.00016169502236588
274 93 -2.351394039364956e-05
275 93 2.351394039364956e-05
276 93 4.855518603286767e-05
331 93 -2.816363792117771e-05
333 93 2.817617865976208e-05
337 93 -0.0004963596129019032
338 93 -0.0004694137193928798
340 93 0.0001226372726212289
341 93 0.0001156004721952014
343 93 -2.237819698135858e-05
344 93 -2.109061147637018e-05
345 93 -5.474068571076949e-05
347 93 -2.502657201357102e-05
348 93 2.656450705100741e-05
88 94  0.01976846064380785
89 94 -0.003009641214876478
90 94 0.001208754141743318
91 94 -0.04117764495291037
92 94 0.0007662051837851316
93 94 0.002881960315347823
94 94   0.1241382822488546
95 94 -0.004427932488800099
96 94 -0.01033150701788189
97 94  0.01390707813209941
98 94 0.001512067224901971
99 94 -0.000838244089212657
100 94  0.03324037572544336
101 94 0.001990446982075303
102 94 -0.006224463651023929
187 94 6.658024257911031e-07
188 94 0.0001769763998516637
189 94 -0.000162392831428885
190 94 -0.01130092296451054
191 94 0.002447388937409035
192 94 -0.001210927059558499
193 94 -0.00421442885795572
194 94 0.001516162548455459
195 94 -0.0006974739320974699
196 94 0.003485484274264398
197 94 -0.0009480056237841194
198 94 0.0004771316215430511
241 94 -0.01963030491447818
242 94 0.002648771331936267
243 94 0.006738493747466323
244 94  0.01455183685264416
245 94 -0.001260941515582106
246 94 -0.005485349568127939
250 94 -0.04679014710405881
251 94 0.002687031246715836
252 94  0.01675028242732692
256 94 0.0002191214068483561
257 94 0.0002505915953117119
258 94 0.001549461508737991
331 94 -0.0003960009416208472
332 94 7.083296393052952e-08
333 94 0.0001721619949145232
337 94 -0.0001967636800742865
338 94 -0.005364294567817294
339 94 0.003218659361558817
340 94 5.101735840090022e-05
341 94 0.001267332506254394
342 94 -0.000802100278438347
343 94 0.0004812251271386019
344 94 -0.0002581121367862082
345 94 0.0001617804525349306
346 94 -0.0001096455267112638
347 94 5.882757985600273e-06
348 94 -2.409835605788736e-07
88 95 -0.003226051309296597
89 95  0.01976846064380785
90 95 0.000214314514972825
91 95 0.0008368891599490229
92 95 -0.03934233567356982
93 95 0.003376979128155289
94 95 -0.004427932488800099
95 95   0.1206668102157672
96 95 -0.01194657804325593
97 95  0.00162537087849674
98 95  0.02682643700212978
99 95 -0.005138208392804875
100 95 0.001697693321556028
101 95  0.01514432159257563
102 95 -0.002010546524687062
187 95 0.0002011010566900547
188 95 2.330308490269091e-06
189 95 0.001115089330899103
190 95 0.002745094313270415
191 95 -0.04014307944086262
192 95  0.01406159242479469
193 95 0.001628563268521303
194 95   -0.014170430506119
195 95 0.004938924896603003
196 95 -0.001045226276860059
197 95   0.0121991949599255
198 95 -0.004509418892553148
241 95  0.00261474272049731
242 95 -0.005941635598012166
243 95 -0.001372622008096353
244 95 -0.00124356305337387
245 95 0.004157667672184048
246 95 0.0007515508012254863
250 95 0.002650005598848503
251 95 -0.01303249100008524
252 95 -0.00165115390762795
256 95 0.0002439107357680061
257 95 6.260611624238654e-05
258 95 -0.000302011197431728
331 95 4.722197595369521e-08
332 95 -0.0001162885333762577
333 95 -1.812853278034069e-09
337 95 -0.005307486303093582
338 95 -0.0001967636800742865
339 95 0.003063302040890171
340 95 0.001253208566852241
341 95 5.101735840090022e-05
342 95 -0.0007612417238265343
343 95 -0.0002551915479797511
344 95 0.0004658479673226251
345 95 0.0001537503082678166
346 95 8.824136978400381e-06
347 95 -0.0003739807751398773
348 95 0.0001539294229791652
88 96 0.004704911985458576
89 96 0.003498727577809451
90 96  0.06918961225332768
91 96 0.001939955374383045
92 96 0.002268894928333858
93 96  -0.0879283020236634
94 96 -0.01033150701788189
95 96 -0.01194657804325593
96 96   0.2381232634928645
97 96 0.002797021841685825
98 96 -0.006781323496364157
99 96  0.05134490426103264
100 96 -0.00804871832497899
101 96 0.002558711541171661
102 96  0.05772528610199945
187 96 -0.0001147734266418876
188 96 0.0007466449035055198
189 96 6.658024257911031e-07
190 96 -0.0008904014964946146
191 96 0.009457511739985394
192 96 -0.01142004895098902
193 96 -0.0004649826213983136
194 96 0.003292616597735325
195 96 -0.004085524303127714
196 96 0.0003389152734984574
197 96 -0.003027106787505184
198 96 0.003485484274264398
241 96 0.004492329164977565
242 96 -0.0009150813387309024
243 96 -0.005682653447220068
244 96 -0.00367878898196119
245 96 0.0005229231373595314
246 96 0.004157667672184048
250 96  0.01125483938968428
251 96 -0.001188753709885007
252 96  -0.0132804642256813
256 96 0.001036215111550068
257 96 -0.000208251212411246
258 96 6.260611624238654e-05
331 96 0.0001184458157194319
332 96 -2.719279917051328e-09
333 96 -0.0001272974585723125
337 96 0.002228889697828157
338 96 0.002130185798726487
339 96 -0.000688672880260003
340 96 -0.0005553602251281719
341 96 -0.0005293822417158326
342 96 0.0001785607544031508
343 96 0.0001106940216028341
344 96 0.0001059502772183066
345 96 0.0001612468594558404
346 96 -3.614753408683089e-07
347 96 0.0001060799577364412
348 96 -0.0001194240950608103
88 97 0.008558130942567365
89 97  0.00154609261562173
90 97 0.003470136927412309
91 97 -0.01307857313186869
92 97 -0.0003749023388744112
93 97 -0.002859582118366464
94 97  0.01390707813209941
95 97  0.00162537087849674
96 97 0.002797021841685826
97 97  0.03767812619560302
98 97 -0.001285459917712462
99 97 0.008108775951009624
187 97 -0.0001028277825261275
188 97 -7.723625170492935e-05
189 97 0.0001545789846017285
190 97 -0.00495522013223024
191 97 -0.001627956228616307
192 97 0.001162748733342967
193 97 -0.006984373784715648
194 97 -0.0002580473477897302
195 97 0.0006459121101662708
196 97 0.002726439855300136
197 97 0.0004521385905793428
198 97 -0.0004521385905793429
88 98 0.001030728410414489
89 98 0.005981309916531116
90 98 -0.0001235738906073214
91 98 -0.0002499348925829415
92 98 -0.01914167063717433
93 98 0.003109517010949404
94 98 0.001512067224901972
95 98  0.02682643700212978
96 98 -0.006781323496364157
97 98 -0.001285459917712462
98 98   0.0541701384047915
99 98 -0.009657768700336284
187 98 -5.149083446995305e-05
188 98 -0.0001022655978385654
189 98  0.00082630749946422
190 98 -0.001515945250081311
191 98  -0.0149112217803935
192 98 0.006791734996069288
193 98 0.0002586095324772935
194 98 -0.02386292218973496
195 98 0.009791176777637483
196 98 0.000301425727052895
197 98 0.008788975175918231
198 98 -0.003938946919423749
88 99 0.002313424618274881
89 99  0.00270641993693261
90 99  0.03253027932502195
91 99 -0.001906388078911007
92 99 0.002281290417785418
93 99 -0.03971190845623468
94 99 -0.0008382440892126566
95 99 -0.005138208392804875
96 99  0.05134490426103264
97 99 0.008108775951009624
98 99 -0.009657768700336284
99 99  0.09979193980670704
187 99 0.0001030526564011528
188 99 0.0005937806950344394
189 99 -0.0003604594235290082
190 99 0.0008181340071713111
191 99 0.005145149392608291
192 99 -0.006678293763088488
193 99 0.0003876398885015144
194 99  0.00695790488786626
195 99 -0.008275734893039437
196 99 -0.0003014257270528951
197 99 -0.002877152718826575
198 99 0.003480004172932372
88 100  0.01170722449287034
89 100 0.001504855982129178
90 100 0.0009504008262112817
91 100 -0.03253998180112903
92 100 0.0004326636812356004
93 100 0.004133379814163121
94 100  0.03324037572544336
95 100 0.001697693321556028
96 100 -0.00804871832497899
100 100   0.1042292574975551
101 100 -0.004300690774234312
102 100  -0.0162174351990151
106 100 0.003414618293260711
107 100 -0.0002739514758110452
109 100 -0.01102901799824297
110 100 0.002628865326345116
111 100 -0.000856588939867366
112 100 -0.004857934309858798
113 100 -0.001475521562480074
114 100 0.0007899959148139873
115 100 0.001041142006479652
116 100 -0.0001678390392348464
117 100 -7.785949711794794e-05
241 100 -0.04669292822012761
242 100 0.002585373394675017
