%%MatrixMarket matrix coordinate real general
1089 1089 36199
1 1 6.544114482837576e-05
4 1 2.886508419732224e-06
7 1 -1.123501253722243e-05
28 1 -1.110297256942477e-05
31 1 2.86854345601847e-06
34 1 1.170627365444984e-05
37 1 -3.088284478255931e-05
46 1 -1.458694744206856e-05
64 1 -1.119849722548412e-05
67 1  8.0399205856066e-06
70 1 -1.843308682547925e-05
73 1 -1.431423504965451e-05
2 2 6.544114482837576e-05
5 2 2.886508419732224e-06
8 2 -1.123501253722243e-05
29 2 -1.110297256942477e-05
32 2 2.86854345601847e-06
35 2 1.170627365444984e-05
38 2 -3.088284478255931e-05
47 2 -1.458694744206856e-05
65 2 -1.119849722548412e-05
68 2  8.0399205856066e-06
71 2 -1.843308682547925e-05
74 2 -1.431423504965451e-05
3 3 6.544114482837576e-05
6 3 2.886508419732224e-06
9 3 -1.123501253722243e-05
30 3 -1.110297256942477e-05
33 3 2.86854345601847e-06
36 3 1.170627365444984e-05
39 3 -3.088284478255931e-05
48 3 -1.458694744206856e-05
66 3 -1.119849722548412e-05
69 3  8.0399205856066e-06
72 3 -1.843308682547925e-05
75 3 -1.431423504965451e-05
1 4 2.886508419732224e-06
4 4 6.634140087661377e-05
7 4 -1.116764156513112e-05
10 4 2.93258757679093e-06
13 4 -1.147256379085766e-05
34 4 8.020435274221653e-06
37 4 -1.452694137940327e-05
40 4 1.150665579522833e-05
43 4 -1.171455433938125e-05
46 4 -1.878971504942498e-05
49 4 -3.167056128164644e-05
58 4 -1.515972937646592e-05
2 5 2.886508419732224e-06
5 5 6.634140087661377e-05
8 5 -1.116764156513112e-05
11 5 2.93258757679093e-06
14 5 -1.147256379085766e-05
35 5 8.020435274221653e-06
38 5 -1.452694137940327e-05
41 5 1.150665579522833e-05
44 5 -1.171455433938125e-05
47 5 -1.878971504942498e-05
50 5 -3.167056128164644e-05
59 5 -1.515972937646592e-05
3 6 2.886508419732224e-06
6 6 6.634140087661377e-05
9 6 -1.116764156513112e-05
12 6 2.93258757679093e-06
15 6 -1.147256379085766e-05
36 6 8.020435274221653e-06
39 6 -1.452694137940327e-05
42 6 1.150665579522833e-05
45 6 -1.171455433938125e-05
48 6 -1.878971504942498e-05
51 6 -3.167056128164644e-05
60 6 -1.515972937646592e-05
1 7 -1.123501253722243e-05
4 7 -1.116764156513112e-05
7 7 8.702558394075559e-05
34 7 -1.678696906121171e-05
37 7 3.833736418210971e-05
46 7 3.845737630744033e-05
2 8 -1.123501253722243e-05
5 8 -1.116764156513112e-05
8 8 8.702558394075559e-05
35 8 -1.678696906121171e-05
38 8 3.833736418210971e-05
47 8 3.845737630744033e-05
3 9 -1.123501253722243e-05
6 9 -1.116764156513112e-05
9 9 8.702558394075559e-05
36 9 -1.678696906121171e-05
39 9 3.833736418210971e-05
48 9 3.845737630744033e-05
4 10 2.93258757679093e-06
10 10 6.796353413781651e-05
13 10 -1.134649384655969e-05
16 10 3.008305187539035e-06
19 10 -1.184186722425763e-05
40 10 7.937022687690104e-06
49 10 -1.504567009053852e-05
52 10 1.11435153391289e-05
55 10 -1.275820986874254e-05
58 10 -1.962408599071289e-05
61 10 -3.303256476018646e-05
82 10 -1.60937415827689e-05
5 11 2.93258757679093e-06
11 11 6.796353413781651e-05
14 11 -1.134649384655969e-05
17 11 3.008305187539035e-06
20 11 -1.184186722425763e-05
41 11 7.937022687690104e-06
50 11 -1.504567009053852e-05
53 11 1.11435153391289e-05
56 11 -1.275820986874254e-05
59 11 -1.962408599071289e-05
62 11 -3.303256476018646e-05
83 11 -1.60937415827689e-05
6 12 2.93258757679093e-06
12 12 6.796353413781651e-05
15 12 -1.134649384655969e-05
18 12 3.008305187539035e-06
21 12 -1.184186722425763e-05
42 12 7.937022687690104e-06
51 12 -1.504567009053852e-05
54 12 1.11435153391289e-05
57 12 -1.275820986874254e-05
60 12 -1.962408599071289e-05
63 12 -3.303256476018646e-05
84 12 -1.60937415827689e-05
4 13 -1.147256379085766e-05
10 13 -1.134649384655969e-05
13 13 8.876108184868012e-05
40 13 -1.711632976158403e-05
49 13 3.977664665182725e-05
58 13 4.000476522368225e-05
5 14 -1.147256379085766e-05
11 14 -1.134649384655969e-05
14 14 8.876108184868012e-05
41 14 -1.711632976158403e-05
50 14 3.977664665182725e-05
59 14 4.000476522368225e-05
6 15 -1.147256379085766e-05
12 15 -1.134649384655969e-05
15 15 8.876108184868012e-05
42 15 -1.711632976158403e-05
51 15 3.977664665182725e-05
60 15 4.000476522368225e-05
10 16 3.008305187539035e-06
16 16 7.040133314511493e-05
19 16 -1.164833463121023e-05
22 16 3.116516949714473e-06
25 16 -1.236472642366498e-05
52 16 7.729710009172415e-06
61 16 -1.591411758271953e-05
76 16 1.053619611575699e-05
79 16 -1.449083514641448e-05
82 16 -2.101332355887352e-05
85 16 -3.505356908068373e-05
154 16 -1.747705628071578e-05
11 17 3.008305187539035e-06
17 17 7.040133314511493e-05
20 17 -1.164833463121023e-05
23 17 3.116516949714473e-06
26 17 -1.236472642366498e-05
53 17 7.729710009172415e-06
62 17 -1.591411758271953e-05
77 17 1.053619611575699e-05
80 17 -1.449083514641448e-05
83 17 -2.101332355887352e-05
86 17 -3.505356908068373e-05
155 17 -1.747705628071578e-05
12 18 3.008305187539035e-06
18 18 7.040133314511493e-05
21 18 -1.164833463121023e-05
24 18 3.116516949714473e-06
27 18 -1.236472642366498e-05
54 18 7.729710009172415e-06
63 18 -1.591411758271953e-05
78 18 1.053619611575699e-05
81 18 -1.449083514641448e-05
84 18 -2.101332355887352e-05
87 18 -3.505356908068373e-05
156 18 -1.747705628071578e-05
10 19 -1.184186722425763e-05
16 19 -1.164833463121023e-05
19 19 9.153690827413552e-05
52 19 -1.761742963453192e-05
61 19 4.21683929317855e-05
82 19 4.252764093188555e-05
11 20 -1.184186722425763e-05
17 20 -1.164833463121023e-05
20 20 9.153690827413552e-05
53 20 -1.761742963453192e-05
62 20 4.21683929317855e-05
83 20 4.252764093188555e-05
12 21 -1.184186722425763e-05
18 21 -1.164833463121023e-05
21 21 9.153690827413552e-05
54 21 -1.761742963453192e-05
63 21 4.21683929317855e-05
84 21 4.252764093188555e-05
16 22 3.116516949714473e-06
22 22 3.605629540533984e-05
25 22 -1.208933974978183e-05
76 22 7.275890593591443e-06
85 22 -1.72121259840792e-05
154 22 -2.309695360928655e-05
175 22 3.116516949714473e-06
178 22 -1.72121259840792e-05
181 22 -1.208933974978183e-05
17 23 3.116516949714473e-06
23 23 3.605629540533984e-05
26 23 -1.208933974978183e-05
77 23 7.275890593591443e-06
86 23 -1.72121259840792e-05
155 23 -2.309695360928655e-05
176 23 3.116516949714473e-06
179 23 -1.72121259840792e-05
182 23 -1.208933974978183e-05
18 24 3.116516949714473e-06
24 24 3.605629540533984e-05
27 24 -1.208933974978183e-05
78 24 7.275890593591443e-06
87 24 -1.72121259840792e-05
156 24 -2.309695360928655e-05
177 24 3.116516949714473e-06
180 24 -1.72121259840792e-05
183 24 -1.208933974978183e-05
16 25 -1.236472642366498e-05
22 25 -1.208933974978183e-05
25 25 9.553367474903453e-05
76 25 -1.828070932546039e-05
85 25 4.574609077552509e-05
154 25 4.627595136879819e-05
17 26 -1.236472642366498e-05
23 26 -1.208933974978183e-05
26 26 9.553367474903453e-05
77 26 -1.828070932546039e-05
86 26 4.574609077552509e-05
155 26 4.627595136879819e-05
18 27 -1.236472642366498e-05
24 27 -1.208933974978183e-05
27 27 9.553367474903453e-05
78 27 -1.828070932546039e-05
87 27 4.574609077552509e-05
156 27 4.627595136879819e-05
1 28 -1.110297256942477e-05
28 28 8.622496485401815e-05
31 28 -1.111621895956797e-05
67 28 -1.663038591761501e-05
70 28 3.774497579589936e-05
73 28 3.772156718149285e-05
2 29 -1.110297256942477e-05
29 29 8.622496485401815e-05
32 29 -1.111621895956797e-05
68 29 -1.663038591761501e-05
71 29 3.774497579589936e-05
74 29 3.772156718149285e-05
3 30 -1.110297256942477e-05
30 30 8.622496485401815e-05
33 30 -1.111621895956797e-05
69 30 -1.663038591761501e-05
72 30 3.774497579589936e-05
75 30 3.772156718149285e-05
1 31 2.86854345601847e-06
28 31 -1.111621895956797e-05
31 31 3.485939373086815e-05
67 31 8.01470701968567e-06
70 31 -1.432593935685774e-05
73 31 -2.197506800107885e-05
2 32 2.86854345601847e-06
29 32 -1.111621895956797e-05
32 32 3.485939373086815e-05
68 32 8.01470701968567e-06
71 32 -1.432593935685774e-05
74 32 -2.197506800107885e-05
3 33 2.86854345601847e-06
30 33 -1.111621895956797e-05
33 33 3.485939373086815e-05
69 33 8.01470701968567e-06
72 33 -1.432593935685774e-05
75 33 -2.197506800107885e-05
1 34 1.170627365444984e-05
4 34 8.020435274221653e-06
7 34 -1.678696906121171e-05
34 34 0.000146186640054991
37 34 -4.220794552284474e-05
40 34 1.302331571590468e-05
43 34 -3.521552078685767e-05
46 34 -2.778973866527128e-05
49 34 -1.346454192953831e-05
64 34 -3.400818370720453e-05
67 34 1.317938269579217e-05
70 34 -1.288562886370922e-05
199 34 1.327854960664828e-05
202 34 -2.841527941776535e-05
211 34 -8.098979281147788e-06
229 34 -6.187659945792531e-06
232 34 7.959423693664019e-06
235 34 -1.464324995615023e-05
238 34 -7.446303483748515e-06
2 35 1.170627365444984e-05
5 35 8.020435274221653e-06
8 35 -1.678696906121171e-05
35 35 0.000146186640054991
38 35 -4.220794552284474e-05
41 35 1.302331571590468e-05
44 35 -3.521552078685767e-05
47 35 -2.778973866527128e-05
50 35 -1.346454192953831e-05
65 35 -3.400818370720453e-05
68 35 1.317938269579217e-05
71 35 -1.288562886370922e-05
200 35 1.327854960664828e-05
203 35 -2.841527941776535e-05
212 35 -8.098979281147788e-06
230 35 -6.187659945792531e-06
233 35 7.959423693664019e-06
236 35 -1.464324995615023e-05
239 35 -7.446303483748515e-06
3 36 1.170627365444984e-05
6 36 8.020435274221653e-06
9 36 -1.678696906121171e-05
36 36 0.000146186640054991
39 36 -4.220794552284474e-05
42 36 1.302331571590468e-05
45 36 -3.521552078685767e-05
48 36 -2.778973866527128e-05
51 36 -1.346454192953831e-05
66 36 -3.400818370720454e-05
69 36 1.317938269579217e-05
72 36 -1.288562886370922e-05
201 36 1.327854960664828e-05
204 36 -2.841527941776535e-05
213 36 -8.098979281147788e-06
231 36 -6.187659945792531e-06
234 36 7.959423693664019e-06
237 36 -1.464324995615023e-05
240 36 -7.446303483748515e-06
1 37 -3.088284478255931e-05
4 37 -1.452694137940327e-05
7 37 3.833736418210971e-05
34 37 -4.220794552284474e-05
37 37 0.0002200349602719796
46 37 3.393732094382358e-05
64 37 2.598102320254449e-05
67 37 -1.293884699634334e-05
70 37 2.935528647899458e-05
2 38 -3.088284478255931e-05
5 38 -1.452694137940327e-05
8 38 3.833736418210971e-05
35 38 -4.220794552284474e-05
38 38 0.0002200349602719796
47 38 3.393732094382358e-05
65 38 2.598102320254449e-05
68 38 -1.293884699634334e-05
71 38 2.935528647899458e-05
3 39 -3.088284478255931e-05
6 39 -1.452694137940327e-05
9 39 3.833736418210971e-05
36 39 -4.220794552284474e-05
39 39 0.0002200349602719796
48 39 3.393732094382358e-05
66 39 2.598102320254449e-05
69 39 -1.293884699634334e-05
72 39 2.935528647899458e-05
4 40 1.150665579522833e-05
10 40 7.937022687690104e-06
13 40 -1.711632976158403e-05
34 40 1.302331571590468e-05
40 40 0.0001541743938814625
43 40 -3.421602659407809e-05
46 40 -1.331680683278408e-05
49 40 -4.196340211587076e-05
52 40 1.265538199662292e-05
55 40 -3.660911616692306e-05
58 40 -2.816326969224701e-05
61 40 -1.444707805175023e-05
199 40 8.146858744078637e-06
202 40 -7.954778577514142e-06
205 40 1.322448454890225e-05
208 40 -6.920820308746978e-06
211 40 -1.541494500276902e-05
214 40 -2.995097290728179e-05
223 40 -9.433622655766092e-06
5 41 1.150665579522833e-05
11 41 7.937022687690104e-06
14 41 -1.711632976158403e-05
35 41 1.302331571590468e-05
41 41 0.0001541743938814625
44 41 -3.421602659407809e-05
47 41 -1.331680683278408e-05
50 41 -4.196340211587076e-05
53 41 1.265538199662292e-05
56 41 -3.660911616692306e-05
59 41 -2.816326969224701e-05
62 41 -1.444707805175023e-05
200 41 8.146858744078637e-06
203 41 -7.954778577514142e-06
206 41 1.322448454890225e-05
209 41 -6.920820308746978e-06
212 41 -1.541494500276902e-05
215 41 -2.995097290728179e-05
224 41 -9.433622655766092e-06
6 42 1.150665579522833e-05
12 42 7.937022687690104e-06
15 42 -1.711632976158403e-05
36 42 1.302331571590468e-05
42 42 0.0001541743938814625
45 42 -3.421602659407809e-05
48 42 -1.331680683278408e-05
51 42 -4.196340211587076e-05
54 42 1.265538199662292e-05
57 42 -3.660911616692306e-05
60 42 -2.816326969224701e-05
63 42 -1.444707805175023e-05
201 42 8.146858744078637e-06
204 42 -7.954778577514142e-06
207 42 1.322448454890225e-05
210 42 -6.920820308746978e-06
213 42 -1.541494500276902e-05
216 42 -2.995097290728179e-05
225 42 -9.433622655766092e-06
4 43 -1.171455433938125e-05
34 43 -3.521552078685767e-05
40 43 -3.421602659407809e-05
43 43 0.000165977630688173
46 43 2.734095362022709e-05
49 43 2.763642381373549e-05
199 43 -8.823929510596834e-06
202 43 1.58637423504996e-05
211 43 1.615214375776685e-05
5 44 -1.171455433938125e-05
35 44 -3.521552078685767e-05
41 44 -3.421602659407809e-05
44 44 0.000165977630688173
47 44 2.734095362022709e-05
50 44 2.763642381373549e-05
200 44 -8.823929510596834e-06
203 44 1.58637423504996e-05
212 44 1.615214375776685e-05
6 45 -1.171455433938125e-05
36 45 -3.521552078685767e-05
42 45 -3.421602659407809e-05
45 45 0.000165977630688173
48 45 2.734095362022709e-05
51 45 2.763642381373549e-05
201 45 -8.823929510596834e-06
204 45 1.58637423504996e-05
213 45 1.615214375776685e-05
1 46 -1.458694744206856e-05
4 46 -1.878971504942498e-05
7 46 3.845737630744033e-05
34 46 -2.778973866527128e-05
37 46 3.393732094382358e-05
40 46 -1.331680683278408e-05
43 46 2.734095362022709e-05
46 46 0.0001293258082555742
49 46 3.084092880054115e-05
2 47 -1.458694744206856e-05
5 47 -1.878971504942498e-05
8 47 3.845737630744033e-05
35 47 -2.778973866527128e-05
38 47 3.393732094382358e-05
41 47 -1.331680683278408e-05
44 47 2.734095362022709e-05
47 47 0.0001293258082555742
50 47 3.084092880054115e-05
3 48 -1.458694744206856e-05
6 48 -1.878971504942498e-05
9 48 3.845737630744033e-05
36 48 -2.778973866527128e-05
39 48 3.393732094382358e-05
42 48 -1.331680683278408e-05
45 48 2.734095362022709e-05
48 48 0.0001293258082555742
51 48 3.084092880054115e-05
4 49 -3.167056128164644e-05
10 49 -1.504567009053852e-05
13 49 3.977664665182725e-05
34 49 -1.346454192953831e-05
40 49 -4.196340211587076e-05
43 49 2.763642381373549e-05
46 49 3.084092880054115e-05
49 49 0.0002284622267099451
58 49 3.586344588159127e-05
5 50 -3.167056128164644e-05
11 50 -1.504567009053852e-05
14 50 3.977664665182725e-05
35 50 -1.346454192953831e-05
41 50 -4.196340211587076e-05
44 50 2.763642381373549e-05
47 50 3.084092880054115e-05
50 50 0.0002284622267099451
59 50 3.586344588159127e-05
6 51 -3.167056128164644e-05
12 51 -1.504567009053852e-05
15 51 3.977664665182725e-05
36 51 -1.346454192953831e-05
42 51 -4.196340211587076e-05
45 51 2.763642381373549e-05
48 51 3.084092880054115e-05
51 51 0.0002284622267099451
60 51 3.586344588159127e-05
10 52 1.11435153391289e-05
16 52 7.729710009172415e-06
19 52 -1.761742963453192e-05
40 52 1.265538199662292e-05
52 52 0.000168474336664718
55 52 -3.472930612725686e-05
58 52 -1.417220749597335e-05
61 52 -4.140125650157189e-05
76 52 1.191524946284381e-05
79 52 -3.837305616843659e-05
82 52 -2.842309389516915e-05
85 52 -1.59935763263104e-05
205 52 8.411730322534993e-06
214 52 -9.138448155151867e-06
217 52 1.290119749626438e-05
220 52 -8.456119315843264e-06
223 52 -1.696683431833177e-05
226 52 -3.230914418063229e-05
304 52 -1.175190380640526e-05
11 53 1.11435153391289e-05
17 53 7.729710009172415e-06
20 53 -1.761742963453192e-05
41 53 1.265538199662292e-05
53 53 0.000168474336664718
56 53 -3.472930612725686e-05
59 53 -1.417220749597335e-05
62 53 -4.140125650157189e-05
77 53 1.191524946284381e-05
80 53 -3.837305616843659e-05
83 53 -2.842309389516915e-05
86 53 -1.59935763263104e-05
206 53 8.411730322534993e-06
215 53 -9.138448155151867e-06
218 53 1.290119749626438e-05
221 53 -8.456119315843264e-06
224 53 -1.696683431833177e-05
227 53 -3.230914418063229e-05
305 53 -1.175190380640526e-05
12 54 1.11435153391289e-05
18 54 7.729710009172415e-06
21 54 -1.761742963453192e-05
42 54 1.265538199662292e-05
54 54 0.000168474336664718
57 54 -3.472930612725686e-05
60 54 -1.417220749597335e-05
63 54 -4.140125650157189e-05
78 54 1.191524946284381e-05
81 54 -3.837305616843659e-05
84 54 -2.842309389516915e-05
87 54 -1.59935763263104e-05
207 54 8.411730322534993e-06
216 54 -9.138448155151867e-06
219 54 1.290119749626438e-05
222 54 -8.456119315843264e-06
225 54 -1.696683431833177e-05
228 54 -3.230914418063229e-05
306 54 -1.175190380640526e-05
10 55 -1.275820986874254e-05
40 55 -3.660911616692306e-05
52 55 -3.472930612725686e-05
55 55 0.0001850743397084127
58 55 3.038993142799358e-05
61 55 3.093967253954738e-05
205 55 -1.017024315256271e-05
214 55 1.920029722769626e-05
223 55 1.979064622892474e-05
11 56 -1.275820986874254e-05
41 56 -3.660911616692306e-05
53 56 -3.472930612725686e-05
56 56 0.0001850743397084127
59 56 3.038993142799358e-05
62 56 3.093967253954738e-05
206 56 -1.017024315256271e-05
215 56 1.920029722769626e-05
224 56 1.979064622892474e-05
12 57 -1.275820986874254e-05
42 57 -3.660911616692306e-05
54 57 -3.472930612725686e-05
57 57 0.0001850743397084127
60 57 3.038993142799358e-05
63 57 3.093967253954738e-05
207 57 -1.017024315256271e-05
216 57 1.920029722769626e-05
225 57 1.979064622892474e-05
4 58 -1.515972937646592e-05
10 58 -1.962408599071289e-05
13 58 4.000476522368225e-05
40 58 -2.816326969224701e-05
49 58 3.586344588159127e-05
52 58 -1.417220749597335e-05
55 58 3.038993142799358e-05
58 58 0.0001388738729035224
61 58 3.376766779400903e-05
5 59 -1.515972937646592e-05
11 59 -1.962408599071289e-05
14 59 4.000476522368225e-05
41 59 -2.816326969224701e-05
50 59 3.586344588159127e-05
53 59 -1.417220749597335e-05
56 59 3.038993142799358e-05
59 59 0.0001388738729035224
62 59 3.376766779400903e-05
6 60 -1.515972937646592e-05
12 60 -1.962408599071289e-05
15 60 4.000476522368225e-05
42 60 -2.816326969224701e-05
51 60 3.586344588159127e-05
54 60 -1.417220749597335e-05
57 60 3.038993142799358e-05
60 60 0.0001388738729035224
63 60 3.376766779400903e-05
10 61 -3.303256476018646e-05
16 61 -1.591411758271953e-05
19 61 4.21683929317855e-05
40 61 -1.444707805175023e-05
52 61 -4.140125650157189e-05
55 61 3.093967253954738e-05
58 61 3.376766779400903e-05
61 61 0.0002432404442217081
82 61 3.912101682826095e-05
11 62 -3.303256476018646e-05
17 62 -1.591411758271953e-05
20 62 4.21683929317855e-05
41 62 -1.444707805175023e-05
53 62 -4.140125650157189e-05
56 62 3.093967253954738e-05
59 62 3.376766779400903e-05
62 62 0.0002432404442217081
83 62 3.912101682826095e-05
12 63 -3.303256476018646e-05
18 63 -1.591411758271953e-05
21 63 4.21683929317855e-05
42 63 -1.444707805175023e-05
54 63 -4.140125650157189e-05
57 63 3.093967253954738e-05
60 63 3.376766779400903e-05
63 63 0.0002432404442217081
84 63 3.912101682826095e-05
1 64 -1.119849722548412e-05
34 64 -3.400818370720453e-05
37 64 2.598102320254449e-05
64 64 0.0001567739816822465
67 64 -3.433905875515659e-05
70 64 2.587458693727621e-05
232 64 -8.202704197404692e-06
235 64 1.453604141443001e-05
238 64 1.445419323139634e-05
2 65 -1.119849722548412e-05
35 65 -3.400818370720453e-05
38 65 2.598102320254449e-05
65 65 0.0001567739816822465
68 65 -3.433905875515659e-05
71 65 2.587458693727621e-05
233 65 -8.202704197404692e-06
236 65 1.453604141443001e-05
239 65 1.445419323139634e-05
3 66 -1.119849722548412e-05
36 66 -3.400818370720453e-05
39 66 2.598102320254449e-05
66 66 0.0001567739816822465
69 66 -3.433905875515659e-05
72 66 2.587458693727621e-05
234 66 -8.202704197404692e-06
237 66 1.453604141443001e-05
240 66 1.445419323139634e-05
1 67  8.0399205856066e-06
28 67 -1.663038591761501e-05
31 67 8.01470701968567e-06
34 67 1.317938269579217e-05
37 67 -1.293884699634334e-05
64 67 -3.433905875515659e-05
67 67 0.0001058531350794504
70 67 -2.749428369679872e-05
73 67 -2.948744530378878e-05
232 67 9.503828503121743e-06
235 67 -7.487227575265399e-06
238 67 -2.089024637323638e-05
2 68  8.0399205856066e-06
29 68 -1.663038591761501e-05
32 68 8.01470701968567e-06
35 68 1.317938269579217e-05
38 68 -1.293884699634334e-05
65 68 -3.433905875515659e-05
68 68 0.0001058531350794504
71 68 -2.749428369679872e-05
74 68 -2.948744530378878e-05
233 68 9.503828503121743e-06
236 68 -7.487227575265399e-06
239 68 -2.089024637323638e-05
3 69  8.0399205856066e-06
30 69 -1.663038591761501e-05
33 69 8.01470701968567e-06
36 69 1.317938269579217e-05
39 69 -1.293884699634334e-05
66 69 -3.433905875515659e-05
69 69 0.0001058531350794504
72 69 -2.749428369679872e-05
75 69 -2.948744530378878e-05
234 69 9.503828503121743e-06
237 69 -7.487227575265399e-06
240 69 -2.089024637323638e-05
1 70 -1.843308682547925e-05
28 70 3.774497579589936e-05
31 70 -1.432593935685774e-05
34 70 -1.288562886370922e-05
37 70 2.935528647899458e-05
64 70 2.587458693727621e-05
67 70 -2.749428369679872e-05
70 70 0.0001248012954199108
73 70 3.311267405997849e-05
2 71 -1.843308682547925e-05
29 71 3.774497579589936e-05
32 71 -1.432593935685774e-05
35 71 -1.288562886370922e-05
38 71 2.935528647899458e-05
65 71 2.587458693727621e-05
68 71 -2.749428369679872e-05
71 71 0.0001248012954199108
74 71 3.311267405997849e-05
3 72 -1.843308682547925e-05
30 72 3.774497579589936e-05
33 72 -1.432593935685774e-05
36 72 -1.288562886370922e-05
39 72 2.935528647899458e-05
66 72 2.587458693727621e-05
69 72 -2.749428369679872e-05
72 72 0.0001248012954199108
75 72 3.311267405997849e-05
1 73 -1.431423504965451e-05
28 73 3.772156718149285e-05
31 73 -2.197506800107885e-05
67 73 -2.948744530378878e-05
70 73 3.311267405997849e-05
73 73 0.0001591132365104139
2 74 -1.431423504965451e-05
29 74 3.772156718149285e-05
32 74 -2.197506800107885e-05
68 74 -2.948744530378878e-05
71 74 3.311267405997849e-05
74 74 0.0001591132365104139
3 75 -1.431423504965451e-05
30 75 3.772156718149285e-05
33 75 -2.197506800107885e-05
69 75 -2.948744530378878e-05
72 75 3.311267405997849e-05
75 75 0.0001591132365104139
16 76 1.053619611575699e-05
22 76 7.275890593591443e-06
25 76 -1.828070932546039e-05
52 76 1.191524946284381e-05
76 76 0.0001909777947018418
79 76 -3.520605846532393e-05
82 76 -1.552311770851316e-05
85 76 -4.018724639395668e-05
154 76 -2.811849498368606e-05
175 76 1.053619595770695e-05
178 76 -4.018724817781102e-05
181 76 -1.828070932546039e-05
217 76 8.484121363948685e-06
226 76 -1.11990019900128e-05
304 76 -1.909171804054074e-05
349 76 1.191524915401235e-05
352 76 -1.11990019900128e-05
355 76 -3.520605736347182e-05
358 76 -1.552311770851316e-05
17 77 1.053619611575699e-05
23 77 7.275890593591443e-06
26 77 -1.828070932546039e-05
53 77 1.191524946284381e-05
77 77 0.0001909777947018418
80 77 -3.520605846532393e-05
83 77 -1.552311770851316e-05
86 77 -4.018724639395668e-05
155 77 -2.811849498368606e-05
176 77 1.053619595770695e-05
179 77 -4.018724817781102e-05
182 77 -1.828070932546039e-05
218 77 8.484121363948685e-06
227 77 -1.11990019900128e-05
305 77 -1.909171804054074e-05
350 77 1.191524915401235e-05
353 77 -1.11990019900128e-05
356 77 -3.520605736347182e-05
359 77 -1.552311770851316e-05
18 78 1.053619611575699e-05
24 78 7.275890593591443e-06
27 78 -1.828070932546039e-05
54 78 1.191524946284381e-05
78 78 0.0001909777947018418
81 78 -3.520605846532393e-05
84 78 -1.552311770851316e-05
87 78 -4.018724639395668e-05
156 78 -2.811849498368606e-05
177 78 1.053619595770695e-05
180 78 -4.018724817781102e-05
183 78 -1.828070932546039e-05
219 78 8.484121363948685e-06
228 78 -1.11990019900128e-05
306 78 -1.909171804054074e-05
351 78 1.191524915401235e-05
354 78 -1.11990019900128e-05
357 78 -3.520605736347182e-05
360 78 -1.552311770851316e-05
16 79 -1.449083514641448e-05
52 79 -3.837305616843659e-05
76 79 -3.520605846532393e-05
79 79 0.0002167853597539652
82 79 3.560862793463254e-05
85 79 3.654954517022683e-05
217 79 -1.245047636067976e-05
226 79 2.543541294814596e-05
304 79 2.654121658093094e-05
17 80 -1.449083514641448e-05
53 80 -3.837305616843659e-05
77 80 -3.520605846532393e-05
80 80 0.0002167853597539652
83 80 3.560862793463254e-05
86 80 3.654954517022683e-05
218 80 -1.245047636067976e-05
227 80 2.543541294814596e-05
305 80 2.654121658093094e-05
18 81 -1.449083514641448e-05
54 81 -3.837305616843659e-05
78 81 -3.520605846532393e-05
81 81 0.0002167853597539652
84 81 3.560862793463254e-05
87 81 3.654954517022683e-05
219 81 -1.245047636067976e-05
228 81 2.543541294814596e-05
306 81 2.654121658093094e-05
10 82 -1.60937415827689e-05
16 82 -2.101332355887352e-05
19 82 4.252764093188555e-05
52 82 -2.842309389516915e-05
61 82 3.912101682826095e-05
76 82 -1.552311770851316e-05
79 82 3.560862793463254e-05
82 82 0.0001547988453916012
85 82 3.861411029442393e-05
11 83 -1.60937415827689e-05
17 83 -2.101332355887352e-05
20 83 4.252764093188555e-05
53 83 -2.842309389516915e-05
62 83 3.912101682826095e-05
77 83 -1.552311770851316e-05
80 83 3.560862793463254e-05
83 83 0.0001547988453916012
86 83 3.861411029442393e-05
12 84 -1.60937415827689e-05
18 84 -2.101332355887352e-05
21 84 4.252764093188555e-05
54 84 -2.842309389516915e-05
63 84 3.912101682826095e-05
78 84 -1.552311770851316e-05
81 84 3.560862793463254e-05
84 84 0.0001547988453916012
87 84 3.861411029442393e-05
16 85 -3.505356908068373e-05
22 85 -1.72121259840792e-05
25 85 4.574609077552509e-05
52 85 -1.59935763263104e-05
76 85 -4.018724639395668e-05
79 85 3.654954517022683e-05
82 85 3.861411029442393e-05
85 85  0.00026573353084283
154 85 4.413878468603536e-05
17 86 -3.505356908068373e-05
23 86 -1.72121259840792e-05
26 86 4.574609077552509e-05
53 86 -1.59935763263104e-05
77 86 -4.018724639395668e-05
80 86 3.654954517022683e-05
83 86 3.861411029442393e-05
86 86  0.00026573353084283
155 86 4.413878468603536e-05
18 87 -3.505356908068373e-05
24 87 -1.72121259840792e-05
27 87 4.574609077552509e-05
54 87 -1.59935763263104e-05
78 87 -4.018724639395668e-05
81 87 3.654954517022683e-05
84 87 3.861411029442393e-05
87 87  0.00026573353084283
156 87 4.413878468603536e-05
88 88  0.02108936677557827
89 88 -0.000130553501132782
90 88 0.002138994045077267
91 88 -0.01043248920569763
92 88 7.422252647503495e-05
93 88 -0.001666286267589344
94 88  0.01229133890838084
95 88 -0.0006759604661042005
96 88 0.002801222437194553
97 88 0.003236887658626915
98 88 0.0001150517180370258
99 88 0.000360822704263672
100 88 0.007604016203410268
101 88 0.0003502535384898983
102 88 0.002512546669753269
106 88 0.0004844717680414858
107 88 -8.315050125911255e-05
109 88 -0.00116404285956563
110 88 0.0003147251181446697
111 88 -4.600361462838656e-05
112 88 -0.000923171951118433
113 88 2.64835925653871e-05
114 88 3.723627439954367e-05
115 88 4.563072228955589e-05
116 88 8.927974784077361e-06
117 88 8.767340228842881e-06
88 89 -0.000130553501132782
89 89  0.02265671962476401
90 89 -0.00121145339743474
91 89 4.948168431668997e-05
92 89 -0.01164273639495426
93 89 0.000475129883786667
94 89 -0.0005465167424336527
95 89  0.01229133890838084
96 89 0.001013567179886962
97 89 0.0001725775770555354
98 89 0.002949258363534356
99 89 0.0003569006039249862
100 89 0.0002770201927041936
101 89  0.01142732063945624
102 89 -0.001868540163305829
106 89 -5.543366750607488e-05
107 89 0.001695651188145195
108 89 -0.0004290381005354102
109 89 0.0002530238355250157
110 89 -0.00400839495676337
111 89 0.0009683346590114062
112 89 -2.555136171831009e-05
113 89 -0.00318184784405987
114 89 0.0009231768254089883
115 89 5.95198318938491e-06
116 89 4.469849144247904e-05
117 89 -8.335185302197667e-05
88 90 0.002138994045077267
89 90 -0.00121145339743474
90 90  0.06694156028710384
91 90 -0.001110857511726239
92 90 0.0006789342486794153
93 90 -0.03530346503068511
94 90  0.00156679603790998
95 90 -3.599458619591486e-06
96 90  0.04301968617933295
97 90 0.0005412340563955057
98 90 -6.275185093640157e-05
99 90  0.01161673610028675
100 90 0.0009620330981430877
101 90 -0.001373328079502483
102 90  0.02809462285412411
107 90 -0.0006435571508031147
108 90 0.0004844717680414858
109 90 -6.900542194258006e-05
110 90 0.001452501988517104
111 90 -0.001149430625850892
112 90 6.316052845668465e-05
113 90 0.001319954602970633
114 90 -0.001052793221404142
115 90 5.844893485895255e-06
116 90 -6.021714439011295e-05
117 90 0.0001606397588605228
88 91 -0.01043248920569763
89 91 4.948168431668997e-05
90 91 -0.001110857511726239
91 91  0.01440715577598411
92 91 -0.0001234854544982198
94 91 -0.02657871024281724
95 91 0.0003352196848563507
96 91 0.0004689410574304495
97 91 -0.00470049584333066
98 91 -5.474400750428441e-05
99 91 -0.0004570904141021889
100 91 -0.02034533041485756
101 91 0.0001738221768859357
102 91 0.001400480111770985
106 91 -0.0004404515088499962
107 91 7.312538766560739e-05
109 91 0.001399438776840245
110 91 -0.0003571685630703754
111 91 6.501364766356465e-05
112 91 0.0005389997156402159
113 91 5.490083993756031e-05
114 91 -5.490083993756031e-05
115 91 -8.456047027465737e-05
116 91 7.707756850660592e-06
187 91 -7.796945283596644e-06
188 91 -7.044400375821754e-06
190 91 0.001507296443130473
191 91 -0.0001634419564489937
193 91 0.0005186320259136895
194 91 -6.165427130093195e-05
196 91 -0.0004719651424967783
197 91 5.431178377284863e-05
241 91 0.008855206712463511
242 91 -0.0005645971510277092
243 91 -0.003420577927435001
244 91 -0.004020275691542056
245 91 0.0001376003373991135
246 91 0.001633250203893833
250 91 0.009190198669818767
251 91 -1.386242956251117e-05
252 91 -0.003546754680263177
256 91 -0.0002129304963999886
257 91 1.093621568199244e-06
258 91 -0.0002896226000447463
274 91 3.121343670397528e-05
275 91 -1.816719983228404e-05
276 91 -1.011280772600431e-05
331 91 3.491680143605483e-05
332 91 -1.021612464526582e-08
333 91 -1.495412734794968e-05
338 91 0.0006020439929182694
339 91 -0.0003619834216957484
341 91 -0.0001430579894383522
342 91 8.971487635669232e-05
343 91 -4.381655399001443e-05
344 91 1.889504370408231e-05
345 91 -1.185064332826056e-05
346 91 8.899752553959594e-06
347 91 -9.686706911887948e-07
88 92 7.422252647503495e-05
89 92 -0.01164273639495426
90 92 0.0006789342486794153
91 92 -0.0001234854544982198
92 92  0.01370456939171627
93 92 -0.0009928010150678222
94 92 0.0002690997961578045
95 92 -0.02378252372934429
96 92 0.001071942427973281
97 92 -8.211601125642664e-05
98 92 -0.005997075908114879
99 92 0.0005392064253586155
100 92 0.0002425732271782792
101 92 -0.01751877970519852
102 92 0.001924294653443695
106 92 4.875025844373833e-05
107 92 -0.00154158028097499
108 92 0.000391701250406258
109 92 -0.0002838630753282172
110 92 0.004898035718940864
111 92 -0.001208039769144373
112 92 8.235125990634048e-05
113 92 0.001749246904896854
114 92 -0.0005664501356089952
115 92 1.075673108155389e-05
116 92 -8.286348817236701e-05
117 92 8.777041552721124e-05
187 92 -1.056660056373263e-05
188 92 -2.728930849258816e-05
189 92 -8.211601125642664e-05
190 92 -0.0002451629346734906
191 92 0.005275537550956629
192 92 -0.00191140370027666
193 92 -9.248140695139792e-05
194 92 0.001815212090697909
195 92 -0.0006854666319191362
196 92 8.146767565927298e-05
197 92 -0.001651877998738726
198 92 0.0006264800380858954
241 92 -0.0005443246135367036
242 92 0.002530059060703854
243 92 0.0002908423951178671
244 92 0.0001316295956975558
245 92 -0.001148650197583447
246 92 -7.181286737666405e-05
250 92 -9.241619708340743e-06
251 92 0.002625771048519653
256 92 1.994861780059446e-06
257 92 -8.532013043202784e-05
258 92 9.146922692679918e-06
274 92 -1.772969306930287e-05
275 92 3.340097051888116e-05
276 92 1.011280772600431e-05
331 92 -6.810749763510021e-09
332 92 9.976228981729945e-06
337 92 0.0005889428517371179
339 92 -0.0003242947127939491
340 92 -0.000139824587193618
342 92 8.001466962248976e-05
343 92 1.846702944923967e-05
344 92 -4.112536292058852e-05
345 92 -1.056660056373263e-05
346 92 -1.453006036783187e-06
347 92 3.114913393885858e-05
348 92 -1.189662279415621e-05
88 93 -0.001666286267589344
89 93 0.000475129883786667
90 93 -0.03530346503068511
92 93 -0.0009928010150678222
93 93  0.03452710219714576
94 93 0.0006935360500387875
95 93 0.001599108141490131
96 93 -0.05971732044618796
97 93 -0.0006856356211532805
98 93 0.0007403796286575649
99 93 -0.01515515538687307
100 93 0.001859368000952508
101 93 0.001396655713969829
102 93 -0.03924689507698238
107 93 0.0005875518756093874
108 93 -0.0004404515088499962
109 93 8.909313172367671e-05
110 93 -0.001803632313944892
111 93 0.001399438776840245
112 93 -8.235125990634051e-05
113 93 -0.0007810491534915408
114 93 0.0006762518154841166
116 93 6.302957336886637e-05
117 93 -0.0002049578905752177
188 93 -5.47440075042844e-05
189 93 -7.796945283596644e-06
191 93 -0.001274269133517777
192 93 0.001507296443130473
194 93 -0.0004569777546127571
195 93 0.0005186320259136895
197 93 0.0004176533587239298
198 93 -0.0004719651424967783
241 93 -0.002280385284956676
242 93 0.0001938949300785781
243 93 0.002530059060703854
244 93 0.001088833469262555
245 93 -4.787524491777599e-05
246 93 -0.001148650197583447
250 93 -0.002364503120175457
252 93 0.002625771048519653
256 93 -0.0001930817333631644
257 93 6.097948461786615e-06
258 93 -6.627791707378142e-05
274 93 -6.741871817336202e-06
275 93 6.741871817336201e-06
276 93 1.435875716063477e-05
331 93 -9.969418231966433e-06
333 93 9.976228981729945e-06
337 93 -0.000241322281130499
338 93 -0.0002161964751959662
340 93 5.980991757112821e-05
341 93 5.334311308165989e-05
343 93 -7.900428885507044e-06
344 93 -7.044400375821752e-06
345 93 -1.887598153568954e-05
347 93 -7.9310818627708e-06
348 93 8.899752553959594e-06
88 94  0.01229133890838084
89 94 -0.0005465167424336527
90 94  0.00156679603790998
91 94 -0.02657871024281724
92 94 0.0002690997961578045
93 94 0.0006935360500387875
94 94  0.07421174464918216
95 94 -0.001623435508129082
96 94 -0.003136043961297521
97 94 0.007429901942332455
98 94 0.0002802858623464623
99 94 0.0005218483321298782
100 94   0.0225540936053399
101 94 0.0006155942555445544
102 94 -0.002789781932585762
187 94 4.129705340063566e-07
188 94 4.172863163831952e-05
189 94 -2.214860978424006e-05
190 94 -0.005194051886199623
191 94 0.001025137679479361
192 94 -0.0003238508993405277
193 94 -0.001251325568138211
194 94 0.0002823805041214646
195 94 -7.69404337769715e-05
196 94 0.001506883472596466
197 94 -0.0003173293013168053
198 94 0.0001002142094920593
241 94 -0.01201330953685029
242 94 0.001198221937499523
243 94 0.004376060724601651
244 94 0.008997241769539085
245 94 -0.0005841350953036124
246 94 -0.003494089706369272
250 94 -0.02784349968799831
251 94 0.001244369396451658
252 94  0.01037582847773265
256 94 0.0001929569002797086
257 94 7.94121111725473e-05
258 94 0.0006826056592583305
331 94 -0.0001393389451010069
332 94 3.887639431666845e-08
333 94 6.030416863734084e-05
337 94 -6.472615962741692e-05
338 94 -0.002476037384880289
339 94 0.001520287350727543
340 94 1.655804058092777e-05
341 94 0.0005918704706283511
342 94 -0.0003783909058991556
343 94 0.0001699117612545242
344 94 -8.442753538182836e-05
345 94 5.352765216551578e-05
346 94 -3.622416859965371e-05
347 94 3.742046010906959e-06
348 94 -1.065189153566607e-07
88 95 -0.0006759604661042005
89 95  0.01229133890838084
90 95 -3.599458619591702e-06
91 95 0.0003352196848563507
92 95 -0.02378252372934429
93 95 0.001599108141490131
94 95 -0.001623435508129082
95 95  0.06810910780727827
96 95 -0.005348928817622106
97 95 0.0003492513896738497
98 95  0.01082022274483069
99 95 -0.001511469649357196
100 95 0.0003552648514165972
101 95  0.01291209813671436
102 95 -0.0009071349643274657
187 95 5.410361504501089e-05
188 95 1.445396869022222e-06
189 95 0.0002931760655620192
190 95 0.001294115297054733
191 95 -0.01825803992482753
192 95 0.006420226606420032
193 95 0.0003509335124817628
194 95 -0.004302957548507137
195 95 0.001548379729363483
196 95 -0.0003990746101823839
197 95 0.005274092154087626
198 95 -0.001930697071487245
241 95 0.001165561915094549
242 95 -0.003540189024070903
243 95 -0.0006098315158510451
244 95 -0.0005673482247319532
245 95 0.002570640505582597
246 95 0.0003290189400167429
250 95 0.001208330618901264
251 95 -0.007846688673749574
252 95 -0.0007170092400392563
256 95 7.504641456009529e-05
257 95 5.513054293705947e-05
258 95 -9.20513530896217e-05
331 95 2.591759621111762e-08
332 95 -4.059320787938496e-05
333 95 -6.897079481257191e-10
337 95 -0.002424061610389476
338 95 -6.472615962741692e-05
339 95 0.001374293015595522
340 95 0.0005789836847143257
341 95 1.655804058092777e-05
342 95 -0.0003406796278873785
343 95 -8.256955087401676e-05
344 95 0.0001595500623798362
345 95 4.828381090759033e-05
346 95 5.61306901636046e-06
347 95 -0.0001246082069465877
348 95 4.839442616803672e-05
88 96 0.002801222437194553
89 96 0.001013567179886962
90 96  0.04301968617933295
91 96 0.0004689410574304495
92 96 0.001071942427973281
93 96 -0.05971732044618796
94 96 -0.003136043961297522
95 96 -0.005348928817622106
96 96   0.1545534244429761
97 96 0.001363865707053275
98 96 -0.002023613251871484
99 96  0.02438340214629406
100 96 -0.003616546366978412
101 96 0.001151935102369588
102 96   0.0415179522090979
187 96 -1.621336671093422e-05
188 96 0.0001961728761787203
189 96 4.129705340063566e-07
190 96 -0.0002421851268464831
191 96 0.004306435598232819
192 96 -0.005208915934153334
193 96 -5.129362251798096e-05
194 96 0.001032253152908989
195 96 -0.001234285137032299
196 96 7.340197244526545e-05
197 96 -0.001293723880442056
198 96 0.001506883472596466
241 96 0.002917373816401112
242 96 -0.0004065543439006976
243 96 -0.003456333013538033
244 96 -0.002336688345799167
245 96 0.0002266411682307968
246 96 0.002570640505582597
250 96 0.006946600153287586
251 96 -0.000507387328158657
252 96 -0.007927807401805612
256 96 0.0004557819569872684
257 96 -6.299151370040701e-05
258 96 5.513054293705947e-05
331 96 4.111578134046413e-05
332 96 -1.034561922188159e-09
333 96 -4.333049035622543e-05
337 96 0.001039809427771159
338 96 0.0009455765118628322
339 96 -0.0002265415586959592
340 96 -0.000258764337620532
341 96 -0.00023441438538793
342 96 5.795314203324722e-05
343 96 3.621972604954787e-05
344 96 3.299892543218866e-05
345 96 6.195130854660198e-05
346 96 -1.597783730349911e-07
347 96 3.307717759222183e-05
348 96 -3.840055175185412e-05
88 97 0.003236887658626915
89 97 0.0001725775770555354
90 97 0.0005412340563955056
91 97 -0.00470049584333066
92 97 -8.211601125642664e-05
93 97 -0.0006856356211532805
94 97 0.007429901942332455
95 97 0.0003492513896738497
96 97 0.001363865707053275
97 97  0.00922190249814726
98 97 -0.0001423548076916942
99 97 0.001162186417716906
187 97 -1.352472494507958e-05
188 97 -1.018719889496214e-05
189 97 2.041145755851096e-05
190 97 -0.001446198545869661
191 97 -0.0003505021749847788
192 97 0.0002991256390395371
193 97 -0.0009906328345279552
194 97 -2.897198405291247e-05
195 97 7.01242613346057e-05
196 97 0.0005800845859206872
197 97 9.230321015138856e-05
198 97 -9.230321015138857e-05
88 98 0.0001150517180370258
89 98 0.002949258363534356
90 98 -6.275185093640157e-05
91 98 -5.474400750428441e-05
92 98 -0.005997075908114879
93 98 0.0007403796286575649
94 98 0.0002802858623464623
95 98  0.01082022274483069
96 98 -0.002023613251871484
97 98 -0.0001423548076916942
98 98  0.01159587294111205
99 98 -0.001341480001048624
187 98 -6.791465929974778e-06
188 98 -1.331744137692705e-05
189 98 9.395615837049493e-05
190 98 -0.0002821620403128587
191 98 -0.004497830526238568
192 98 0.002036076424616349
193 98 2.917926762106487e-05
194 98 -0.003415662804529514
195 98 0.001415614455716318
196 98 6.153547343425938e-05
197 98 0.001876457367136753
198 98 -0.0008393591421639021
88 99 0.000360822704263672
89 99 0.0003569006039249861
90 99  0.01161673610028675
91 99 -0.0004570904141021889
92 99 0.0005392064253586155
93 99 -0.01515515538687307
94 99 0.0005218483321298782
95 99 -0.001511469649357196
96 99  0.02438340214629406
97 99 0.001162186417716906
98 99 -0.001341480001048624
99 99  0.02813362214992178
187 99 1.360763837234055e-05
188 99 6.829699385530906e-05
189 99 -4.7543820875931e-05
190 99 0.0002050972363949955
191 99 0.001519778431187104
192 99 -0.001916340559092365
193 99 4.106936385443236e-05
194 99 0.0009921677996111674
195 99 -0.001135907321928823
196 99 -6.153547343425939e-05
197 99 -0.0006108523226378164
198 99 0.0007339232695063347
88 100 0.007604016203410268
89 100 0.0002770201927041936
90 100 0.0009620330981430876
91 100 -0.02034533041485756
92 100 0.0002425732271782792
93 100 0.001859368000952508
94 100   0.0225540936053399
95 100 0.0003552648514165972
96 100 -0.003616546366978412
100 100  0.05897484497203382
101 100 -0.001472642325131406
102 100 -0.006781821846732678
106 100 0.001401286142027761
107 100 -0.0002195705154943086
109 100 -0.00480946431653083
110 100 0.001156527673095581
111 100 -0.0002140563083771997
112 100 -0.001337748763478775
113 100 -0.0002520380045928174
114 100 0.0001824732441419916
