%%MatrixMarket matrix coordinate real general
304 304 3392
1 1 0.007199999999999999
2 1              -0.0023
3 1 0.0001333333333333333
4 1 -0.0007666666666666666
5 1              -0.0023
6 1 -0.0007666666666666666
7 1 0.0001333333333333333
1 2              -0.0023
2 2  0.01659999999999999
3 2               0.0004
4 2 0.0001333333333333333
5 2 0.0002666666666666667
7 2              -0.0023
8 2              -0.0023
9 2 0.0002666666666666667
10 2              -0.0046
11 2              -0.0023
12 2 0.0001333333333333333
1 3 0.0001333333333333333
2 3               0.0004
3 3 0.009399999999999997
4 3 -0.001533333333333334
5 3              -0.0023
8 3 0.0001333333333333333
9 3              -0.0023
10 3 0.0002666666666666666
13 3 -0.001533333333333334
1 4 -0.0007666666666666666
2 4 0.0001333333333333333
3 4 -0.001533333333333334
4 4 0.003599999999999999
8 4 -0.0007666666666666665
1 5              -0.0023
2 5 0.0002666666666666667
3 5              -0.0023
5 5               0.0166
6 5 0.0001333333333333333
7 5               0.0004
10 5 -0.004599999999999999
13 5 0.0001333333333333333
14 5              -0.0023
15 5              -0.0023
16 5 0.0002666666666666666
1 6 -0.0007666666666666666
5 6 0.0001333333333333333
6 6               0.0072
7 6              -0.0023
15 6 -0.002300000000000001
17 6 -0.0007666666666666664
18 6 0.0001333333333333334
1 7 0.0001333333333333333
2 7              -0.0023
5 7               0.0004
6 7              -0.0023
7 7  0.01659999999999999
10 7 0.0002666666666666667
12 7              -0.0023
15 7 0.0002666666666666667
16 7 -0.004600000000000001
18 7 -0.002299999999999999
19 7 0.0001333333333333334
2 8              -0.0023
3 8 0.0001333333333333333
4 8 -0.0007666666666666665
8 8 0.007199999999999998
9 8              -0.0023
11 8 0.0001333333333333333
20 8 -0.0007666666666666665
2 9 0.0002666666666666667
3 9              -0.0023
8 9              -0.0023
9 9               0.1816
10 9 -0.004599999999999999
11 9               0.0004
13 9 0.0001333333333333333
20 9 0.0001333333333333333
21 9              -0.0023
22 9 0.0002666666666666666
23 9  -0.1672999999999999
2 10              -0.0046
3 10 0.0002666666666666666
5 10 -0.004599999999999999
7 10 0.0002666666666666667
9 10 -0.004599999999999999
10 10               0.1982
11 10 0.0002666666666666667
12 10               0.0004
13 10               0.0004
14 10 0.0002666666666666667
16 10 -0.004599999999999999
21 10 0.0002666666666666667
22 10              -0.1696
24 10              -0.0046
25 10 0.0002666666666666666
2 11              -0.0023
8 11 0.0001333333333333333
9 11               0.0004
10 11 0.0002666666666666667
11 11               1.0066
12 11  -0.1672999999999999
20 11  -0.1672999999999999
22 11  -0.4171000000000001
23 11 0.0002666666666666667
26 11  -0.2497999999999999
27 11 0.0001333333333333334
2 12 0.0001333333333333333
7 12              -0.0023
10 12               0.0004
11 12  -0.1672999999999999
12 12               1.0066
16 12 0.0002666666666666667
19 12  -0.1672999999999999
22 12 0.0002666666666666667
25 12  -0.4171000000000001
27 12  -0.2497999999999999
28 12 0.0001333333333333334
3 13 -0.001533333333333334
5 13 0.0001333333333333333
9 13 0.0001333333333333333
10 13               0.0004
13 13 0.009399999999999997
14 13              -0.0023
21 13              -0.0023
24 13 0.0002666666666666667
29 13 -0.001533333333333333
5 14              -0.0023
10 14 0.0002666666666666667
13 14              -0.0023
14 14               0.0166
15 14 0.0001333333333333333
16 14               0.0004
24 14 -0.004600000000000001
29 14 0.0001333333333333334
30 14 -0.002299999999999999
31 14              -0.0023
32 14 0.0002666666666666667
5 15              -0.0023
6 15 -0.002300000000000001
7 15 0.0002666666666666667
14 15 0.0001333333333333333
15 15               0.0166
16 15              -0.0046
17 15 0.0001333333333333334
18 15 0.0004000000000000001
31 15 -0.002300000000000001
33 15 -0.002299999999999999
34 15 0.0002666666666666667
5 16 0.0002666666666666666
7 16 -0.004600000000000001
10 16 -0.004599999999999999
12 16 0.0002666666666666667
14 16               0.0004
15 16              -0.0046
16 16               0.1982
18 16 0.0002666666666666668
19 16 0.0004000000000000001
24 16 0.0002666666666666667
25 16              -0.1696
31 16 0.0002666666666666667
32 16 -0.004600000000000001
34 16 -0.004599999999999998
35 16 0.0002666666666666667
6 17 -0.0007666666666666664
15 17 0.0001333333333333334
17 17 0.007199999999999999
18 17              -0.0023
33 17              -0.0023
36 17 -0.0007666666666666665
37 17 0.0001333333333333333
6 18 0.0001333333333333334
7 18 -0.002299999999999999
15 18 0.0004000000000000001
16 18 0.0002666666666666668
17 18              -0.0023
18 18               0.0166
19 18              -0.0023
33 18 0.0002666666666666667
34 18 -0.004600000000000001
37 18 -0.002299999999999999
38 18 0.0001333333333333333
7 19 0.0001333333333333334
12 19  -0.1672999999999999
16 19 0.0004000000000000001
18 19              -0.0023
19 19               1.0066
25 19 0.0002666666666666668
28 19  -0.2497999999999999
34 19 0.0002666666666666667
35 19  -0.4171000000000001
38 19  -0.1672999999999999
39 19 0.0001333333333333333
8 20 -0.0007666666666666665
9 20 0.0001333333333333333
11 20  -0.1672999999999999
20 20   0.5022000000000001
23 20  -0.2498000000000001
26 20 0.0001333333333333334
40 20 -0.08326666666666663
9 21              -0.0023
10 21 0.0002666666666666667
13 21              -0.0023
21 21               0.1816
22 21               0.0004
23 21 0.0001333333333333333
24 21 -0.004600000000000001
29 21 0.0001333333333333334
41 21 -0.002299999999999999
42 21 0.0002666666666666667
43 21  -0.1672999999999999
9 22 0.0002666666666666666
10 22              -0.1696
11 22  -0.4171000000000001
12 22 0.0002666666666666667
21 22               0.0004
22 22    2.343200000000001
23 22  -0.4170999999999999
24 22 0.0002666666666666667
25 22  -0.4170999999999999
26 22 0.0002666666666666667
27 22 0.0004000000000000001
42 22  -0.4171000000000001
43 22 0.0002666666666666667
44 22  -0.4995999999999997
45 22 0.0002666666666666667
9 23  -0.1672999999999999
11 23 0.0002666666666666667
20 23  -0.2498000000000001
21 23 0.0001333333333333333
22 23  -0.4170999999999999
23 23               1.3366
26 23 0.0004000000000000001
40 23 0.0001333333333333334
43 23  -0.2498000000000001
44 23 0.0002666666666666667
46 23  -0.2497999999999999
10 24              -0.0046
13 24 0.0002666666666666667
14 24 -0.004600000000000001
16 24 0.0002666666666666667
21 24 -0.004600000000000001
22 24 0.0002666666666666667
24 24               0.1982
25 24               0.0004
29 24 0.0004000000000000002
30 24 0.0002666666666666668
32 24 -0.004600000000000001
41 24 0.0002666666666666668
42 24              -0.1696
47 24 -0.004599999999999998
48 24 0.0002666666666666667
10 25 0.0002666666666666666
12 25  -0.4171000000000001
16 25              -0.1696
19 25 0.0002666666666666668
22 25  -0.4170999999999999
24 25               0.0004
25 25    2.343200000000001
27 25 0.0002666666666666668
28 25 0.0004000000000000002
32 25 0.0002666666666666667
35 25  -0.4170999999999999
42 25 0.0002666666666666667
45 25  -0.4995999999999998
48 25  -0.4171000000000001
49 25 0.0002666666666666668
11 26  -0.2497999999999999
20 26 0.0001333333333333334
22 26 0.0002666666666666667
23 26 0.0004000000000000001
26 26    1.319039856160086
27 26  -0.2446814383410249
40 26  -0.2448290104878564
44 26  -0.4066061361724148
46 26 0.0008211434989522128
226 26  -0.1493141813007551
227 26 0.008158274110384979
11 27 0.0001333333333333334
12 27  -0.2497999999999999
22 27 0.0004000000000000001
25 27 0.0002666666666666668
26 27  -0.2446814383410249
27 27     1.31789503327083
28 27   -0.244392938868169
44 27 0.0008538301250587426
45 27  -0.4059165684415476
227 27  -0.1487934097554275
228 27 0.008244839685544177
12 28 0.0001333333333333334
19 28  -0.2497999999999999
25 28 0.0004000000000000002
27 28   -0.244392938868169
28 28    1.315818837191692
35 28 0.0002666666666666667
39 28  -0.2439009720229445
45 28 0.0009296317914408666
49 28  -0.4046673857997506
228 28  -0.1477298482396094
229 28 0.008456100049791289
13 29 -0.001533333333333333
14 29 0.0001333333333333334
21 29 0.0001333333333333334
24 29 0.0004000000000000002
29 29 0.009400000000000002
30 29 -0.002300000000000001
41 29 -0.002300000000000001
47 29 0.0002666666666666668
54 29 -0.001533333333333334
14 30 -0.002299999999999999
24 30 0.0002666666666666668
29 30 -0.002300000000000001
30 30               0.0166
31 30 0.0001333333333333334
32 30 0.0004000000000000002
47 30 -0.004600000000000003
54 30 0.0001333333333333334
55 30 -0.002300000000000001
56 30 -0.002300000000000001
57 30 0.0002666666666666668
14 31              -0.0023
15 31 -0.002300000000000001
16 31 0.0002666666666666667
30 31 0.0001333333333333334
31 31               0.0166
32 31 -0.004600000000000002
33 31 0.0001333333333333334
34 31 0.0004000000000000001
56 31 -0.002299999999999999
58 31 -0.002299999999999999
59 31 0.0002666666666666668
14 32 0.0002666666666666667
16 32 -0.004600000000000001
24 32 -0.004600000000000001
25 32 0.0002666666666666667
30 32 0.0004000000000000002
31 32 -0.004600000000000002
32 32               0.1982
34 32 0.0002666666666666668
35 32 0.0004000000000000001
47 32 0.0002666666666666668
48 32              -0.1696
56 32 0.0002666666666666668
57 32 -0.004599999999999998
59 32 -0.004599999999999998
60 32 0.0002666666666666668
15 33 -0.002299999999999999
17 33              -0.0023
18 33 0.0002666666666666667
31 33 0.0001333333333333334
33 33  0.01659999999999999
34 33              -0.0046
36 33 0.0001333333333333333
37 33 0.0003999999999999999
58 33              -0.0023
61 33              -0.0023
62 33 0.0002666666666666666
15 34 0.0002666666666666667
16 34 -0.004599999999999998
18 34 -0.004600000000000001
19 34 0.0002666666666666667
31 34 0.0004000000000000001
32 34 0.0002666666666666668
33 34              -0.0046
34 34   0.1981999999999999
35 34  -0.1695999999999999
37 34 0.0002666666666666666
38 34 0.0003999999999999999
58 34 0.0002666666666666667
59 34 -0.004600000000000001
62 34 -0.004599999999999998
63 34 0.0002666666666666666
16 35 0.0002666666666666667
19 35  -0.4171000000000001
25 35  -0.4170999999999999
28 35 0.0002666666666666667
32 35 0.0004000000000000001
34 35  -0.1695999999999999
35 35    2.343200000000001
38 35 0.0002666666666666666
39 35 0.0004000000000000001
48 35 0.0002666666666666668
49 35  -0.4995999999999997
59 35 0.0002666666666666667
60 35  -0.4171000000000001
63 35  -0.4170999999999999
64 35 0.0002666666666666667
17 36 -0.0007666666666666665
33 36 0.0001333333333333333
36 36 0.007199999999999997
37 36 -0.002299999999999999
61 36              -0.0023
65 36 -0.0007666666666666665
66 36 0.0001333333333333333
17 37 0.0001333333333333333
18 37 -0.002299999999999999
33 37 0.0003999999999999999
34 37 0.0002666666666666666
36 37 -0.002299999999999999
37 37  0.01659999999999999
38 37 -0.002299999999999999
61 37 0.0002666666666666666
62 37 -0.004599999999999999
66 37 -0.002299999999999999
67 37 0.0001333333333333333
18 38 0.0001333333333333333
19 38  -0.1672999999999999
34 38 0.0003999999999999999
35 38 0.0002666666666666666
37 38 -0.002299999999999999
38 38               1.0066
39 38  -0.2497999999999998
62 38 0.0002666666666666666
63 38  -0.4170999999999999
67 38  -0.1672999999999999
68 38 0.0001333333333333333
19 39 0.0001333333333333333
28 39  -0.2439009720229445
35 39 0.0004000000000000001
38 39  -0.2497999999999998
39 39    1.312424716115196
49 39 0.001068178342829612
63 39 0.0002666666666666667
64 39  -0.4024949775999237
68 39  -0.2431018922472927
229 39  -0.1457944357526496
232 39   0.0088964591819092
20 40 -0.08326666666666663
23 40 0.0001333333333333334
26 40  -0.2448290104878564
40 40    0.498884355140413
46 40  -0.1604155066658423
226 40 0.008130831804787396
233 40 0.005303857966948359
21 41 -0.002299999999999999
24 41 0.0002666666666666668
29 41 -0.002300000000000001
41 41   0.1816000000000001
42 41 0.0004000000000000002
43 41 0.0001333333333333334
47 41 -0.004600000000000003
54 41 0.0001333333333333334
71 41 -0.002300000000000001
72 41 0.0002666666666666668
73 41  -0.1673000000000001
21 42 0.0002666666666666667
22 42  -0.4171000000000001
24 42              -0.1696
25 42 0.0002666666666666667
41 42 0.0004000000000000002
42 42    2.343200000000001
43 42              -0.4171
44 42 0.0002666666666666667
45 42 0.0004000000000000001
47 42 0.0002666666666666668
48 42              -0.4171
72 42  -0.4170999999999999
73 42 0.0002666666666666668
74 42  -0.4995999999999998
75 42 0.0002666666666666668
21 43  -0.1672999999999999
22 43 0.0002666666666666667
23 43  -0.2498000000000001
41 43 0.0001333333333333334
42 43              -0.4171
43 43               1.3366
44 43 0.0004000000000000001
46 43 0.0001333333333333334
73 43  -0.2497999999999999
74 43 0.0002666666666666668
76 43  -0.2497999999999999
22 44  -0.4995999999999997
23 44 0.0002666666666666667
26 44  -0.4066061361724148
27 44 0.0008538301250587426
42 44 0.0002666666666666667
43 44 0.0004000000000000001
44 44    2.342197735312762
45 44   -0.412058438352265
46 44  -0.4133328616327903
74 44  -0.4170427989013629
76 44 0.0002667696400191457
226 44  0.01345811780815087
227 44  0.02624717237976431
237 44  -0.1567646649065094
238 44   0.0114063905616337
22 45 0.0002666666666666667
25 45  -0.4995999999999998
27 45  -0.4059165684415476
28 45 0.0009296317914408666
42 45 0.0004000000000000001
44 45   -0.412058438352265
45 45    2.346365051057477
48 45 0.0002666666666666668
49 45  -0.4105743817219181
74 45 0.0002682947285958621
75 45  -0.4166889997204649
227 45  0.01915284996430296
228 45  0.02871866283891496
238 45  -0.1507034424897224
239 45  0.01581633654576147
23 46  -0.2497999999999999
26 46 0.0008211434989522128
40 46  -0.1604155066658423
43 46 0.0001333333333333334
44 46  -0.4133328616327903
46 46    1.008700085384351
76 46  -0.1672941453625564
226 46  0.02028755567829493
233 46 0.009891556038226775
237 46 0.006344830838002372
240 46  0.00817036270068695
24 47 -0.004599999999999998
29 47 0.0002666666666666668
30 47 -0.004600000000000003
32 47 0.0002666666666666668
41 47 -0.004600000000000003
42 47 0.0002666666666666668
47 47   0.1982000000000001
48 47 0.0004000000000000002
54 47 0.0004000000000000001
55 47 0.0002666666666666667
57 47 -0.004600000000000003
71 47 0.0002666666666666668
72 47  -0.1696000000000001
81 47 -0.004600000000000002
82 47 0.0002666666666666668
24 48 0.0002666666666666667
25 48  -0.4171000000000001
32 48              -0.1696
35 48 0.0002666666666666668
42 48              -0.4171
45 48 0.0002666666666666668
47 48 0.0004000000000000002
48 48    2.343200000000001
49 48 0.0004000000000000002
57 48 0.0002666666666666668
60 48              -0.4171
72 48 0.0002666666666666668
75 48  -0.4995999999999999
82 48              -0.4171
83 48 0.0002666666666666669
25 49 0.0002666666666666668
28 49  -0.4046673857997506
35 49  -0.4995999999999997
39 49 0.001068178342829612
45 49  -0.4105743817219181
48 49 0.0004000000000000002
49 49    2.345930104627131
60 49 0.0002666666666666667
64 49  -0.4093539375482638
75 49 0.0002849895408520955
83 49  -0.4150460122953427
228 49  0.02135542417260868
229 49  0.02410231258061526
239 49  -0.1447642346026307
242 49    0.014070055625876
50 50    10951163.08749217
51 50    1573433.492061242
70 50    1559281.770908248
77 50    2973272.744953733
80 50    2134195.367143724
85 50    1999999.999999999
86 50    1333333.333333333
217 50    280526.7786550856
221 50    239296.2143625355
222 50    475058.1545611576
224 50    649772.2508504343
50 51    1573433.492061242
51 51    11160387.54483661
52 51    1605086.206169051
77 51    2185161.113068786
78 51    3077937.102892535
86 51    1999999.999999999
87 51    1333333.333333333
217 51    244134.2926362437
218 51    291247.7535942734
222 51    707363.4626676587
223 51    527933.1345004397
51 52    1605086.206169051
52 52    11531213.54901248
53 52     1652834.31218975
78 52     2281335.12128333
79 52    3246524.168018785
87 52    1999999.999999999
88 52    1333333.333333332
218 52    254474.9654118578
219 52     310633.641730736
223 52    831862.6618392543
225 52    625897.1695895314
52 53     1652834.31218975
53 53    12054853.47478659
69 53     1714070.93611531
79 53    2400848.253207334
84 53    3457367.176717295
88 53    1999999.999999998
89 53    1333333.333333332
219 53    271627.1481635134
220 53    341927.1417873407
225 53    1044582.983483466
230 53    788119.4980687827
29 54 -0.001533333333333334
30 54 0.0001333333333333334
41 54 0.0001333333333333334
47 54 0.0004000000000000001
54 54 0.009400000000000002
55 54 -0.002300000000000001
71 54 -0.002300000000000001
81 54 0.0002666666666666667
90 54 -0.001533333333333334
30 55 -0.002300000000000001
47 55 0.0002666666666666667
54 55 -0.002300000000000001
55 55               0.0166
56 55 0.0001333333333333334
57 55 0.0004000000000000001
81 55 -0.004600000000000002
90 55 0.0001333333333333334
91 55 -0.002300000000000001
92 55 -0.002300000000000001
93 55 0.0002666666666666667
30 56 -0.002300000000000001
31 56 -0.002299999999999999
32 56 0.0002666666666666668
55 56 0.0001333333333333334
56 56               0.0166
57 56 -0.004600000000000003
58 56 0.0001333333333333334
59 56 0.0004000000000000002
92 56 -0.002300000000000001
94 56 -0.002299999999999999
95 56 0.0002666666666666668
30 57 0.0002666666666666668
32 57 -0.004599999999999998
47 57 -0.004600000000000003
48 57 0.0002666666666666668
55 57 0.0004000000000000001
56 57 -0.004600000000000003
57 57   0.1982000000000002
59 57 0.0002666666666666668
60 57 0.0004000000000000002
81 57 0.0002666666666666668
82 57  -0.1696000000000001
92 57 0.0002666666666666668
93 57 -0.004600000000000003
95 57 -0.004599999999999998
96 57 0.0002666666666666668
31 58 -0.002299999999999999
33 58              -0.0023
34 58 0.0002666666666666667
56 58 0.0001333333333333334
58 58               0.0166
59 58 -0.004600000000000001
61 58 0.0001333333333333333
62 58 0.0003999999999999999
94 58 -0.002299999999999999
97 58              -0.0023
98 58 0.0002666666666666667
31 59 0.0002666666666666668
32 59 -0.004599999999999998
34 59 -0.004600000000000001
35 59 0.0002666666666666667
56 59 0.0004000000000000002
57 59 0.0002666666666666668
58 59 -0.004600000000000001
59 59   0.1981999999999999
60 59  -0.1695999999999999
62 59 0.0002666666666666666
63 59 0.0003999999999999999
94 59 0.0002666666666666668
95 59 -0.004599999999999998
98 59 -0.004600000000000001
99 59 0.0002666666666666667
32 60 0.0002666666666666668
35 60  -0.4171000000000001
48 60              -0.4171
49 60 0.0002666666666666667
57 60 0.0004000000000000002
59 60  -0.1695999999999999
60 60    2.343200000000001
63 60 0.0002666666666666666
64 60 0.0004000000000000001
82 60 0.0002666666666666669
83 60              -0.4996
95 60 0.0002666666666666668
96 60  -0.4170999999999999
99 60  -0.4171000000000001
100 60 0.0002666666666666667
33 61              -0.0023
36 61              -0.0023
37 61 0.0002666666666666666
58 61 0.0001333333333333333
61 61  0.01659999999999999
62 61 -0.004599999999999997
65 61 0.0001333333333333333
66 61 0.0003999999999999999
97 61              -0.0023
101 61              -0.0023
102 61 0.0002666666666666666
33 62 0.0002666666666666666
34 62 -0.004599999999999998
37 62 -0.004599999999999999
38 62 0.0002666666666666666
58 62 0.0003999999999999999
59 62 0.0002666666666666666
61 62 -0.004599999999999997
62 62   0.1981999999999999
63 62  -0.1695999999999999
66 62 0.0002666666666666666
67 62 0.0003999999999999999
97 62 0.0002666666666666666
98 62 -0.004599999999999999
102 62 -0.004599999999999998
103 62 0.0002666666666666666
34 63 0.0002666666666666666
35 63  -0.4170999999999999
38 63  -0.4170999999999999
39 63 0.0002666666666666667
59 63 0.0003999999999999999
60 63 0.0002666666666666666
62 63  -0.1695999999999999
63 63               2.3432
64 63  -0.4995999999999996
67 63 0.0002666666666666666
68 63 0.0004000000000000001
98 63 0.0002666666666666666
99 63  -0.4170999999999999
103 63  -0.4170999999999999
104 63 0.0002666666666666667
35 64 0.0002666666666666667
39 64  -0.4024949775999237
49 64  -0.4093539375482638
60 64 0.0004000000000000001
63 64  -0.4995999999999996
64 64    2.340512341972071
68 64  0.00134930072272577
83 64 0.0004046339111262817
99 64 0.0002666666666666667
100 64  -0.4091876157573368
104 64  -0.4027950360611432
229 64  0.01696059344237466
232 64  0.02601604671629417
242 64   -0.143287925852928
245 64  0.01797765497427851
36 65 -0.0007666666666666665
61 65 0.0001333333333333333
65 65 0.003599999999999998
66 65 -0.001533333333333333
101 65 -0.0007666666666666665
36 66 0.0001333333333333333
37 66 -0.002299999999999999
61 66 0.0003999999999999999
62 66 0.0002666666666666666
65 66 -0.001533333333333333
66 66 0.009399999999999995
67 66 -0.001533333333333333
101 66 0.0001333333333333333
102 66              -0.0023
37 67 0.0001333333333333333
38 67  -0.1672999999999999
62 67 0.0003999999999999999
63 67 0.0002666666666666666
66 67 -0.001533333333333333
67 67   0.5043999999999997
68 67  -0.1665333333333332
102 67 0.0001333333333333333
103 67  -0.1672999999999999
38 68 0.0001333333333333333
39 68  -0.2431018922472927
63 68 0.0004000000000000001
64 68 0.001349300722725769
67 68  -0.1665333333333332
68 68   0.8119169421325152
103 68 0.0001333333333333334
104 68  -0.2431019214599201
232 68  -0.1485248251841459
53 69     1714070.93611531
69 69     7830823.73870796
84 69    2517192.330173485
89 69    1333333.333333332
105 69    1714091.831640665
220 69    298048.6573958985
230 69    1370920.600428397
231 69     140974.295414982
244 69    298052.9341089794
50 70    1559281.770908248
70 70    4450607.511582764
80 70     1775480.51689346
85 70    1333333.333333333
106 70    666666.6666666664
221 70     185944.534649247
224 70    373440.7972075575
41 71 -0.002300000000000001
47 71 0.0002666666666666668
54 71 -0.002300000000000001
71 71               0.1816
72 71 0.0004000000000000001
73 71 0.0001333333333333334
81 71 -0.004600000000000002
90 71 0.0001333333333333334
107 71 -0.002300000000000001
108 71 0.0002666666666666667
109 71              -0.1673
41 72 0.0002666666666666668
42 72  -0.4170999999999999
47 72  -0.1696000000000001
48 72 0.0002666666666666668
71 72 0.0004000000000000001
72 72    2.343200000000001
73 72  -0.4171000000000001
74 72 0.0002666666666666668
75 72 0.0004000000000000002
81 72 0.0002666666666666667
82 72  -0.4171000000000001
108 72  -0.4171000000000001
109 72 0.0002666666666666668
110 72  -0.4995999999999999
111 72 0.0002666666666666668
41 73  -0.1673000000000001
42 73 0.0002666666666666668
43 73  -0.2497999999999999
71 73 0.0001333333333333334
72 73  -0.4171000000000001
73 73               1.3366
74 73 0.0004000000000000002
76 73 0.0001333333333333334
109 73  -0.2498000000000001
110 73 0.0002666666666666668
112 73  -0.2497999999999999
42 74  -0.4995999999999998
43 74 0.0002666666666666668
44 74  -0.4170427989013629
45 74 0.0002682947285958621
72 74 0.0002666666666666668
73 74 0.0004000000000000002
74 74    2.343124970041485
75 74  -0.4170660530094751
76 74  -0.4170971799227193
110 74  -0.4170999999999999
112 74 0.0002666666666666668
113 74  -0.1695288080957607
114 74 0.0002966615657236993
237 74 0.000549307667972508
238 74 0.001247435011697472
42 75 0.0002666666666666668
45 75  -0.4166889997204649
48 75  -0.4995999999999999
49 75 0.0002849895408520955
72 75 0.0004000000000000002
74 75  -0.4170660530094751
75 75    2.343019421589454
82 75 0.0002666666666666669
83 75  -0.4168179385310372
110 75 0.0002666666666666668
111 75              -0.4171
114 75   -0.168661385692163
115 75 0.0009804468534626697
238 75 0.002234614637798732
239 75 0.005328457994288587
43 76  -0.2497999999999999
44 76 0.0002667696400191457
46 76  -0.1672941453625564
73 76 0.0001333333333333334
74 76  -0.4170971799227193
76 76    1.006586105557565
112 76  -0.1672999999999999
113 76 0.0002679205327818981
116 76 -0.002296487490692582
237 76 0.0004480223305207236
240 76 0.000118602831906465
50 77    2973272.744953733
51 77    2185161.113068786
77 77    17241611.63750722
78 77    2294223.128272052
80 77    2141391.429724881
85 77    2666666.699999999
86 77    4000000.066666664
117 77    3892924.273559016
118 77     2644996.34954474
222 77    274099.9529962981
224 77    92122.83374703099
234 77    2066.011936409679
236 77    436.5334443204767
246 77    1425683.058539178
249 77    754158.9404218122
51 78    3077937.102892535
52 78    2281335.121283329
77 78    2294223.128272052
78 78    18641055.60986164
79 78    2598740.094414568
86 78    2666666.699999999
87 78    4000000.066666666
118 78    3948732.557531416
119 78     2662735.31985406
222 78    129007.5012472888
223 78    379437.0551319795
234 78    5375.311182878439
235 78    19365.65655295212
246 78    931469.9384494058
247 78    1746078.514381522
52 79    3246524.168018785
53 79    2400848.253207334
78 79    2598740.094414568
79 79    21015163.85884226
84 79    3018351.972911783
87 79    2666666.699999999
88 79    4000000.066666663
119 79    3993785.280883454
120 79     2666665.05516412
223 79    222415.8158661696
225 79    594859.5948137161
235 79    52215.37302685714
241 79    113720.6668995429
247 79    1330920.120061274
248 79    2303450.954002186
50 80    2134195.367143724
70 80     1775480.51689346
77 80    2141391.429724881
80 80    11573902.06023481
85 80    4000000.066666664
106 80    1333333.366666666
117 80    2629784.364385877
121 80     1992569.58116033
224 80    217284.6104583382
236 80    227.3145995929249
249 80    1000722.651073174
47 81 -0.004600000000000002
54 81 0.0002666666666666667
55 81 -0.004600000000000002
57 81 0.0002666666666666668
71 81 -0.004600000000000002
72 81 0.0002666666666666667
81 81               0.1982
82 81 0.0004000000000000001
90 81 0.0004000000000000001
91 81 0.0002666666666666667
93 81 -0.004600000000000002
107 81 0.0002666666666666668
108 81              -0.1696
122 81 -0.004600000000000002
123 81 0.0002666666666666667
47 82 0.0002666666666666668
48 82              -0.4171
57 82  -0.1696000000000001
60 82 0.0002666666666666669
72 82  -0.4171000000000001
75 82 0.0002666666666666669
81 82 0.0004000000000000001
82 82    2.343200000000001
83 82 0.0004000000000000005
93 82 0.0002666666666666668
96 82              -0.4171
108 82 0.0002666666666666668
111 82              -0.4996
123 82  -0.4171000000000001
124 82 0.0002666666666666669
48 83 0.0002666666666666669
49 83  -0.4150460122953427
60 83              -0.4996
64 83 0.0004046339111262817
75 83  -0.4168179385310372
82 83 0.0004000000000000005
83 83    2.344123495171367
96 83 0.0002666666666666669
100 83  -0.4150874476936252
111 83 0.0002666666666666669
115 83  -0.1620392576608438
124 83  -0.4168141653896145
239 83 0.006855055537185608
242 83  0.01502404822735784
256 83  0.00756753817377044
53 84    3457367.176717295
69 84    2517192.330173485
79 84    3018351.972911784
84 84    24162438.16948096
88 84    2666666.699999998
89 84    4000000.066666663
105 84    3457355.534019912
120 84    3999998.809871203
125 84    3018380.836662156
126 84    2666666.699999997
225 84    420167.0640614973
230 84     984907.752261328
241 84    315827.2693023293
243 84    420183.5944696714
248 84    1924465.917828377
50 85    1999999.999999999
70 85    1333333.333333333
77 85    2666666.699999999
80 85    4000000.066666664
85 85    1015623610.874151
86 85    174724872.8049781
106 85    174724872.8049781
117 85    331086932.5987641
121 85     330420265.898764
50 86    1333333.333333333
51 86    1999999.999999999
77 86    4000000.066666664
78 86    2666666.699999999
85 86    174724872.8049781
86 86    1015623610.874151
87 86    174724872.8049782
117 86     330420265.898764
118 86    331086932.5987641
51 87    1333333.333333333
52 87    1999999.999999999
78 87    4000000.066666666
79 87    2666666.699999999
86 87    174724872.8049782
87 87    1015623610.874151
88 87    174724872.8049781
118 87    330420265.8987641
119 87    331086932.5987641
52 88    1333333.333333332
53 88    1999999.999999998
79 88    4000000.066666663
84 88    2666666.699999998
87 88    174724872.8049781
88 88    1015623610.874151
89 88    174724872.8049781
119 88     330420265.898764
120 88    331086932.5987641
53 89    1333333.333333332
69 89    1333333.333333332
84 89    4000000.066666663
88 89    174724872.8049781
89 89    666173865.2641947
105 89    1333333.333333333
120 89     330420265.898764
126 89     157028726.493786
54 90 -0.001533333333333334
55 90 0.0001333333333333334
71 90 0.0001333333333333334
81 90 0.0004000000000000001
90 90 0.005800000000000002
91 90 -0.001533333333333334
107 90 -0.001533333333333334
122 90 0.0001333333333333334
55 91 -0.002300000000000001
81 91 0.0002666666666666667
90 91 -0.001533333333333334
91 91 0.009400000000000002
92 91 0.0001333333333333334
93 91 0.0004000000000000001
122 91 -0.002300000000000001
127 91 -0.001533333333333334
128 91 0.0001333333333333334
55 92 -0.002300000000000001
56 92 -0.002300000000000001
57 92 0.0002666666666666668
91 92 0.0001333333333333334
92 92               0.0166
93 92 -0.004600000000000003
94 92 0.0001333333333333334
95 92 0.0004000000000000002
127 92 -0.002300000000000001
129 92 -0.002299999999999999
130 92 0.0002666666666666668
55 93 0.0002666666666666667
57 93 -0.004600000000000003
81 93 -0.004600000000000002
82 93 0.0002666666666666668
91 93 0.0004000000000000001
92 93 -0.004600000000000003
93 93   0.1982000000000001
95 93 0.0002666666666666668
96 93 0.0004000000000000002
122 93 0.0002666666666666668
123 93  -0.1696000000000001
127 93 0.0002666666666666668
128 93 -0.004600000000000003
130 93 -0.004599999999999998
131 93 0.0002666666666666668
56 94 -0.002299999999999999
58 94 -0.002299999999999999
59 94 0.0002666666666666668
92 94 0.0001333333333333334
94 94               0.0166
95 94 -0.004600000000000002
97 94 0.0001333333333333334
98 94 0.0004000000000000001
129 94              -0.0023
132 94 -0.002300000000000001
133 94 0.0002666666666666667
56 95 0.0002666666666666668
57 95 -0.004599999999999998
59 95 -0.004599999999999998
60 95 0.0002666666666666668
92 95 0.0004000000000000002
93 95 0.0002666666666666668
94 95 -0.004600000000000002
95 95               0.1982
96 95              -0.1696
98 95 0.0002666666666666668
99 95 0.0004000000000000001
129 95 0.0002666666666666667
130 95 -0.004600000000000001
133 95 -0.004600000000000002
134 95 0.0002666666666666667
57 96 0.0002666666666666668
60 96  -0.4170999999999999
82 96              -0.4171
83 96 0.0002666666666666669
93 96 0.0004000000000000002
95 96              -0.1696
96 96    2.343200000000001
99 96 0.0002666666666666668
100 96 0.0004000000000000002
123 96 0.0002666666666666668
124 96  -0.4995999999999999
130 96 0.0002666666666666667
131 96  -0.4171000000000001
134 96  -0.4171000000000001
135 96 0.0002666666666666668
58 97              -0.0023
61 97              -0.0023
62 97 0.0002666666666666666
94 97 0.0001333333333333334
97 97               0.0166
98 97 -0.004599999999999999
101 97 0.0001333333333333333
102 97 0.0003999999999999999
132 97 -0.002299999999999999
136 97              -0.0023
137 97 0.0002666666666666667
58 98 0.0002666666666666667
59 98 -0.004600000000000001
62 98 -0.004599999999999999
63 98 0.0002666666666666666
94 98 0.0004000000000000001
95 98 0.0002666666666666668
97 98 -0.004599999999999999
98 98   0.1981999999999999
99 98  -0.1695999999999999
102 98 0.0002666666666666666
103 98 0.0003999999999999999
132 98 0.0002666666666666667
133 98 -0.004599999999999998
137 98 -0.004600000000000001
138 98 0.0002666666666666667
59 99 0.0002666666666666667
60 99  -0.4171000000000001
63 99  -0.4170999999999999
64 99 0.0002666666666666667
95 99 0.0004000000000000001
96 99 0.0002666666666666668
98 99  -0.1695999999999999
99 99               2.3432
100 99  -0.4995999999999997
103 99 0.0002666666666666666
104 99 0.0004000000000000001
133 99 0.0002666666666666667
134 99  -0.4170999999999998
138 99  -0.4171000000000001
139 99 0.0002666666666666667
60 100 0.0002666666666666667
64 100  -0.4091876157573368
83 100  -0.4150874476936252
96 100 0.0004000000000000002
99 100  -0.4995999999999997
100 100    2.343381898306055
104 100 0.001068439877259215
124 100 0.0002849764993437672
134 100 0.0002666666666666668
135 100  -0.4118294601968793
139 100  -0.4048964292271265
242 100  0.01328926502773327
245 100  0.02400545756036601
256 100  -0.1498213295283361
259 100   0.0162082055490374
61 101              -0.0023
65 101 -0.0007666666666666665
66 101 0.0001333333333333333
97 101 0.0001333333333333333
101 101 0.007199999999999997
102 101 -0.002299999999999999
136 101 -0.0007666666666666665
61 102 0.0002666666666666666
62 102 -0.004599999999999998
66 102              -0.0023
67 102 0.0001333333333333333
97 102 0.0003999999999999999
98 102 0.0002666666666666666
101 102 -0.002299999999999999
102 102  0.01659999999999999
103 102 -0.002299999999999999
136 102 0.0001333333333333333
137 102              -0.0023
62 103 0.0002666666666666666
63 103  -0.4170999999999999
67 103  -0.1672999999999999
68 103 0.0001333333333333334
98 103 0.0003999999999999999
99 103 0.0002666666666666666
102 103 -0.002299999999999999
103 103               1.0066
104 103  -0.2497999999999998
137 103 0.0001333333333333333
138 103  -0.1672999999999999
63 104 0.0002666666666666667
64 104  -0.4027950360611432
68 104  -0.2431019214599201
99 104 0.0004000000000000001
100 104 0.001068439877259215
103 104  -0.2497999999999998
104 104    1.311056982457487
138 104 0.0001333333333333334
139 104  -0.2439007745823236
232 104 0.007523013210481596
245 104  -0.1466565060294986
69 105    1714091.831640665
84 105    3457355.534019912
89 105    1333333.333333333
105 105     12054852.9016071
125 105    2400843.474080732
126 105    1999999.999999998
140 105    1652838.911227393
230 105    788116.1700585202
243 105    1044588.352068161
244 105     341940.222242658
258 105    271624.0096332632
70 106    666666.6666666664
80 106    1333333.366666666
85 106    174724872.8049781
106 106    349449745.6099562
121 106    174058206.1049781
71 107 -0.002300000000000001
81 107 0.0002666666666666668
90 107 -0.001533333333333334
107 107   0.1744000000000001
108 107 0.0004000000000000001
109 107 0.0001333333333333334
122 107 -0.002300000000000001
141 107  -0.1665333333333333
142 107 0.0001333333333333334
71 108 0.0002666666666666667
72 108  -0.4171000000000001
81 108              -0.1696
82 108 0.0002666666666666668
107 108 0.0004000000000000001
108 108    2.343200000000001
109 108  -0.4171000000000001
110 108 0.0002666666666666668
111 108 0.0004000000000000002
122 108 0.0002666666666666667
123 108  -0.4171000000000001
141 108 0.0002666666666666668
142 108  -0.4171000000000001
143 108  -0.4995999999999999
144 108 0.0002666666666666668
71 109              -0.1673
72 109 0.0002666666666666668
73 109  -0.2498000000000001
107 109 0.0001333333333333334
108 109  -0.4171000000000001
109 109    1.336600000000001
110 109 0.0004000000000000002
112 109 0.0001333333333333334
141 109  -0.2498000000000001
143 109 0.0002666666666666668
145 109  -0.2497999999999999
72 110  -0.4995999999999999
73 110 0.0002666666666666668
74 110  -0.4170999999999999
75 110 0.0002666666666666668
108 110 0.0002666666666666668
109 110 0.0004000000000000002
110 110    2.343200000000001
111 110  -0.4171000000000001
112 110  -0.4171000000000001
113 110 0.0002666666666666667
114 110 0.0004000000000000001
143 110  -0.4171000000000002
145 110 0.0002666666666666667
146 110              -0.1696
147 110 0.0002666666666666667
72 111 0.0002666666666666668
75 111              -0.4171
82 111              -0.4996
83 111 0.0002666666666666669
108 111 0.0004000000000000002
110 111  -0.4171000000000001
111 111    2.343200000000001
114 111 0.0002666666666666668
115 111 0.0004000000000000002
123 111 0.0002666666666666668
124 111              -0.4171
143 111 0.0002666666666666667
144 111  -0.4171000000000002
147 111              -0.1696
148 111 0.0002666666666666668
73 112  -0.2497999999999999
74 112 0.0002666666666666668
76 112  -0.1672999999999999
109 112 0.0001333333333333334
110 112  -0.4171000000000001
112 112               1.0066
113 112 0.0004000000000000001
116 112 0.0001333333333333334
145 112              -0.1673
146 112 0.0002666666666666667
149 112 -0.002300000000000001
74 113  -0.1695288080957607
76 113 0.0002679205327818981
110 113 0.0002666666666666667
112 113 0.0004000000000000001
113 113   0.3116137802364347
114 113  0.01481132833111553
116 113  0.01222698536799345
117 113  0.03333333333333334
118 113  0.06666666666666668
146 113 0.008627398868155445
149 113 0.005734753254356716
150 113  0.06666666666666667
151 113  0.03333333333333333
237 113   0.0205337177214359
238 113  0.02159129624409354
250 113 0.008498070765028055
251 113  0.01044272849386068
264 113  0.01929604407659897
265 113  0.01336738170772473
74 114 0.0002966615657236993
75 114   -0.168661385692163
110 114 0.0004000000000000001
111 114 0.0002666666666666668
113 114  0.01481132833111553
114 114   0.3230607162123925
115 114  0.01972940075022732
118 114  0.03333333333333335
119 114  0.06666666666666668
146 114 0.008133086645489816
147 114  0.01301438215342182
151 114  0.06666666666666668
152 114  0.03333333333333334
238 114  0.02246418771005271
239 114  0.02379155503667649
251 114 0.005613158763661813
252 114 0.004073623469371851
265 114  0.01632144216413488
266 114 0.008719131115379551
75 115 0.0009804468534626697
83 115  -0.1620392576608438
111 115 0.0004000000000000002
114 115  0.01972940075022732
115 115   0.3315019638986275
119 115  0.03333333333333333
120 115  0.06666666666666665
124 115 0.0007067100496512509
147 115  0.01462618378557625
148 115  0.02062626019487001
152 115  0.06666666666666665
153 115  0.03333333333333332
239 115  0.02355694142940364
242 115  0.01770178782546772
252 115 0.001123083608528969
253 115 -1.438393690098583e-05
256 115  0.02304592056320656
266 115 0.009503397797992473
267 115 0.001337818804785671
76 116 -0.002296487490692582
112 116 0.0001333333333333334
113 116  0.01222698536799345
116 116  0.09403399276099016
117 116  0.06666666666666668
121 116  0.03333333333333334
149 116 0.007069643716664956
150 116  0.03333333333333333
154 116  0.06666666666666667
237 116  0.01931930804911411
240 116  0.01394066544482363
250 116   0.0136204752304073
254 116 0.002259746416500863
264 116  0.01543189115145192
268 116 0.006591805124510405
77 117    3892924.273559016
80 117    2629784.364385877
85 117    331086932.5987641
86 117     330420265.898764
113 117  0.03333333333333334
116 117  0.06666666666666668
117 117    1990437816.697047
118 117    331085580.3731484
121 117    331084650.9421319
150 117    331075602.7854227
154 117    330418739.1653453
246 117    2450574.486215371
249 117    3668085.559074949
77 118     2644996.34954474
78 118    3948732.557531416
86 118    331086932.5987642
87 118    330420265.8987641
113 118  0.06666666666666668
114 118  0.03333333333333335
117 118    331085580.3731484
118 118    1990483496.878351
119 118    331086717.6180168
150 118    330419438.5429319
151 118    331082303.0214682
246 118     3787081.82469367
247 118    2557277.288004618
78 119     2662735.31985406
79 119    3993785.280883454
87 119    331086932.5987641
88 119     330420265.898764
114 119  0.06666666666666668
115 119  0.03333333333333333
118 119    331086717.6180168
119 119    1990517255.386279
120 119    331086932.5316754
151 119    330420158.1975052
152 119    331086495.0884274
247 119    3946751.072278896
248 119    2653428.592378088
79 120     2666665.05516412
84 120    3999998.809871203
88 120    331086932.5987641
89 120     330420265.898764
115 120  0.06666666666666665
119 120    331086932.5316754
120 120    1990521594.770781
125 120    2666665.055163917
126 120    331086932.5987641
152 120    330420265.8753343
153 120    331086932.5316753
248 120    3999913.881823434
80 121     1992569.58116033
85 121     330420265.898764
106 121    174058206.1049781
116 121  0.03333333333333334
117 121    331084650.9421319
121 121    1010285689.265698
154 121     174057529.936654
249 121    1298232.841256759
81 122 -0.004600000000000002
90 122 0.0001333333333333334
91 122 -0.002300000000000001
