%%MatrixMarket matrix coordinate real general
1089 1089 36199
1 1 5.536692712528618e-05
4 1 3.483334483938008e-06
7 1 -1.111202030023137e-05
28 1 -1.10074151107972e-05
31 1 3.462110119790011e-06
34 1 1.233846174631878e-05
37 1 -3.153362799721283e-05
46 1 -1.274433041547976e-05
64 1 -1.019369633387795e-05
67 1 8.376484187476445e-06
70 1 -1.879009410616001e-05
73 1 -1.254038915335182e-05
2 2 5.536692712528618e-05
5 2 3.483334483938008e-06
8 2 -1.111202030023137e-05
29 2 -1.10074151107972e-05
32 2 3.462110119790011e-06
35 2 1.233846174631878e-05
38 2 -3.153362799721283e-05
47 2 -1.274433041547976e-05
65 2 -1.019369633387795e-05
68 2 8.376484187476445e-06
71 2 -1.879009410616001e-05
74 2 -1.254038915335182e-05
3 3 5.536692712528618e-05
6 3 3.483334483938008e-06
9 3 -1.111202030023137e-05
30 3 -1.10074151107972e-05
33 3 3.462110119790011e-06
36 3 1.233846174631878e-05
39 3 -3.153362799721282e-05
48 3 -1.274433041547976e-05
66 3 -1.019369633387795e-05
69 3 8.376484187476445e-06
72 3 -1.879009410616001e-05
75 3 -1.254038915335182e-05
1 4 3.483334483938008e-06
4 4 5.601705655153192e-05
7 4 -1.107177252063047e-05
10 4 3.534190495923444e-06
13 4 -1.130822785740448e-05
34 4 8.387338924610822e-06
37 4 -1.270476927665256e-05
40 4 1.220865265235966e-05
43 4 -1.059551904927905e-05
46 4 -1.91312000243403e-05
49 4 -3.222202840262105e-05
58 4 -1.317075493183172e-05
2 5 3.483334483938008e-06
5 5 5.601705655153192e-05
8 5 -1.107177252063047e-05
11 5 3.534190495923444e-06
14 5 -1.130822785740448e-05
35 5 8.387338924610822e-06
38 5 -1.270476927665256e-05
41 5 1.220865265235966e-05
44 5 -1.059551904927905e-05
47 5 -1.91312000243403e-05
50 5 -3.222202840262105e-05
59 5 -1.317075493183172e-05
3 6 3.483334483938008e-06
6 6 5.601705655153192e-05
9 6 -1.107177252063047e-05
12 6 3.534190495923444e-06
15 6 -1.130822785740448e-05
36 6 8.387338924610822e-06
39 6 -1.270476927665256e-05
42 6 1.220865265235966e-05
45 6 -1.059551904927905e-05
48 6 -1.91312000243403e-05
51 6 -3.222202840262105e-05
60 6 -1.317075493183172e-05
1 7 -1.111202030023137e-05
4 7 -1.107177252063047e-05
7 7 6.862616829331165e-05
34 7 -1.42482988000985e-05
37 7 3.084768011316578e-05
46 7 3.092680239082021e-05
2 8 -1.111202030023137e-05
5 8 -1.107177252063047e-05
8 8 6.862616829331165e-05
35 8 -1.42482988000985e-05
38 8 3.084768011316578e-05
47 8 3.092680239082021e-05
3 9 -1.111202030023137e-05
6 9 -1.107177252063047e-05
9 9 6.862616829331165e-05
36 9 -1.42482988000985e-05
39 9 3.084768011316578e-05
48 9 3.092680239082021e-05
4 10 3.534190495923444e-06
10 10 5.717978944079503e-05
13 10 -1.123337299870782e-05
16 10 3.616493783533913e-06
19 10 -1.161316479598042e-05
40 10 8.378340662153555e-06
49 10 -1.309614009786351e-05
52 10 1.197529510367077e-05
55 10 -1.139634980741163e-05
58 10 -1.989049831157325e-05
61 10 -3.340496195498894e-05
82 10 -1.385855159961883e-05
5 11 3.534190495923444e-06
11 11 5.717978944079503e-05
14 11 -1.123337299870782e-05
17 11 3.616493783533913e-06
20 11 -1.161316479598042e-05
41 11 8.378340662153555e-06
50 11 -1.309614009786351e-05
53 11 1.197529510367077e-05
56 11 -1.139634980741163e-05
59 11 -1.989049831157325e-05
62 11 -3.340496195498894e-05
83 11 -1.385855159961883e-05
6 12 3.534190495923444e-06
12 12 5.717978944079505e-05
15 12 -1.123337299870782e-05
18 12 3.616493783533913e-06
21 12 -1.161316479598042e-05
42 12 8.378340662153555e-06
51 12 -1.309614009786351e-05
54 12 1.197529510367077e-05
57 12 -1.139634980741163e-05
60 12 -1.989049831157325e-05
63 12 -3.340496195498894e-05
84 12 -1.385855159961883e-05
4 13 -1.130822785740448e-05
10 13 -1.123337299870782e-05
13 13 6.979797447921051e-05
40 13 -1.449577124943107e-05
49 13 3.183999448309286e-05
58 13 3.198922415102928e-05
5 14 -1.130822785740448e-05
11 14 -1.123337299870782e-05
14 14 6.979797447921051e-05
41 14 -1.449577124943107e-05
50 14 3.183999448309286e-05
59 14 3.198922415102928e-05
6 15 -1.130822785740448e-05
12 15 -1.123337299870782e-05
15 15 6.979797447921051e-05
42 15 -1.449577124943107e-05
51 15 3.183999448309286e-05
60 15 3.198922415102928e-05
10 16 3.616493783533913e-06
16 16 5.891125970632366e-05
19 16 -1.149933190086403e-05
22 16 3.733539885978814e-06
25 16 -1.204230193166988e-05
52 16 8.315701237122999e-06
61 16 -1.374255627476463e-05
76 16 1.158629807534623e-05
79 16 -1.270028078209306e-05
82 16 -2.113049987054923e-05
85 16  -3.514650938026e-05
154 16 -1.486227288505157e-05
11 17 3.616493783533913e-06
17 17 5.891125970632366e-05
20 17 -1.149933190086403e-05
23 17 3.733539885978814e-06
26 17 -1.204230193166988e-05
53 17 8.315701237122999e-06
62 17 -1.374255627476463e-05
77 17 1.158629807534623e-05
80 17 -1.270028078209306e-05
83 17 -2.113049987054923e-05
86 17  -3.514650938026e-05
155 17 -1.486227288505157e-05
12 18 3.616493783533913e-06
18 18 5.891125970632366e-05
21 18 -1.149933190086403e-05
24 18 3.733539885978814e-06
27 18 -1.204230193166988e-05
54 18 8.315701237122999e-06
63 18 -1.374255627476463e-05
78 18 1.158629807534623e-05
81 18 -1.270028078209306e-05
84 18 -2.113049987054923e-05
87 18  -3.514650938026e-05
156 18 -1.486227288505157e-05
10 19 -1.161316479598042e-05
16 19 -1.149933190086403e-05
19 19 7.165403155367116e-05
52 19 -1.487316029766445e-05
61 19 3.346791185788983e-05
82 19 3.369990250759799e-05
11 20 -1.161316479598042e-05
17 20 -1.149933190086403e-05
20 20 7.165403155367116e-05
53 20 -1.487316029766445e-05
62 20 3.346791185788983e-05
83 20 3.369990250759799e-05
12 21 -1.161316479598042e-05
18 21 -1.149933190086403e-05
21 21 7.165403155367116e-05
54 21 -1.487316029766445e-05
63 21 3.346791185788983e-05
84 21 3.369990250759799e-05
16 22 3.733539885978814e-06
22 22 2.830639203331877e-05
25 22 -1.188229066005921e-05
76 22 8.131764584108957e-06
85 22 -1.469421230011572e-05
154 22 -2.29616656634683e-05
175 22 3.733539885978814e-06
178 22 -1.469421230011572e-05
181 22 -1.188229066005921e-05
17 23 3.733539885978814e-06
23 23 2.830639203331877e-05
26 23 -1.188229066005921e-05
77 23 8.131764584108957e-06
86 23 -1.469421230011572e-05
155 23 -2.29616656634683e-05
176 23 3.733539885978814e-06
179 23 -1.469421230011572e-05
182 23 -1.188229066005921e-05
18 24 3.733539885978814e-06
24 24 2.830639203331877e-05
27 24 -1.188229066005921e-05
78 24 8.131764584108957e-06
87 24 -1.469421230011572e-05
156 24 -2.29616656634683e-05
177 24 3.733539885978814e-06
180 24 -1.469421230011572e-05
183 24 -1.188229066005921e-05
16 25 -1.204230193166988e-05
22 25 -1.188229066005921e-05
25 25 7.429515989311279e-05
76 25 -1.537781985841108e-05
85 25 3.586444181807006e-05
154 25 3.620056298794167e-05
17 26 -1.204230193166988e-05
23 26 -1.188229066005921e-05
26 26 7.429515989311279e-05
77 26 -1.537781985841108e-05
86 26 3.586444181807006e-05
155 26 3.620056298794167e-05
18 27 -1.204230193166988e-05
24 27 -1.188229066005921e-05
27 27 7.429515989311279e-05
78 27 -1.537781985841108e-05
87 27 3.586444181807006e-05
156 27 3.620056298794167e-05
1 28 -1.10074151107972e-05
28 28 6.807882921097099e-05
31 28 -1.101535088752919e-05
67 28 -1.413006861607554e-05
70 28 3.043138668985952e-05
73 28 3.041589796272577e-05
2 29 -1.10074151107972e-05
29 29 6.807882921097099e-05
32 29 -1.101535088752919e-05
68 29 -1.413006861607554e-05
71 29 3.043138668985952e-05
74 29 3.041589796272577e-05
3 30 -1.10074151107972e-05
30 30 6.807882921097099e-05
33 30 -1.101535088752919e-05
69 30 -1.413006861607554e-05
72 30 3.043138668985952e-05
75 30 3.041589796272577e-05
1 31 3.462110119790011e-06
28 31 -1.101535088752919e-05
31 31 3.069637387875899e-05
67 31 8.427213539256291e-06
70 31 -1.254813351691872e-05
73 31 -2.241133468655928e-05
2 32 3.462110119790011e-06
29 32 -1.101535088752919e-05
32 32 3.069637387875899e-05
68 32 8.427213539256291e-06
71 32 -1.254813351691872e-05
74 32 -2.241133468655928e-05
3 33 3.462110119790011e-06
30 33 -1.101535088752919e-05
33 33 3.069637387875899e-05
69 33 8.427213539256291e-06
72 33 -1.254813351691872e-05
75 33 -2.241133468655928e-05
1 34 1.233846174631878e-05
4 34 8.387338924610822e-06
7 34 -1.42482988000985e-05
34 34 0.0001380648767129987
37 34 -3.98693354113785e-05
40 34 1.319135844584855e-05
43 34 -3.409538554206672e-05
46 34 -2.509620588111786e-05
49 34 -1.183349711938869e-05
64 34 -3.308701866374688e-05
67 34 1.329033456022083e-05
70 34 -1.139791215663271e-05
199 34 1.329389385112245e-05
202 34 -2.838408531705263e-05
211 34 -7.639635079809916e-06
229 34 -6.087709168267181e-06
232 34  7.8899861970018e-06
235 34 -1.450114618667571e-05
238 34 -7.112659369453979e-06
2 35 1.233846174631878e-05
5 35 8.387338924610822e-06
8 35 -1.42482988000985e-05
35 35 0.0001380648767129987
38 35 -3.98693354113785e-05
41 35 1.319135844584855e-05
44 35 -3.409538554206672e-05
47 35 -2.509620588111786e-05
50 35 -1.183349711938869e-05
65 35 -3.308701866374688e-05
68 35 1.329033456022083e-05
71 35 -1.139791215663271e-05
200 35 1.329389385112245e-05
203 35 -2.838408531705263e-05
212 35 -7.639635079809916e-06
230 35 -6.087709168267181e-06
233 35  7.8899861970018e-06
236 35 -1.450114618667571e-05
239 35 -7.112659369453979e-06
3 36 1.233846174631878e-05
6 36 8.387338924610822e-06
9 36 -1.42482988000985e-05
36 36 0.0001380648767129987
39 36 -3.98693354113785e-05
42 36 1.319135844584855e-05
45 36 -3.409538554206672e-05
48 36 -2.509620588111786e-05
51 36 -1.183349711938869e-05
66 36 -3.308701866374688e-05
69 36 1.329033456022083e-05
72 36 -1.139791215663271e-05
201 36 1.329389385112245e-05
204 36 -2.838408531705263e-05
213 36 -7.639635079809916e-06
231 36 -6.087709168267181e-06
234 36  7.8899861970018e-06
237 36 -1.450114618667571e-05
240 36 -7.112659369453979e-06
1 37 -3.153362799721283e-05
4 37 -1.270476927665256e-05
7 37 3.084768011316578e-05
34 37 -3.98693354113785e-05
37 37 0.0001932519684139539
46 37 2.783974334392826e-05
64 37 2.221224531556134e-05
67 37 -1.143635784015919e-05
70 37 2.462067696107085e-05
2 38 -3.153362799721283e-05
5 38 -1.270476927665256e-05
8 38 3.084768011316578e-05
35 38 -3.98693354113785e-05
38 38 0.0001932519684139539
47 38 2.783974334392826e-05
65 38 2.221224531556134e-05
68 38 -1.143635784015919e-05
71 38 2.462067696107085e-05
3 39 -3.153362799721283e-05
6 39 -1.270476927665256e-05
9 39 3.084768011316578e-05
36 39 -3.98693354113785e-05
39 39 0.0001932519684139539
48 39 2.783974334392826e-05
66 39 2.221224531556134e-05
69 39 -1.143635784015919e-05
72 39 2.462067696107085e-05
4 40 1.220865265235966e-05
10 40 8.378340662153555e-06
13 40 -1.449577124943107e-05
34 40 1.319135844584855e-05
40 40 0.0001443647672037285
43 40 -3.333916659976116e-05
46 40 -1.172856734447391e-05
49 40 -3.975494901506356e-05
52 40 1.295795424621155e-05
55 40 -3.533198147413461e-05
58 40 -2.546950881056786e-05
61 40 -1.256989475580655e-05
199 40 8.066163712805506e-06
202 40 -7.529539428030543e-06
205 40 1.328149775796512e-05
208 40 -6.697627192180577e-06
211 40 -1.519903229444113e-05
214 40 -2.975094633072018e-05
223 40 -8.7060248429155e-06
5 41 1.220865265235966e-05
11 41 8.378340662153555e-06
14 41 -1.449577124943107e-05
35 41 1.319135844584855e-05
41 41 0.0001443647672037285
44 41 -3.333916659976116e-05
47 41 -1.172856734447391e-05
50 41 -3.975494901506356e-05
53 41 1.295795424621155e-05
56 41 -3.533198147413461e-05
59 41 -2.546950881056786e-05
62 41 -1.256989475580655e-05
200 41 8.066163712805506e-06
203 41 -7.529539428030543e-06
206 41 1.328149775796512e-05
209 41 -6.697627192180577e-06
212 41 -1.519903229444113e-05
215 41 -2.975094633072018e-05
224 41 -8.7060248429155e-06
6 42 1.220865265235966e-05
12 42 8.378340662153555e-06
15 42 -1.449577124943107e-05
36 42 1.319135844584855e-05
42 42 0.0001443647672037285
45 42 -3.333916659976116e-05
48 42 -1.172856734447391e-05
51 42 -3.975494901506356e-05
54 42 1.295795424621155e-05
57 42 -3.533198147413461e-05
60 42 -2.546950881056786e-05
63 42 -1.256989475580655e-05
201 42 8.066163712805506e-06
204 42 -7.529539428030543e-06
207 42 1.328149775796512e-05
210 42 -6.697627192180577e-06
213 42 -1.519903229444113e-05
216 42 -2.975094633072018e-05
225 42 -8.7060248429155e-06
4 43 -1.059551904927905e-05
34 43 -3.409538554206672e-05
40 43 -3.333916659976116e-05
43 43 0.0001512238459020164
46 43 2.320385452122508e-05
49 43 2.341371407105467e-05
199 43 -8.201171197498245e-06
202 43 1.448835852974212e-05
211 43 1.470854983330089e-05
5 44 -1.059551904927905e-05
35 44 -3.409538554206672e-05
41 44 -3.333916659976116e-05
44 44 0.0001512238459020164
47 44 2.320385452122508e-05
50 44 2.341371407105467e-05
200 44 -8.201171197498245e-06
203 44 1.448835852974212e-05
212 44 1.470854983330089e-05
6 45 -1.059551904927905e-05
36 45 -3.409538554206672e-05
42 45 -3.333916659976116e-05
45 45 0.0001512238459020164
48 45 2.320385452122508e-05
51 45 2.341371407105467e-05
201 45 -8.201171197498245e-06
204 45 1.448835852974212e-05
213 45 1.470854983330089e-05
1 46 -1.274433041547976e-05
4 46 -1.91312000243403e-05
7 46 3.092680239082021e-05
34 46 -2.509620588111786e-05
37 46 2.783974334392826e-05
40 46 -1.172856734447391e-05
43 46 2.320385452122508e-05
46 46 0.0001068691623951464
49 46 2.567981066144439e-05
2 47 -1.274433041547976e-05
5 47 -1.91312000243403e-05
8 47 3.092680239082021e-05
35 47 -2.509620588111786e-05
38 47 2.783974334392826e-05
41 47 -1.172856734447391e-05
44 47 2.320385452122508e-05
47 47 0.0001068691623951464
50 47 2.567981066144439e-05
3 48 -1.274433041547976e-05
6 48 -1.91312000243403e-05
9 48 3.092680239082021e-05
36 48 -2.509620588111786e-05
39 48 2.783974334392826e-05
42 48 -1.172856734447391e-05
45 48 2.320385452122508e-05
48 48 0.0001068691623951464
51 48 2.567981066144439e-05
4 49 -3.222202840262105e-05
10 49 -1.309614009786351e-05
13 49 3.183999448309286e-05
34 49 -1.183349711938869e-05
40 49 -3.975494901506356e-05
43 49 2.341371407105467e-05
46 49 2.567981066144439e-05
49 49 0.0001996425240839107
58 49 2.918996184789409e-05
5 50 -3.222202840262105e-05
11 50 -1.309614009786351e-05
14 50 3.183999448309286e-05
35 50 -1.183349711938869e-05
41 50 -3.975494901506356e-05
44 50 2.341371407105467e-05
47 50 2.567981066144439e-05
50 50 0.0001996425240839107
59 50 2.918996184789409e-05
6 51 -3.222202840262105e-05
12 51 -1.309614009786351e-05
15 51 3.183999448309286e-05
36 51 -1.183349711938869e-05
42 51 -3.975494901506356e-05
45 51 2.341371407105467e-05
48 51 2.567981066144439e-05
51 51 0.0001996425240839107
60 51 2.918996184789409e-05
10 52 1.197529510367077e-05
16 52 8.315701237122999e-06
19 52 -1.487316029766445e-05
40 52 1.295795424621155e-05
52 52 0.0001555163030317932
55 52 -3.393415415046971e-05
58 52 -1.237908110281565e-05
61 52 -3.946877368403124e-05
76 52 1.248230256124727e-05
79 52 -3.696407409127144e-05
82 52 -2.585503372068908e-05
85 52 -1.371419549694125e-05
205 52 8.342049302653935e-06
214 52 -8.487132222491443e-06
217 52 1.310027402580178e-05
220 52 -7.950852209296065e-06
223 52 -1.66207554646365e-05
226 52 -3.189624165405416e-05
304 52 -1.052110259227761e-05
11 53 1.197529510367077e-05
17 53 8.315701237122999e-06
20 53 -1.487316029766445e-05
41 53 1.295795424621155e-05
53 53 0.0001555163030317932
56 53 -3.393415415046971e-05
59 53 -1.237908110281565e-05
62 53 -3.946877368403124e-05
77 53 1.248230256124727e-05
80 53 -3.696407409127144e-05
83 53 -2.585503372068908e-05
86 53 -1.371419549694125e-05
206 53 8.342049302653935e-06
215 53 -8.487132222491443e-06
218 53 1.310027402580178e-05
221 53 -7.950852209296065e-06
224 53 -1.66207554646365e-05
227 53 -3.189624165405416e-05
305 53 -1.052110259227761e-05
12 54 1.197529510367077e-05
18 54 8.315701237122999e-06
21 54 -1.487316029766445e-05
42 54 1.295795424621155e-05
54 54 0.0001555163030317932
57 54 -3.393415415046971e-05
60 54 -1.237908110281565e-05
63 54 -3.946877368403124e-05
78 54 1.248230256124727e-05
81 54 -3.696407409127144e-05
84 54 -2.585503372068908e-05
87 54 -1.371419549694125e-05
207 54 8.342049302653935e-06
216 54 -8.487132222491443e-06
219 54 1.310027402580178e-05
222 54 -7.950852209296065e-06
225 54 -1.66207554646365e-05
228 54 -3.189624165405416e-05
306 54 -1.052110259227761e-05
10 55 -1.139634980741163e-05
40 55 -3.533198147413461e-05
52 55 -3.393415415046971e-05
55 55 0.0001661256713891484
58 55 2.539069136513239e-05
61 55 2.577231867111428e-05
205 55 -9.260277969703586e-06
214 55 1.705502809320623e-05
223 55 1.749281333405437e-05
11 56 -1.139634980741163e-05
41 56 -3.533198147413461e-05
53 56 -3.393415415046971e-05
56 56 0.0001661256713891484
59 56 2.539069136513239e-05
62 56 2.577231867111428e-05
206 56 -9.260277969703586e-06
215 56 1.705502809320623e-05
224 56 1.749281333405437e-05
12 57 -1.139634980741163e-05
42 57 -3.533198147413461e-05
54 57 -3.393415415046971e-05
57 57 0.0001661256713891484
60 57 2.539069136513239e-05
63 57 2.577231867111428e-05
207 57 -9.260277969703586e-06
216 57 1.705502809320623e-05
225 57 1.749281333405437e-05
4 58 -1.317075493183172e-05
10 58 -1.989049831157325e-05
13 58 3.198922415102928e-05
40 58 -2.546950881056786e-05
49 58 2.918996184789409e-05
52 58 -1.237908110281565e-05
55 58 2.539069136513239e-05
58 58 0.000113576808004599
61 58 2.773778126192228e-05
5 59 -1.317075493183172e-05
11 59 -1.989049831157325e-05
14 59 3.198922415102928e-05
41 59 -2.546950881056786e-05
50 59 2.918996184789409e-05
53 59 -1.237908110281565e-05
56 59 2.539069136513239e-05
59 59 0.000113576808004599
62 59 2.773778126192228e-05
6 60 -1.317075493183172e-05
12 60 -1.989049831157325e-05
15 60 3.198922415102928e-05
42 60 -2.546950881056786e-05
51 60 2.918996184789409e-05
54 60 -1.237908110281565e-05
57 60 2.539069136513239e-05
60 60 0.000113576808004599
63 60 2.773778126192228e-05
10 61 -3.340496195498894e-05
16 61 -1.374255627476463e-05
19 61 3.346791185788983e-05
40 61 -1.256989475580655e-05
52 61 -3.946877368403124e-05
55 61 2.577231867111428e-05
58 61 2.773778126192228e-05
61 61 0.000210740568532413
82 61 3.143869446179847e-05
11 62 -3.340496195498894e-05
17 62 -1.374255627476463e-05
20 62 3.346791185788983e-05
41 62 -1.256989475580655e-05
53 62 -3.946877368403124e-05
56 62 2.577231867111428e-05
59 62 2.773778126192228e-05
62 62 0.000210740568532413
83 62 3.143869446179847e-05
12 63 -3.340496195498894e-05
18 63 -1.374255627476463e-05
21 63 3.346791185788983e-05
42 63 -1.256989475580655e-05
54 63 -3.946877368403124e-05
57 63 2.577231867111428e-05
60 63 2.773778126192228e-05
63 63 0.000210740568532413
84 63 3.143869446179847e-05
1 64 -1.019369633387795e-05
34 64 -3.308701866374688e-05
37 64 2.221224531556134e-05
64 64 0.0001439592021765154
67 64 -3.334117051265767e-05
70 64 2.213535394850844e-05
232 64 -7.706086665685518e-06
235 64 1.344565296275904e-05
238 64 1.338191746663132e-05
2 65 -1.019369633387795e-05
35 65 -3.308701866374688e-05
38 65 2.221224531556134e-05
65 65 0.0001439592021765154
68 65 -3.334117051265767e-05
71 65 2.213535394850844e-05
233 65 -7.706086665685518e-06
236 65 1.344565296275904e-05
239 65 1.338191746663132e-05
3 66 -1.019369633387795e-05
36 66 -3.308701866374688e-05
39 66 2.221224531556134e-05
66 66 0.0001439592021765154
69 66 -3.334117051265767e-05
72 66 2.213535394850844e-05
234 66 -7.706086665685518e-06
237 66 1.344565296275904e-05
240 66 1.338191746663132e-05
1 67 8.376484187476445e-06
28 67 -1.413006861607554e-05
31 67 8.427213539256291e-06
34 67 1.329033456022083e-05
37 67 -1.143635784015919e-05
64 67 -3.334117051265767e-05
67 67 0.0001005210748764182
70 67 -2.483765156626874e-05
73 67 -2.821053756008884e-05
232 67 9.514179434982241e-06
235 67 -7.14452711751783e-06
238 67 -2.094358744075405e-05
2 68 8.376484187476445e-06
29 68 -1.413006861607554e-05
32 68 8.427213539256291e-06
35 68 1.329033456022083e-05
38 68 -1.143635784015919e-05
65 68 -3.334117051265767e-05
68 68 0.0001005210748764182
71 68 -2.483765156626874e-05
74 68 -2.821053756008884e-05
233 68 9.514179434982241e-06
236 68 -7.14452711751783e-06
239 68 -2.094358744075405e-05
3 69 8.376484187476445e-06
30 69 -1.413006861607554e-05
33 69 8.427213539256291e-06
36 69 1.329033456022083e-05
39 69 -1.143635784015919e-05
66 69 -3.334117051265767e-05
69 69 0.0001005210748764182
72 69 -2.483765156626874e-05
75 69 -2.821053756008884e-05
234 69 9.514179434982241e-06
237 69 -7.14452711751783e-06
240 69 -2.094358744075405e-05
1 70 -1.879009410616001e-05
28 70 3.043138668985952e-05
31 70 -1.254813351691872e-05
34 70 -1.139791215663271e-05
37 70 2.462067696107085e-05
64 70 2.213535394850844e-05
67 70 -2.483765156626874e-05
70 70 0.0001036475024638162
73 70 2.72520277644121e-05
2 71 -1.879009410616001e-05
29 71 3.043138668985952e-05
32 71 -1.254813351691872e-05
35 71 -1.139791215663271e-05
38 71 2.462067696107085e-05
65 71 2.213535394850844e-05
68 71 -2.483765156626874e-05
71 71 0.0001036475024638162
74 71 2.72520277644121e-05
3 72 -1.879009410616001e-05
30 72 3.043138668985952e-05
33 72 -1.254813351691872e-05
36 72 -1.139791215663271e-05
39 72 2.462067696107085e-05
66 72 2.213535394850844e-05
69 72 -2.483765156626874e-05
72 72 0.0001036475024638162
75 72 2.72520277644121e-05
1 73 -1.254038915335182e-05
28 73 3.041589796272577e-05
31 73 -2.241133468655928e-05
67 73 -2.821053756008884e-05
70 73 2.72520277644121e-05
73 73 0.0001422777262232579
2 74 -1.254038915335182e-05
29 74 3.041589796272577e-05
32 74 -2.241133468655928e-05
68 74 -2.821053756008884e-05
71 74 2.72520277644121e-05
74 74 0.0001422777262232579
3 75 -1.254038915335182e-05
30 75 3.041589796272577e-05
33 75 -2.241133468655928e-05
69 75 -2.821053756008884e-05
72 75 2.72520277644121e-05
75 75 0.0001422777262232579
16 76 1.158629807534623e-05
22 76 8.131764584108957e-06
25 76 -1.537781985841108e-05
52 76 1.248230256124727e-05
76 76 0.0001728107231261125
79 76 -3.465962603121517e-05
82 76 -1.339831879764202e-05
85 76 -3.879906952376671e-05
154 76 -2.601907889511386e-05
175 76 1.15862984002292e-05
178 76 -3.87990699694124e-05
181 76 -1.537781985841108e-05
217 76 8.550839276532948e-06
226 76 -1.012758577665302e-05
304 76 -1.870092866676519e-05
349 76 1.248230260206128e-05
352 76 -1.012758577665302e-05
355 76 -3.46596307226716e-05
358 76 -1.339831879764202e-05
17 77 1.158629807534623e-05
23 77 8.131764584108957e-06
26 77 -1.537781985841108e-05
53 77 1.248230256124727e-05
77 77 0.0001728107231261125
80 77 -3.465962603121517e-05
83 77 -1.339831879764202e-05
86 77 -3.879906952376671e-05
155 77 -2.601907889511386e-05
176 77 1.15862984002292e-05
179 77 -3.87990699694124e-05
182 77 -1.537781985841108e-05
218 77 8.550839276532948e-06
227 77 -1.012758577665302e-05
305 77 -1.870092866676519e-05
350 77 1.248230260206128e-05
353 77 -1.012758577665302e-05
356 77 -3.46596307226716e-05
359 77 -1.339831879764202e-05
18 78 1.158629807534623e-05
24 78 8.131764584108957e-06
27 78 -1.537781985841108e-05
54 78 1.248230256124727e-05
78 78 0.0001728107231261125
81 78 -3.465962603121517e-05
84 78 -1.339831879764202e-05
87 78 -3.879906952376671e-05
156 78 -2.601907889511386e-05
177 78 1.15862984002292e-05
180 78 -3.87990699694124e-05
183 78 -1.537781985841108e-05
219 78 8.550839276532948e-06
228 78 -1.012758577665302e-05
306 78 -1.870092866676519e-05
351 78 1.248230260206128e-05
354 78 -1.012758577665302e-05
357 78 -3.46596307226716e-05
360 78 -1.339831879764202e-05
16 79 -1.270028078209306e-05
52 79 -3.696407409127144e-05
76 79 -3.465962603121517e-05
79 79 0.0001904989516691001
82 79 2.904793306039671e-05
85 79 2.967968645899527e-05
217 79 -1.102386776379171e-05
226 79 2.170872360476451e-05
304 79 2.249575723601376e-05
17 80 -1.270028078209306e-05
53 80 -3.696407409127144e-05
77 80 -3.465962603121517e-05
80 80 0.0001904989516691001
83 80 2.904793306039671e-05
86 80 2.967968645899527e-05
218 80 -1.102386776379171e-05
227 80 2.170872360476451e-05
305 80 2.249575723601376e-05
18 81 -1.270028078209306e-05
54 81 -3.696407409127144e-05
78 81 -3.465962603121517e-05
81 81 0.0001904989516691001
84 81 2.904793306039671e-05
87 81 2.967968645899527e-05
219 81 -1.102386776379171e-05
228 81 2.170872360476451e-05
306 81 2.249575723601376e-05
10 82 -1.385855159961883e-05
16 82 -2.113049987054923e-05
19 82 3.369990250759799e-05
52 82 -2.585503372068908e-05
61 82 3.143869446179847e-05
76 82 -1.339831879764202e-05
79 82 2.904793306039671e-05
82 82 0.0001245696226202599
85 82 3.107576249009321e-05
11 83 -1.385855159961883e-05
17 83 -2.113049987054923e-05
20 83 3.369990250759799e-05
53 83 -2.585503372068908e-05
62 83 3.143869446179847e-05
77 83 -1.339831879764202e-05
80 83 2.904793306039671e-05
83 83 0.0001245696226202599
86 83 3.107576249009321e-05
12 84 -1.385855159961883e-05
18 84 -2.113049987054923e-05
21 84 3.369990250759799e-05
54 84 -2.585503372068908e-05
63 84 3.143869446179847e-05
78 84 -1.339831879764202e-05
81 84 2.904793306039671e-05
84 84 0.0001245696226202599
87 84 3.107576249009321e-05
16 85  -3.514650938026e-05
22 85 -1.469421230011572e-05
25 85 3.586444181807006e-05
52 85 -1.371419549694125e-05
76 85 -3.879906952376671e-05
79 85 2.967968645899527e-05
82 85 3.107576249009321e-05
85 85 0.0002274319534855247
154 85 3.483334787135101e-05
17 86  -3.514650938026e-05
23 86 -1.469421230011572e-05
26 86 3.586444181807006e-05
53 86 -1.371419549694125e-05
77 86 -3.879906952376671e-05
80 86 2.967968645899527e-05
83 86 3.107576249009321e-05
86 86 0.0002274319534855247
155 86 3.483334787135101e-05
18 87  -3.514650938026e-05
24 87 -1.469421230011572e-05
27 87 3.586444181807006e-05
54 87 -1.371419549694125e-05
78 87 -3.879906952376671e-05
81 87 2.967968645899527e-05
84 87 3.107576249009321e-05
87 87 0.0002274319534855247
156 87 3.483334787135101e-05
88 88  0.03439660999507216
89 88 -0.0003110723034468751
90 88 0.003546128925132164
91 88  -0.0151164556661925
92 88 0.0001339759332390908
93 88 -0.002291025801006971
94 88  0.01549755344573578
95 88 -0.001189203773228629
96 88 0.003417958986078451
97 88 0.005873045076604385
98 88 0.0002632722250799565
99 88 0.0008588555963128514
100 88 0.009391284484429361
101 88 0.0006073968570245152
102 88 0.003249297224922681
106 88 0.0009562163520382656
107 88 -0.0001528215358662431
109 88 -0.001933239495287735
110 88 0.0005667734013564704
111 88 -0.0001114209709424914
112 88 -0.002250047328989757
113 88 6.283359321456262e-05
114 88 9.28377440758849e-05
115 88 0.0001108018384173045
116 88 1.884560262715233e-05
117 88 1.85832268666068e-05
88 89 -0.0003110723034468752
89 89  0.03890415798020811
90 89 -0.002996756757611026
91 89 8.931728882606006e-05
92 89  -0.0175054487149752
93 89 0.001015821253656367
94 89 -0.001012196036385716
95 89  0.01549755344573578
96 89 0.001630194232457292
97 89 0.0003949083376199336
98 89 0.005214864513904504
99 89 0.0008289262755315524
100 89 0.0005086220058319696
101 89  0.01572158169533084
102 89 -0.003110412304825575
106 89 -0.0001018810239108287
107 89 0.003346757232133928
108 89 -0.0008543353281274359
109 89 0.0004810237582822827
110 89 -0.006626964032007527
111 89 0.001594569557597048
112 89 -6.128576190159405e-05
113 89 -0.007735987425607457
114 89   0.0022432729826376
115 89 1.256373508476823e-05
116 89 0.0001092540071043354
117 89 -0.0001976592858399256
88 90 0.003546128925132164
89 90 -0.002996756757611026
90 90   0.1070497835358946
91 90 -0.001527350534004648
92 90 0.001399114111343433
93 90 -0.05051860178289107
94 90 0.001562926327124927
95 90 -1.234984642010635e-05
96 90  0.05424143706007521
97 90 0.001288283394469276
98 90 -0.0001630954799063405
99 90  0.02121383833081524
100 90 0.0009841551749044015
101 90 -0.002303270166489639
102 90  0.03537000194632341
107 90 -0.001281502992191151
108 90 0.0009562163520382656
109 90 -0.0001671314564137375
110 90 0.002391854336395569
111 90 -0.001902267450510052
112 90 0.0001547426385026661
113 90 0.003210147237889448
114 90 -0.002559571801123661
115 90 1.238881791107121e-05
116 90 -0.0001417266926929338
117 90 0.0003893542657735329
88 91  -0.0151164556661925
89 91 8.931728882606006e-05
90 91 -0.001527350534004648
91 91  0.01815249728384276
92 91 -0.0001687599890963713
94 91 -0.03178388521838751
95 91 0.0004638385530383084
96 91 0.0008732019210151816
97 91 -0.007923309336671696
98 91 -9.537640076181073e-05
99 91 -0.0008559030042001756
100 91 -0.02430837851148931
101 91 0.0002319451666666537
102 91 0.001909915935903603
106 91 -0.0006764606360977237
107 91 9.946932301674701e-05
109 91 0.001974941400329438
110 91 -0.0005149597810664115
111 91 0.0001170149364684184
112 91 0.001056722235917962
113 91 0.000101125016404885
114 91 -0.000101125016404885
115 91 -0.0001512003377593386
116 91 1.237995048343147e-05
187 91 -1.540083920434684e-05
188 91 -1.047066436071954e-05
190 91 0.002077917303926523
191 91 -0.0001904459449525651
193 91 0.0009919940734777857
194 91 -0.0001092684147254531
196 91 -0.0007063039901241658
197 91 7.186194654623473e-05
241 91  0.01062205982424274
242 91 -0.0007551700936140806
243 91 -0.00405542206476689
244 91 -0.00473933077029914
245 91 0.0001818597399779879
246 91 0.001914448822126096
250 91  0.01094503200300571
251 91 -1.375127204677741e-05
252 91 -0.004175910307850621
256 91 -0.0002889653535000116
257 91 2.64731339269514e-06
258 91 -0.0003825654018989552
274 91 4.881583879731349e-05
275 91 -2.820231801595925e-05
276 91 -1.588992006353336e-05
331 91 5.086624568447952e-05
332 91 -1.364869469778317e-08
333 91 -2.178617088436487e-05
338 91 0.0007927458822311917
339 91 -0.0004712317029741115
341 91 -0.0001873194930760254
342 91 0.0001166792878788392
343 91 -6.406747663495176e-05
344 91 2.77695811757256e-05
345 91 -1.729891681500606e-05
346 91 1.320123095047223e-05
347 91 -1.221741349048539e-06
88 92 0.0001339759332390908
89 92  -0.0175054487149752
90 92 0.001399114111343433
91 92 -0.0001687599890963713
92 92   0.0180971532181738
93 92 -0.001554888704163454
94 92 0.000388706035993714
95 92 -0.02916079847605685
96 92 0.001453739241719667
97 92 -0.000143064601142716
98 92 -0.01040329452036616
99 92 0.0009989676053428916
100 92 0.0003101072396791226
101 92 -0.02165854642356807
102 92 0.002795492398253335
106 92 6.631288201116469e-05
107 92 -0.002367612226342029
108 92 0.0006101477540865594
109 92 -0.0004275773677150123
110 92 0.006912294901153022
111 92 -0.001714941477285287
112 92 0.0001516875246073277
113 92 0.003445715284700655
114 92 -0.001107284744120407
115 92 1.708103369091726e-05
116 92 -0.0001572142406689722
117 92 0.0001634952521861526
187 92 -1.570599654107929e-05
188 92 -5.390293721521392e-05
189 92 -0.000143064601142716
190 92 -0.0002856689174288472
191 92 0.007272710563742794
192 92 -0.00264933518197063
193 92 -0.0001639026220881802
194 92 0.003471979257172253
195 92 -0.001324088488128501
196 92 0.0001077929198193521
197 92 -0.002472063965434596
198 92 0.0009516630653669015
241 92 -0.0007333549316657923
242 92 0.003034874235497933
243 92 0.000396225726687923
244 92 0.0001755454961557013
245 92 -0.001354094505799748
246 92 -9.775020510667659e-05
250 92 -9.167514697849528e-06
251 92 0.003127152000858774
256 92 3.712535790211392e-06
257 92 -0.0001202951823720111
258 92 1.41032496224574e-05
274 92 -2.762927871260245e-05
275 92 5.168103531409751e-05
276 92 1.588992006353335e-05
331 92 -9.099129798510647e-09
332 92 1.453321305270844e-05
337 92 0.0007782592212191427
339 92 -0.0004297696930913189
340 92 -0.0001837464997150053
342 92 0.0001059603077957792
343 92 2.72386077510833e-05
344 92 -6.073752137936123e-05
345 92 -1.570599654107929e-05
346 92 -1.832612023572807e-06
347 92 4.62043083266528e-05
348 92 -1.796923440213552e-05
88 93 -0.002291025801006971
89 93 0.001015821253656367
90 93 -0.05051860178289106
92 93 -0.001554888704163454
93 93  0.04388118298174343
94 93 0.001295387117510269
95 93 0.002167520532128599
96 93 -0.07086834499487879
97 93 -0.001283854506300265
98 93 0.001379230907062076
99 93 -0.02525159749465643
100 93  0.00254606940227294
101 93 0.002081176858871529
102 93 -0.04599963614003716
107 93 0.0009152216311298379
108 93 -0.0006764606360977237
109 93 0.0001622808046496833
110 93 -0.002559170615874991
111 93 0.001974941400329438
112 93 -0.0001516875246073277
113 93 -0.001534520845674504
114 93 0.001309534776930176
116 93 0.0001188366077731228
117 93 -0.000377529678665664
188 93 -9.537640076181073e-05
189 93 -1.540083920434684e-05
191 93 -0.001766223454647082
192 93 0.002077917303926523
194 93 -0.0008827256587523323
195 93 0.0009919940734777857
197 93 0.0006344420435779312
198 93 -0.0007063039901241658
241 93 -0.002703614709844589
242 93 0.0002641504844586154
243 93 0.003034874235497933
244 93 0.001276299214750723
245 93 -6.5166803404451e-05
246 93 -0.001354094505799748
250 93 -0.002783940205233749
252 93 0.003127152000858774
256 93 -0.0002550436012659696
257 93 9.40216641497159e-06
258 93 -9.094678574933832e-05
274 93 -1.059328004235554e-05
275 93 1.059328004235554e-05
276 93 2.233263869142467e-05
331 93 -1.452411392290992e-05
333 93 1.453321305270844e-05
337 93 -0.0003141544686494072
338 93 -0.0002865131287275458
340 93 7.778619191922617e-05
341 93 7.064020519718624e-05
343 93 -1.153261121000401e-05
344 93 -1.047066436071954e-05
345 93 -2.773444400318067e-05
347 93 -1.197948960142369e-05
348 93 1.320123095047223e-05
88 94  0.01549755344573578
89 94 -0.001012196036385716
90 94 0.001562926327124927
91 94 -0.03178388521838751
92 94 0.000388706035993714
93 94 0.001295387117510269
94 94  0.08975364694876652
95 94 -0.002321983130063407
96 94 -0.005046131214835412
97 94  0.01026031492383814
98 94 0.0005138484009379661
99 94 0.0003195762831243721
100 94  0.02616879071229327
101 94 0.0009371930287525375
102 94 -0.003767830109431514
187 94 5.304478302627965e-07
188 94 6.826209472790899e-05
189 94 -4.421701110459326e-05
190 94 -0.006964890117651409
191 94 0.001400059469837601
192 94 -0.000524237966917534
193 94 -0.002023061881732886
194 94 0.0005169279148714875
195 94 -0.000178121349276295
196 94 0.002077386856096259
197 94 -0.0004632841222567869
198 94 0.0001756119580871732
241 94 -0.01437969282603132
242 94 0.001598248599261411
243 94 0.005139591029614117
244 94  0.01072870316996826
245 94 -0.0007723488394256808
246 94 -0.004125783996899376
250 94 -0.03362473169856917
251 94 0.001644531953879315
252 94   0.0123640199976489
256 94 0.000216328833037478
257 94 0.0001199843802380146
258 94 0.0009180884483652481
331 94 -0.0002033131732377732
332 94 5.174136971252181e-08
333 94 8.811548986418949e-05
337 94 -9.656013517844618e-05
338 94 -0.003276630201091201
339 94 0.001996293473862557
340 94 2.480122446821938e-05
341 94 0.0007801024429243922
342 94 -0.0004969821745823235
343 94 0.0002477223766273751
344 94 -0.0001261777714907985
345 94 7.967411534696662e-05
346 94 -5.39497088594024e-05
347 94 4.704037919522772e-06
348 94 -1.521420919778691e-07
88 95 -0.001189203773228629
89 95  0.01549755344573578
90 95 -1.234984642010679e-05
91 95 0.0004638385530383084
92 95 -0.02916079847605685
93 95 0.002167520532128599
94 95 -0.002321983130063407
95 95  0.08428109443802737
96 95 -0.007247195495777469
97 95 0.0006073264285146109
98 95  0.01592442463391858
99 95 -0.002442682446285563
100 95 0.000641939219931051
101 95  0.01416067073257787
102 95 -0.00123575959222287
187 95 8.523179374926888e-05
188 95 1.856567405920045e-06
189 95 0.0004780525647733624
190 95 0.001702947962922451
191 95 -0.02453572411244634
192 95 0.008635414446244275
193 95 0.0006097477638496247
194 95 -0.006925829729518852
195 95 0.002485079812460867
196 95 -0.0005585443340903219
197 95 0.007270853996336888
198 95 -0.002678595168423293
241 95 0.001562761614383074
242 95 -0.004270490608422265
243 95 -0.0008194693463162801
244 95 -0.0007541629932129618
245 95 0.003065343762848071
246 95 0.0004436754522104551
250 95 0.001605588184718048
251 95 -0.009443769293223136
252 95 -0.0009689599176866469
256 95 0.0001145521580453529
257 95 6.180823801070803e-05
258 95 -0.0001410898767200953
331 95 3.449424647498285e-08
332 95 -5.937944059407591e-05
333 95 -1.044111086689303e-09
337 95 -0.003219124271026818
338 95 -9.656013517844618e-05
339 95 0.001836115519571101
340 95 0.0007658365162691228
341 95 2.480122446821938e-05
342 95 -0.0004553824254020047
343 95 -0.0001238422449245286
344 95 0.0002349410720121261
345 95 7.313584339972553e-05
346 95 7.056056879284111e-06
347 95 -0.0001851021368878507
348 95 7.327627967778581e-05
88 96 0.003417958986078451
89 96 0.001630194232457292
90 96  0.05424143706007521
91 96 0.0008732019210151816
92 96 0.001453739241719667
93 96 -0.07086834499487879
94 96 -0.005046131214835412
95 96 -0.007247195495777469
96 96   0.1833099792216134
97 96  0.00185147831882027
98 96  -0.0032668824275944
99 96  0.03424506660797184
100 96 -0.004887894840949506
101 96 0.001552168373179915
102 96  0.04730524557167938
187 96 -3.195451758693485e-05
188 96 0.000319937605326096
189 96 5.304478302627965e-07
190 96 -0.000389215708542353
191 96 0.005796666694760188
192 96 -0.006995587574986094
193 96 -0.0001187475661841968
194 96 0.001656719874973917
195 96 -0.001988642580278166
196 96 0.0001270360878359016
197 96 -0.001795691561393318
198 96 0.002077386856096259
241 96 0.003426394019742745
242 96 -0.0005463128975441866
243 96 -0.004144485207656353
244 96 -0.002761356557714535
245 96 0.000306617527921921
246 96 0.003065343762848071
250 96 0.008286296273307014
251 96 -0.0006895895533322068
252 96 -0.009565259825147573
256 96 0.0006132823493501081
257 96 -9.67882578671747e-05
258 96 6.180823801070803e-05
331 96 6.024948628252941e-05
332 96 -1.566166630032903e-09
333 96 -6.389430943556836e-05
337 96   0.0013705860465057
338 96 0.001267693287921846
339 96 -0.0003379604731245618
340 96 -0.0003411561137560203
341 96 -0.0003144213066237149
342 96 8.680428563876777e-05
343 96 5.40867607087806e-05
344 96 5.011816920359396e-05
345 96 8.817409327072662e-05
346 96 -2.282131379668035e-07
347 96 5.021825290185804e-05
348 96 -5.767155297946023e-05
88 97 0.005873045076604385
89 97 0.0003949083376199336
90 97 0.001288283394469276
91 97 -0.007923309336671696
92 97 -0.000143064601142716
93 97 -0.001283854506300265
94 97  0.01026031492383814
95 97 0.0006073264285146109
96 97  0.00185147831882027
97 97  0.01810264811880344
98 97 -0.0003268923457846787
99 97 0.002744227788267426
187 97 -2.736436990118242e-05
188 97 -2.059361801111356e-05
189 97 4.124519888394612e-05
190 97 -0.002340774875200049
191 97 -0.0006092172063216068
192 97 0.0004903372107826297
193 97 -0.002328560122539845
194 97 -6.612521402826104e-05
195 97 0.0001643536286944073
196 97  0.00110096712355889
197 97 0.0001636582191538296
198 97 -0.0001636582191538297
88 98 0.0002632722250799565
89 98 0.005214864513904504
90 98 -0.0001630954799063405
91 98 -9.537640076181073e-05
92 98 -0.01040329452036616
93 98 0.001379230907062076
94 98 0.0005138484009379661
95 98  0.01592442463391858
96 98  -0.0032668824275944
97 98 -0.0003268923457846787
98 98  0.02367890506664417
99 98 -0.003144258003322547
187 98 -1.372907867407568e-05
188 98 -2.703329651422851e-05
189 98 0.0002125020088232037
190 98 -0.0005166845676484573
191 98 -0.007243542722986023
192 98 0.003280025283011559
193 98 6.645628741521493e-05
194 98 -0.008007978369975202
195 98 0.003320543080173173
196 98 0.0001091054794358863
197 98 0.003580621233866401
198 98 -0.00159689794562039
88 99 0.0008588555963128514
89 99 0.0008289262755315524
90 99  0.02121383833081524
91 99 -0.0008559030042001756
92 99 0.0009989676053428916
93 99 -0.02525159749465643
94 99 0.0003195762831243719
95 99 -0.002442682446285563
96 99  0.03424506660797184
97 99 0.002744227788267426
98 99 -0.003144258003322547
99 99  0.05378493738335258
187 99 2.749679925596417e-05
188 99 0.0001531089047771986
189 99 -9.610636804109264e-05
190 99 0.0003383645743399924
191 99 0.002451444349897017
192 99 -0.003100638057413228
193 99 9.809598531136413e-05
194 99 0.002324124792420515
195 99 -0.002659848339455059
196 99 -0.0001091054794358863
197 99 -0.001155519863276834
198 99 0.001373730822148613
88 100 0.009391284484429361
89 100 0.0005086220058319696
90 100 0.0009841551749044015
91 100 -0.02430837851148931
92 100 0.0003101072396791226
93 100  0.00254606940227294
94 100  0.02616879071229327
95 100 0.000641939219931051
96 100 -0.004887894840949506
100 100  0.07245343492168731
101 100 -0.002169650467218643
102 100 -0.009378039379676715
106 100 0.001977393385935882
107 100 -0.0002616068153589171
109 100 -0.006596956616671239
110 100 0.001564184132729578
111 100 -0.0003566614732622762
112 100 -0.002226492309058984
113 100 -0.0004798961958393714
114 100 0.0003118360406378531
115 100 0.0004387543669772035
116 100 -6.052445572420598e-05
