%%MatrixMarket matrix coordinate real general
329 329 2713
1 1               0.1672
2 1 -0.06230000000000001
3 1 0.0001333333333333333
4 1 -0.02076666666666667
5 1 -0.06230000000000004
6 1 -0.02076666666666667
7 1 0.0001333333333333333
1 2 -0.06230000000000001
2 2               0.3766
3 2               0.0004
4 2 0.0001333333333333333
5 2 0.0002666666666666667
7 2 -0.06230000000000001
8 2 -0.06230000000000001
9 2 0.0002666666666666667
10 2  -0.1246000000000001
11 2 -0.06230000000000001
12 2 0.0001333333333333333
1 3 0.0001333333333333333
2 3               0.0004
3 3   0.2094000000000001
4 3 -0.04153333333333335
5 3 -0.06230000000000001
8 3 0.0001333333333333333
9 3 -0.06230000000000001
10 3 0.0002666666666666666
13 3 -0.04153333333333335
1 4 -0.02076666666666667
2 4 0.0001333333333333333
3 4 -0.04153333333333335
4 4  0.08360000000000002
8 4 -0.02076666666666667
1 5 -0.06230000000000004
2 5 0.0002666666666666667
3 5 -0.06230000000000001
5 5   0.7347668350844284
6 5 0.004056520694557275
7 5 0.007462289650909152
10 5  -0.1038170185522766
13 5 0.005662653941643512
16 5   0.1359744313552264
222 5   0.1985603202310259
223 5   0.1638281032558217
1 6 -0.02076666666666667
5 6 0.004056520694557275
6 6    0.174104808431356
7 6 -0.05962646905175415
17 6 -0.01809062888225853
18 6 0.001782016506483063
223 6 -0.01637843008558122
1 7 0.0001333333333333333
2 7 -0.06230000000000001
5 7 0.007462289650909152
6 7 -0.05962646905175415
7 7   0.3789785033469446
10 7 0.0002666666666666667
12 7 -0.06230000000000002
16 7  -0.1219210615846612
18 7 -0.06151397036910528
19 7 0.0001333333333333334
223 7  0.03985047474223209
2 8 -0.06230000000000001
3 8 0.0001333333333333333
4 8 -0.02076666666666667
8 8               0.1672
9 8 -0.06230000000000004
11 8 0.0001333333333333333
20 8 -0.02076666666666667
2 9 0.0002666666666666667
3 9 -0.06230000000000001
8 9 -0.06230000000000004
9 9               0.3766
10 9              -0.1246
11 9               0.0004
13 9 0.0001333333333333333
20 9 0.0001333333333333333
21 9 -0.06230000000000004
22 9 0.0002666666666666666
23 9 -0.06230000000000001
2 10  -0.1246000000000001
3 10 0.0002666666666666666
5 10  -0.1038170185522766
7 10 0.0002666666666666667
9 10              -0.1246
10 10   0.7676767350737647
11 10 0.0002666666666666667
12 10               0.0004
13 10  0.00421175974342935
16 10  -0.1070473300609574
21 10 0.0002666666666666667
22 10              -0.1246
24 10   -0.118555527391181
25 10 0.0002666666666666666
222 10   0.1117808779420585
2 11 -0.06230000000000001
8 11 0.0001333333333333333
9 11               0.0004
10 11 0.0002666666666666667
11 11               0.3766
12 11 -0.06230000000000002
20 11 -0.06230000000000002
22 11  -0.1246000000000001
23 11 0.0002666666666666667
26 11 -0.06229999999999999
27 11 0.0001333333333333334
2 12 0.0001333333333333333
7 12 -0.06230000000000002
10 12               0.0004
11 12 -0.06230000000000002
12 12               0.3766
16 12 0.0002666666666666667
19 12 -0.06230000000000001
22 12 0.0002666666666666667
25 12  -0.1246000000000001
27 12 -0.06229999999999999
28 12 0.0001333333333333334
3 13 -0.04153333333333335
5 13 0.005662653941643512
9 13 0.0001333333333333333
10 13 0.004211759743429351
13 13    0.223863009104877
21 13 -0.06230000000000002
24 13 0.006129863373228506
29 13 -0.03630074116156444
222 13  0.01799898154763582
14 14    833334.3333333338
30 14    416666.6666666669
31 14    416666.6666666669
32 14    416666.6666666669
15 15                    1
5 16   0.1359744313552264
7 16  -0.1219210615846612
10 16  -0.1070473300609574
12 16 0.0002666666666666667
16 16    1.682306039457204
18 16 0.003203567690395251
19 16 0.0004000000000000001
24 16   0.1166625773107674
25 16  -0.1129807756074373
34 16  0.07749962073820643
35 16  0.01480335774058622
222 16   0.4225315342966577
223 16   0.2338441675945999
232 16   0.2003249837415221
233 16   0.2900175570284104
6 17 -0.01809062888225853
17 17   0.1905769898180853
18 17 -0.04890605955981998
36 17  -0.0200513176821592
37 17 0.0007120899193330997
223 17  0.05494511964235436
234 17 0.0007132095566664744
6 18 0.001782016506483063
7 18 -0.06151397036910528
16 18 0.003203567690395251
17 18 -0.04890605955981998
18 18   0.3964669232615602
19 18 -0.06230000000000002
34 18  -0.1079816398290449
37 18 -0.06181237200169454
38 18 0.0001333333333333333
223 18   0.1013323158709065
234 18  0.07915619627245472
7 19 0.0001333333333333334
12 19 -0.06230000000000001
16 19 0.0004000000000000001
18 19 -0.06230000000000002
19 19               0.3766
25 19 0.0002666666666666668
28 19 -0.06229999999999999
34 19 0.0002666666666666667
35 19  -0.1246000000000001
38 19 -0.06230000000000002
39 19 0.0001333333333333333
8 20 -0.02076666666666667
9 20 0.0001333333333333333
11 20 -0.06230000000000002
20 20               0.1672
23 20 -0.06230000000000006
26 20 0.0001333333333333334
40 20 -0.02076666666666667
9 21 -0.06230000000000004
10 21 0.0002666666666666667
13 21 -0.06230000000000002
21 21   0.3766000000000001
22 21               0.0004
23 21 0.0001333333333333333
24 21              -0.1246
29 21 0.0001333333333333334
41 21 -0.06230000000000001
42 21 0.0002666666666666667
43 21 -0.06230000000000002
9 22 0.0002666666666666666
10 22              -0.1246
11 22  -0.1246000000000001
12 22 0.0002666666666666667
21 22               0.0004
22 22   0.7532000000000003
23 22              -0.1246
24 22 0.0002666666666666667
25 22              -0.1246
26 22 0.0002666666666666667
27 22 0.0004000000000000001
42 22  -0.1246000000000001
43 22 0.0002666666666666667
44 22              -0.1246
45 22 0.0002666666666666667
9 23 -0.06230000000000001
11 23 0.0002666666666666667
20 23 -0.06230000000000006
21 23 0.0001333333333333333
22 23              -0.1246
23 23               0.3766
26 23 0.0004000000000000001
40 23 0.0001333333333333334
43 23 -0.06230000000000006
44 23 0.0002666666666666667
46 23 -0.06229999999999999
10 24   -0.118555527391181
13 24 0.006129863373228506
16 24   0.1166625773107673
21 24              -0.1246
22 24 0.0002666666666666667
24 24    1.402837358976476
25 24  0.01709224428653044
29 24  0.03998438741416429
41 24 0.0002666666666666668
42 24  -0.1225267314079615
47 24  0.01156694606989111
222 24   0.3298496317800312
231 24   0.3688127532695306
233 24   0.4556040861689353
243 24   0.1330705427216517
10 25 0.0002666666666666666
12 25  -0.1246000000000001
16 25  -0.1129807756074373
19 25 0.0002666666666666668
22 25              -0.1246
24 25  0.01709224428653044
25 25   0.8217783985296723
27 25 0.0002666666666666668
28 25 0.0003422102145984335
35 25 -0.08771682751936129
42 25 0.002965644474034084
45 25 -0.07415156656988753
49 25  0.08890801311371192
233 25    0.163504127734348
243 25    0.173940674361677
11 26 -0.06229999999999999
20 26 0.0001333333333333334
22 26 0.0002666666666666667
23 26 0.0004000000000000001
26 26   0.3766000000000001
27 26 -0.06230000000000001
40 26 -0.06230000000000001
44 26  -0.1246000000000001
46 26 0.0002666666666666667
50 26 -0.06230000000000002
51 26 0.0001333333333333333
11 27 0.0001333333333333334
12 27 -0.06229999999999999
22 27 0.0004000000000000001
25 27 0.0002666666666666668
26 27 -0.06230000000000001
27 27               0.3766
28 27 -0.06229999999999999
44 27 0.0002666666666666667
45 27  -0.1246000000000001
51 27 -0.06230000000000002
52 27 0.0001333333333333333
12 28 0.0001333333333333334
19 28 -0.06229999999999999
25 28 0.0003422102145984335
27 28 -0.06229999999999999
28 28   0.3766461094390551
35 28 0.0002666666666666667
39 28 -0.06230000000000003
45 28 0.005177402456437085
49 28  -0.1199361685628114
52 28 -0.06213269446217951
53 28 0.0001333333333333333
13 29 -0.03630074116156444
21 29 0.0001333333333333334
24 29  0.03998438741416429
29 29   0.2703956870385379
41 29 -0.06230000000000003
47 29 0.004852970923986639
54 29 -0.03965230223578882
222 29  0.09806865931776576
231 29  0.08020914085296879
14 30    416666.6666666669
30 30    2500001.000000001
31 30    833333.3333333338
32 30              1250000
56 30    833333.3333333337
57 30    416666.6666666669
14 31    416666.6666666669
30 31    833333.3333333338
31 31    3333334.333333335
32 31    1250000.000000001
56 31    1250000.000000001
58 31     416666.666666667
59 31    833333.3333333338
14 32    416666.6666666669
30 32              1250000
31 32    1250000.000000001
32 32    5833334.333333337
48 32    416666.6666666669
56 32    1666666.666666668
57 32    1666666.666666668
59 32    1250000.000000001
60 32    833333.3333333338
33 33                    1
16 34  0.07749962073820643
18 34  -0.1079816398290449
19 34 0.0002666666666666667
34 34     1.73584041522501
35 34 -0.06142718918285079
37 34 0.001294674819800157
38 34 0.0003999999999999999
62 34 -0.02109202195595243
63 34 0.002533712698255962
223 34   0.2133506784844169
232 34   0.1666448098668523
233 34   0.2291156396002736
234 34   0.1640492711323704
250 34   0.1783834270175221
251 34   0.2112696697810786
16 35  0.01480335774058623
19 35  -0.1246000000000001
25 35 -0.08771682751936129
28 35 0.0002666666666666667
34 35  -0.0614271891828508
35 35    1.145205067361969
38 35 0.0002666666666666666
39 35 0.0004000000000000001
49 35 -0.01301211781950603
63 35  -0.1197942431174701
64 35 0.0004163138046396119
233 35   0.3377002289576098
243 35   0.2984984108609768
251 35   0.2569919730208447
252 35   0.2171032136621089
17 36  -0.0200513176821592
36 36   0.1673833694901177
37 36 -0.06115701143041569
61 36 -0.06002730355897888
65 36 -0.02076666666666667
66 36 0.0001333333333333333
234 36  0.01033544565337294
17 37 0.0007120899193330997
18 37 -0.06181237200169454
34 37 0.001294674819800157
36 37 -0.06115701143041569
37 37   0.3776922886636328
38 37 -0.06229999999999997
61 37 0.004350936831432347
62 37  -0.1234007169665881
66 37 -0.06230000000000002
67 37 0.0001333333333333333
234 37  0.02757476859917439
18 38 0.0001333333333333333
19 38 -0.06230000000000002
34 38 0.0003999999999999999
35 38 0.0002666666666666666
37 38 -0.06229999999999997
38 38               0.3766
39 38 -0.06229999999999995
62 38 0.0002666666666666666
63 38  -0.1246000000000001
67 38 -0.06230000000000002
68 38 0.0001333333333333333
19 39 0.0001333333333333333
28 39 -0.06230000000000003
35 39 0.0004000000000000001
38 39 -0.06229999999999995
39 39               0.3766
49 39 0.0002666666666666666
53 39              -0.0623
63 39 0.0002666666666666667
64 39              -0.1246
68 39 -0.06230000000000003
69 39 0.0001333333333333333
20 40 -0.02076666666666667
23 40 0.0001333333333333334
26 40 -0.06230000000000001
40 40               0.1672
46 40 -0.06230000000000002
50 40 0.0001333333333333333
70 40 -0.02076666666666667
21 41 -0.06230000000000001
24 41 0.0002666666666666668
29 41 -0.06230000000000003
41 41   0.3766000000000002
42 41 0.0004000000000000002
43 41 0.0001333333333333334
47 41  -0.1246000000000001
54 41 0.0001333333333333334
71 41 -0.06230000000000004
72 41 0.0002666666666666668
73 41 -0.06230000000000003
21 42 0.0002666666666666667
22 42  -0.1246000000000001
24 42  -0.1225267314079615
25 42 0.002965644474034084
41 42 0.0004000000000000002
42 42    1.096511457716267
43 42  -0.1246000000000001
44 42  3.6966471719121e-05
45 42   0.2061895032807594
47 42 0.003462438438122987
72 42 -0.00986070534813796
73 42 0.0002666666666666668
74 42 0.008452828683471317
243 42   0.2030796594631122
260 42   0.2873157570178471
21 43 -0.06230000000000002
22 43 0.0002666666666666667
23 43 -0.06230000000000006
41 43 0.0001333333333333334
42 43  -0.1246000000000001
43 43   0.3766000000000002
44 43 0.0004000000000000001
46 43 0.0001333333333333334
73 43 -0.06230000000000001
74 43 0.0002666666666666668
76 43 -0.06230000000000001
22 44              -0.1246
23 44 0.0002666666666666667
26 44  -0.1246000000000001
27 44 0.0002666666666666667
42 44  3.6966471719121e-05
43 44 0.0004000000000000001
44 44   0.7944545972121047
45 44 -0.01590613363321713
46 44              -0.1246
50 44 0.0002666666666666666
51 44 0.0003999999999999999
74 44  0.01771158392278695
76 44 0.0002666666666666667
77 44  -0.1243680984712646
78 44  0.03978710985717424
22 45 0.0002666666666666667
25 45 -0.07415156656988753
27 45  -0.1246000000000001
28 45 0.005177402456437085
42 45   0.2061895032807594
44 45 -0.01590613363321713
45 45    3.110971827528502
49 45   0.4062104899598707
51 45 0.0002666666666666666
52 45  0.01158019954932993
74 45    0.471258672255484
78 45   0.1621750385828284
79 45   0.2211621564556744
243 45   0.4923696147291476
260 45   0.1816693526002923
23 46 -0.06229999999999999
26 46 0.0002666666666666667
40 46 -0.06230000000000002
43 46 0.0001333333333333334
44 46              -0.1246
46 46   0.3766000000000001
50 46 0.0003999999999999999
70 46 0.0001333333333333333
76 46 -0.06230000000000002
77 46 0.0002666666666666666
80 46 -0.06230000000000001
24 47  0.01156694606989111
29 47 0.004852970923986639
41 47  -0.1246000000000001
42 47 0.003462438438122987
47 47     1.76026908769998
54 47 0.003620509995357241
55 47   0.1528058938816454
71 47 0.0002666666666666668
72 47 -0.09611993067242172
81 47    -0.10680895089232
231 47   0.3759027010107797
233 47   0.3338387611779179
243 47   0.4051480318813283
249 47   0.5881304523849848
265 47   0.1855403511728202
32 48    416666.6666666669
48 48    3333334.333333336
57 48    833333.3333333338
60 48    1250000.000000001
75 48    416666.6666666672
82 48    1250000.000000001
83 48    833333.3333333344
25 49  0.08890801311371191
28 49  -0.1199361685628114
35 49 -0.01301211781950604
39 49 0.0002666666666666666
45 49   0.4062104899598707
49 49    2.794877203155348
52 49  0.01139136445853836
53 49 0.0003999999999999996
64 49  0.07890646442187493
79 49   0.1475853412550734
84 49   0.0912031051729227
243 49   0.3831848736805964
252 49   0.4068127673904889
260 49  0.01518283084962795
266 49   0.1910985851466186
26 50 -0.06230000000000002
40 50 0.0001333333333333333
44 50 0.0002666666666666666
46 50 0.0003999999999999999
50 50               0.3766
51 50 -0.06229999999999997
70 50 -0.06229999999999997
77 50              -0.1246
80 50 0.0002666666666666666
85 50 -0.06230000000000002
86 50 0.0001333333333333333
26 51 0.0001333333333333333
27 51 -0.06230000000000002
44 51 0.0003999999999999999
45 51 0.0002666666666666666
50 51 -0.06229999999999997
51 51               0.3766
52 51 -0.06229999999999995
77 51 0.0002666666666666666
78 51  -0.1246000000000001
86 51 -0.06230000000000002
87 51 0.0001333333333333333
27 52 0.0001333333333333333
28 52 -0.06213269446217951
45 52  0.01158019954932993
49 52  0.01139136445853836
51 52 -0.06229999999999995
52 52   0.3769345148492739
53 52 -0.06230000000000001
78 52 0.0002666666666666667
79 52  -0.1229490039925602
87 52 -0.06230000000000003
88 52 0.0001333333333333333
28 53 0.0001333333333333333
39 53              -0.0623
49 53 0.0003999999999999996
52 53 -0.06230000000000001
53 53   0.3765999999999999
64 53 0.0002666666666666665
69 53 -0.06230000000000001
79 53 0.0002666666666666665
84 53              -0.1246
88 53              -0.0623
89 53 0.0001333333333333333
29 54 -0.03965230223578882
41 54 0.0001333333333333334
47 54 0.003620509995357241
54 54   0.2118287973365438
55 54  -0.0560715176219421
71 54 -0.06230000000000003
81 54 0.0002666666666666667
90 54 -0.04153333333333335
231 54  0.02616444967790441
47 55   0.1528058938816455
54 55  -0.0560715176219421
55 55    1.208310626579066
81 55  -0.1060881107790319
90 55 0.0001333333333333334
91 55 -0.05609050388718326
93 55  0.07667822243532693
231 55   0.2315745548940776
248 55  0.02087228548723948
249 55   0.4797397218619188
269 55    0.229299015651872
30 56    833333.3333333337
31 56    1250000.000000001
32 56    1666666.666666668
56 56    8333334.333333339
57 56    1666666.666666668
58 56    833333.3333333338
59 56    2500000.000000002
92 56    833333.3333333337
94 56    1250000.000000001
95 56    1666666.666666668
30 57    416666.6666666669
32 57    1666666.666666668
48 57    833333.3333333338
56 57    1666666.666666668
57 57    8333334.333333339
59 57    1666666.666666668
60 57    2500000.000000002
82 57    833333.3333333338
92 57    416666.6666666669
95 57    1666666.666666668
96 57    833333.3333333338
31 58    416666.6666666669
56 58    833333.3333333338
58 58    1666667.666666668
59 58     833333.333333334
94 58    416666.6666666669
31 59    833333.3333333338
32 59    1250000.000000001
56 59    2500000.000000002
57 59    1666666.666666668
58 59     833333.333333334
59 59    6666667.666666671
60 59     833333.333333334
94 59    833333.3333333338
95 59    1250000.000000001
32 60    833333.3333333338
48 60    1250000.000000001
57 60    2500000.000000002
59 60     833333.333333334
60 60    6666667.666666671
82 60    1666666.666666668
83 60    833333.3333333342
95 60    833333.3333333338
96 60    1250000.000000001
36 61 -0.06002730355897888
37 61 0.004350936831432347
61 61    0.655496192883501
62 61 -0.0007421791331873179
65 61 0.0001333333333333333
66 61 0.0003999999999999999
101 61 -0.05999089018044623
102 61 0.002862664704341143
234 61  0.09006235027686972
250 61  0.08905489212321488
274 61  0.08611047717938598
34 62 -0.02109202195595243
37 62  -0.1234007169665881
38 62 0.0002666666666666666
61 62 -0.0007421791331873248
62 62    1.072235694024838
63 62  -0.1227098470474084
66 62 0.0002666666666666666
67 62 0.0003999999999999999
98 62 -0.03318874664905488
102 62  -0.1231975055379299
103 62 0.0002666666666666666
234 62   0.1376165873582157
250 62   0.3160478068325965
251 62    0.150185169700408
274 62   0.1624581762337367
34 63 0.002533712698255962
35 63  -0.1197942431174701
38 63  -0.1246000000000001
39 63 0.0002666666666666667
62 63  -0.1227098470474084
63 63   0.7596958175734632
64 63  -0.1243871702991058
67 63 0.0002666666666666666
68 63 0.0004000000000000001
98 63  0.00363878342226148
99 63  -0.1196411183579066
103 63  -0.1246000000000001
104 63 0.0002666666666666667
251 63  0.06638105893754492
252 63  0.04163186635138954
35 64 0.000416313804639612
39 64              -0.1246
49 64  0.07890646442187491
53 64 0.0002666666666666665
63 64  -0.1243871702991058
64 64    1.121720600277758
68 64 0.0002666666666666666
69 64 0.0003999999999999996
84 64 -0.06550730970163338
99 64  0.00304114660988732
100 64  0.06971857063759834
104 64              -0.1246
105 64 0.0002666666666666665
252 64   0.2669685416345843
266 64   0.3116051716572637
36 65 -0.02076666666666667
61 65 0.0001333333333333333
65 65  0.08359999999999997
66 65 -0.04153333333333331
101 65 -0.02076666666666667
36 66 0.0001333333333333333
37 66 -0.06230000000000002
61 66 0.0003999999999999999
62 66 0.0002666666666666666
65 66 -0.04153333333333331
66 66   0.2093999999999999
67 66 -0.04153333333333331
101 66 0.0001333333333333333
102 66 -0.06230000000000002
37 67 0.0001333333333333333
38 67 -0.06230000000000002
62 67 0.0003999999999999999
63 67 0.0002666666666666666
66 67 -0.04153333333333331
67 67   0.2093999999999999
68 67  -0.0415333333333333
102 67 0.0001333333333333333
103 67 -0.06230000000000002
38 68 0.0001333333333333333
39 68 -0.06230000000000003
63 68 0.0004000000000000001
64 68 0.0002666666666666666
67 68  -0.0415333333333333
68 68               0.2094
69 68 -0.04153333333333333
103 68 0.0001333333333333334
104 68 -0.06230000000000003
39 69 0.0001333333333333333
53 69 -0.06230000000000001
64 69 0.0003999999999999996
68 69 -0.04153333333333333
69 69   0.2093999999999999
84 69 0.0002666666666666665
89 69 -0.04153333333333333
104 69 0.0001333333333333333
105 69              -0.0623
40 70 -0.02076666666666667
46 70 0.0001333333333333333
50 70 -0.06229999999999997
70 70               0.1672
80 70 -0.06230000000000001
85 70 0.0001333333333333333
106 70 -0.02076666666666667
41 71 -0.06230000000000004
47 71 0.0002666666666666668
54 71 -0.06230000000000003
71 71   0.3766000000000002
72 71 0.0004000000000000001
73 71 0.0001333333333333334
81 71  -0.1246000000000001
90 71 0.0001333333333333334
107 71 -0.06230000000000004
108 71 0.0002666666666666667
109 71 -0.06230000000000003
41 72 0.0002666666666666668
42 72 -0.00986070534813796
47 72 -0.09611993067242172
71 72 0.0004000000000000001
72 72    1.442791485864624
73 72  -0.1245920136215044
74 72   0.1346496074357682
81 72 0.0005736065264805134
108 72 -0.07901861332090374
109 72 0.0002666666666666668
110 72  0.09787451275878198
243 72   0.2232524825919864
260 72   0.3518634989323978
265 72   0.1803085965443331
282 72   0.2031517701402386
41 73 -0.06230000000000003
42 73 0.0002666666666666668
43 73 -0.06230000000000001
71 73 0.0001333333333333334
72 73  -0.1245920136215044
73 73   0.3765397402084279
74 73 -0.001256613675306736
76 73 0.0001333333333333334
109 73 -0.06230000000000004
110 73 -0.001312801077181053
112 73 -0.06233230725561331
42 74 0.008452828683471317
43 74 0.0002666666666666668
44 74  0.01771158392278695
45 74    0.471258672255484
72 74   0.1346496074357682
73 74 -0.001256613675306736
74 74    3.123316597917825
76 74              -0.1246
77 74 0.007426008335480066
78 74   0.4265729473746329
110 74   0.3679000573278294
112 74  0.01136355368399953
113 74   0.2397057246713163
260 74   0.2964439901551705
285 74   0.1712336915689749
48 75    416666.6666666672
75 75    3333334.333333336
82 75    833333.3333333344
83 75    1250000.000000001
111 75    1250000.000000001
114 75    416666.6666666669
115 75    833333.3333333338
43 76 -0.06230000000000001
44 76 0.0002666666666666667
46 76 -0.06230000000000002
73 76 0.0001333333333333334
74 76              -0.1246
76 76   0.3766000000000001
77 76 0.0003999999999999999
80 76 0.0001333333333333333
112 76 -0.06230000000000001
113 76 0.0002666666666666667
116 76 -0.06230000000000002
44 77  -0.1243680984712646
46 77 0.0002666666666666666
50 77              -0.1246
51 77 0.0002666666666666666
74 77 0.007426008335480066
76 77 0.0003999999999999999
77 77   0.7532654354377523
78 77  -0.1226736944450481
80 77  -0.1245999999999999
85 77               0.0336
86 77  0.06706666666666668
113 77  -0.1243691200443261
116 77 0.0002666666666666666
117 77 -0.05793333333333336
118 77               0.0336
44 78  0.03978710985717424
45 78   0.1621750385828284
51 78  -0.1246000000000001
52 78 0.0002666666666666667
74 78   0.4265729473746329
77 78  -0.1226736944450481
78 78    1.471718223299482
79 78  0.03891063403326901
86 78  0.03360000000000001
87 78  0.06706666666666668
113 78  0.07099097846600133
118 78 -0.05729390511443377
119 78  0.03466168536822127
260 78   0.2447661183588539
285 78   0.2077187387423376
45 79   0.2211621564556744
49 79   0.1475853412550734
52 79  -0.1229490039925602
53 79 0.0002666666666666665
78 79  0.03891063403326901
79 79    1.683389593222017
84 79 -0.04257867910713149
87 79  0.03359999999999999
88 79  0.06706666666666665
119 79 -0.04695110926282783
120 79  0.03371286732964638
260 79   0.2234364186424775
266 79   0.1973710151775354
285 79   0.2450548753901696
286 79   0.1504530505456774
46 80 -0.06230000000000001
50 80 0.0002666666666666666
70 80 -0.06230000000000001
76 80 0.0001333333333333333
77 80  -0.1245999999999999
80 80               0.3766
85 80  0.06706666666666668
106 80  0.03346666666666667
116 80 -0.06230000000000001
117 80               0.0336
121 80 0.004366666666666658
47 81    -0.10680895089232
54 81 0.0002666666666666667
55 81  -0.1060881107790319
71 81  -0.1246000000000001
72 81 0.0005736065264805134
81 81   0.7710901718463173
90 81 0.0004000000000000001
91 81 0.0002666666666666667
93 81  -0.1072265874968417
107 81 0.0002666666666666668
108 81  -0.1242585157823194
122 81  -0.1246000000000001
123 81 0.0002560336325948953
249 81   0.1270921900679999
265 81   0.0343382307309304
48 82    1250000.000000001
57 82    833333.3333333338
60 82    1666666.666666668
75 82    833333.3333333344
82 82    6666667.666666673
83 82    2500000.000000003
96 82    1250000.000000001
111 82    833333.3333333344
124 82    833333.3333333343
48 83    833333.3333333344
60 83    833333.3333333342
75 83    1250000.000000001
82 83    2500000.000000003
83 83    6666667.666666673
96 83    833333.3333333344
111 83    1666666.666666668
115 83    833333.3333333338
124 83    1250000.000000001
49 84   0.0912031051729227
53 84              -0.1246
64 84 -0.06550730970163338
69 84 0.0002666666666666665
79 84 -0.04257867910713149
84 84   0.9814219635338604
88 84  0.03359999999999999
89 84  0.06706666666666665
100 84   0.1058271267028672
105 84              -0.1246
120 84 -0.05779786586589895
125 84 -0.05243587933100388
126 84  0.03359999999999998
266 84   0.3144585291535304
286 84   0.1312609098785374
50 85 -0.06230000000000002
70 85 0.0001333333333333333
77 85               0.0336
80 85  0.06706666666666668
85 85    20.30853888414969
86 85    3.426297456099561
106 85    3.426297456099561
117 85    6.486105319308614
121 85    6.515205319308613
50 86 0.0001333333333333333
51 86 -0.06230000000000002
77 86  0.06706666666666668
78 86  0.03360000000000001
85 86    3.426297456099561
86 86    20.30853888414969
87 86    3.426297456099562
117 86    6.515205319308613
118 86    6.486105319308615
51 87 0.0001333333333333333
52 87 -0.06230000000000003
78 87  0.06706666666666668
79 87  0.03359999999999999
86 87    3.426297456099562
87 87    20.30853888414969
88 87    3.426297456099561
118 87    6.515205319308615
119 87    6.486105319308614
52 88 0.0001333333333333333
53 88              -0.0623
79 88  0.06706666666666665
84 88  0.03359999999999999
87 88    3.426297456099561
88 88    20.30853888414969
89 88    3.426297456099561
119 88    6.515205319308612
120 88    6.486105319308614
53 89 0.0001333333333333333
69 89 -0.04153333333333333
84 89  0.06706666666666665
88 89    3.426297456099561
89 89     13.2892773052839
105 89 0.0001333333333333333
120 89    6.515205319308612
126 89    3.072374529875719
54 90 -0.04153333333333335
55 90 0.0001333333333333334
71 90 0.0001333333333333334
81 90 0.0004000000000000001
90 90   0.1258000000000001
91 90 -0.04153333333333335
107 90 -0.04153333333333335
122 90 0.0001333333333333334
55 91 -0.05609050388718326
81 91 0.0002666666666666667
90 91 -0.04153333333333335
91 91   0.2118457363901764
93 91 0.003635649442987468
122 91 -0.06230000000000003
127 91 -0.03962974233360145
128 91 0.0001333333333333334
269 91  0.02624733663738311
56 92    833333.3333333337
57 92    416666.6666666669
92 92    2500001.000000001
94 92    833333.3333333338
95 92              1250000
129 92    416666.6666666669
55 93  0.07667822243532693
81 93  -0.1072265874968417
91 93 0.003635649442987468
93 93    1.587860805020898
122 93 0.0002666666666666668
123 93 -0.09424529905509979
127 93 0.009354286221472191
128 93  -0.1246000000000001
130 93  0.01345032090952726
131 93 0.001437478795023214
249 93   0.4119040367178906
265 93   0.2149855795170693
269 93   0.3489567777745842
272 93   0.3248639173961864
273 93   0.3360660260250011
56 94    1250000.000000001
58 94     416666.666666667
59 94    833333.3333333338
92 94    833333.3333333338
94 94    3333334.333333335
95 94    1250000.000000001
129 94    416666.6666666669
56 95    1666666.666666668
57 95    1666666.666666668
59 95    1250000.000000001
60 95    833333.3333333338
92 95              1250000
94 95    1250000.000000001
95 95    5833334.333333337
96 95     416666.666666667
129 95    416666.6666666669
57 96    833333.3333333338
60 96    1250000.000000001
82 96    1250000.000000001
83 96    833333.3333333344
95 96    416666.6666666669
96 96    3333334.333333336
124 96    416666.6666666672
97 97                    1
62 98 -0.03318874664905487
63 98 0.003638783422261479
98 98    1.723296140623673
99 98 -0.07195304347393643
102 98 0.001264210800703286
103 98 0.0003999999999999999
133 98  0.05323851692767245
137 98  -0.1057383210085627
138 98 0.0002666666666666667
250 98   0.1334752255212285
251 98   0.1959816043591789
271 98   0.1633216516704281
272 98    0.217097361604079
274 98   0.1703575773831855
297 98   0.2671252718105693
63 99  -0.1196411183579066
64 99  0.00304114660988732
98 99 -0.07195304347393643
99 99    1.121959693188544
100 99 -0.005677007261981615
103 99 0.0002666666666666666
104 99 0.0004000000000000001
133 99  0.01785256013511462
134 99 -0.09157042513696634
138 99  -0.1246000000000001
139 99 0.0002666666666666667
251 99   0.1662095158444282
252 99   0.2454233460883447
272 99   0.3411354123159426
273 99   0.3045821817957102
64 100  0.06971857063759831
84 100   0.1058271267028672
99 100 -0.005677007261981615
100 100    2.806512814470773
104 100 0.0002666666666666666
105 100 0.0003999999999999996
125 100   0.1449323834437974
134 100   0.1653152008321497
135 100   0.3899192959956754
139 100  -0.1211800112163612
140 100   0.0050119561225728
252 100   0.3293994740628632
266 100   0.1819871694349201
273 100   0.3634642189196841
291 100  0.01563355748470891
61 101 -0.05999089018044623
65 101 -0.02076666666666667
66 101 0.0001333333333333333
101 101   0.1673939589915429
102 101 -0.06119044111909647
136 101 -0.02005354789954042
274 101  0.01039256021989681
61 102 0.002862664704341143
62 102  -0.1231975055379299
66 102 -0.06230000000000002
67 102 0.0001333333333333333
98 102 0.001264210800703287
101 102 -0.06119044111909647
102 102   0.3773329346953185
103 102 -0.06229999999999997
136 102 0.001015182672396267
137 102 -0.06191962367461346
274 102  0.02543217771808442
62 103 0.0002666666666666666
63 103  -0.1246000000000001
67 103 -0.06230000000000002
68 103 0.0001333333333333334
98 103 0.0003999999999999999
99 103 0.0002666666666666666
102 103 -0.06229999999999997
103 103   0.3765999999999999
104 103 -0.06229999999999995
137 103 0.0001333333333333333
138 103 -0.06230000000000002
63 104 0.0002666666666666667
64 104              -0.1246
68 104 -0.06230000000000003
69 104 0.0001333333333333333
99 104 0.0004000000000000001
100 104 0.0002666666666666666
103 104 -0.06229999999999995
104 104               0.3766
105 104              -0.0623
138 104 0.0001333333333333334
139 104 -0.06230000000000003
64 105 0.0002666666666666665
69 105              -0.0623
84 105              -0.1246
89 105 0.0001333333333333333
100 105 0.0003999999999999996
104 105              -0.0623
105 105   0.3765999999999999
125 105 0.0002666666666666665
126 105              -0.0623
139 105 0.0001333333333333333
140 105              -0.0623
70 106 -0.02076666666666667
80 106  0.03346666666666667
85 106    3.426297456099561
106 106     7.01926157886579
121 106    3.413730789432894
71 107 -0.06230000000000004
81 107 0.0002666666666666668
90 107 -0.04153333333333335
107 107   0.2094000000000001
108 107 0.0004000000000000001
109 107 0.0001333333333333334
122 107 -0.06230000000000003
141 107 -0.04153333333333335
142 107 0.0001333333333333334
71 108 0.0002666666666666667
72 108 -0.07901861332090374
81 108  -0.1242585157823194
107 108 0.0004000000000000001
108 108   0.8236186028407069
109 108  -0.1246000000000001
110 108  0.03196850679942622
122 108 0.0002666666666666667
123 108  -0.0749929940063645
141 108 0.0002666666666666668
142 108  -0.1246000000000001
143 108  -0.1003725009103847
144 108  0.01907915262342172
265 108  0.07878034432855126
282 108   0.2428510280263114
71 109 -0.06230000000000003
72 109 0.0002666666666666668
73 109 -0.06230000000000004
107 109 0.0001333333333333334
108 109  -0.1246000000000001
109 109   0.3766000000000003
110 109 0.0004000000000000002
112 109 0.0001333333333333334
141 109 -0.06230000000000004
143 109 0.0002666666666666668
145 109 -0.06230000000000001
72 110  0.09787451275878201
73 110 -0.001312801077181053
74 110   0.3679000573278294
108 110  0.03196850679942621
109 110 0.0004000000000000002
110 110    2.893007626495381
112 110  -0.1119542126902745
113 110   0.3185658868142281
143 110   0.1594657582226373
145 110 0.0002666666666666667
146 110   0.2435270354187644
260 110     0.19619588863371
282 110   0.2320911764164674
285 110   0.1859864104422199
308 110   0.1967503134899555
75 111    1250000.000000001
82 111    833333.3333333344
83 111    1666666.666666668
111 111    6666667.666666672
114 111    833333.3333333337
115 111    2500000.000000001
124 111    1250000.000000001
147 111    833333.3333333337
148 111    833333.3333333338
73 112 -0.06233230725561331
74 112  0.01136355368399953
76 112 -0.06230000000000001
109 112 0.0001333333333333334
110 112  -0.1119542126902745
112 112   0.3768718531362206
113 112 0.001216005447021514
116 112 0.0001333333333333334
145 112 -0.06230000000000002
146 112 0.0002666666666666667
149 112 -0.06230000000000005
74 113   0.2397057246713163
76 113 0.0002666666666666667
77 113  -0.1243691200443261
78 113  0.07099097846600133
110 113   0.3185658868142281
112 113 0.001216005447021514
113 113    1.146480367074741
116 113              -0.1246
117 113               0.0336
118 113  0.06749184954249783
146 113 -0.05614067230257846
149 113 0.0002666666666666668
150 113 -0.05793333333333341
151 113  0.03528006339976906
285 113   0.2951717675468729
75 114    416666.6666666669
111 114    833333.3333333337
114 114    1666667.666666667
115 114    833333.3333333338
118 114  0.03333333333333335
119 114  0.06666666666666668
147 114    416666.6666666669
151 114  0.06666666666666668
152 114  0.03333333333333334
75 115    833333.3333333338
83 115    833333.3333333338
111 115    2500000.000000001
114 115    833333.3333333338
115 115    5000001.000000003
119 115  0.03333333333333333
120 115  0.06666666666666665
124 115    833333.3333333338
147 115    833333.3333333338
148 115    833333.3333333338
152 115  0.06666666666666665
153 115  0.03333333333333332
76 116 -0.06230000000000002
77 116 0.0002666666666666666
80 116 -0.06230000000000001
112 116 0.0001333333333333334
113 116              -0.1246
116 116               0.3766
117 116  0.06706666666666668
121 116  0.03346666666666667
149 116 -0.06229999999999999
150 116               0.0336
154 116 0.004366666666666644
77 117 -0.05793333333333336
80 117               0.0336
85 117    6.486105319308614
86 117    6.515205319308613
113 117               0.0336
116 117  0.06706666666666668
117 117    39.73369858251836
118 117    6.486105319308614
121 117    6.486105319308614
150 117    6.486105319308614
154 117    6.515205319308613
77 118               0.0336
78 118 -0.05729390511443377
86 118    6.486105319308615
87 118    6.515205319308614
113 118  0.06749184954249783
114 118  0.03333333333333335
117 118    6.486105319308614
118 118    39.73389723463782
119 118    6.486245974004282
150 118    6.515205319308613
151 118    6.486231384290143
285 118 0.009607190004115335
78 119  0.03466168536822127
79 119 -0.04695110926282783
87 119    6.486105319308614
88 119    6.515205319308613
114 119  0.06666666666666668
115 119  0.03333333333333333
118 119    6.486245974004283
119 119    39.74100348267923
120 119    6.486167069366714
151 119     6.51535328293103
152 119    6.488884102549618
285 119   0.0597841762690208
286 119  0.04775411011043295
79 120  0.03371286732964638
84 120 -0.05779786586589895
88 120    6.486105319308614
89 120    6.515205319308613
115 120  0.06666666666666665
119 120    6.486167069366714
120 120    39.73366739404612
125 120  0.03381098602765915
126 120    6.486105319308613
152 120    6.515243920226225
153 120    6.486145540554216
286 120 0.004113930550849261
80 121 0.004366666666666658
85 121    6.515205319308613
106 121    3.413730789432894
116 121  0.03346666666666667
117 121    6.486105319308614
121 121    20.13300555081636
154 121    3.413730789432894
81 122  -0.1246000000000001
90 122 0.0001333333333333334
91 122 -0.06230000000000003
93 122 0.0002666666666666668
107 122 -0.06230000000000003
108 122 0.0002666666666666667
122 122   0.3766000000000002
123 122 0.0004000000000000001
128 122 -0.06230000000000003
142 122 -0.06230000000000003
155 122 0.0001333333333333334
81 123 0.0002560336325948953
93 123 -0.09424529905509979
108 123  -0.0749929940063645
122 123 0.0004000000000000001
123 123    1.507024804742539
128 123 0.0002666666666666668
131 123  0.00851251263052423
142 123 0.0002666666666666668
144 123  0.09682228839013166
155 123   -0.124593770025341
156 123   0.1053390350389533
265 123    0.179365870552071
273 123   0.2258787755062439
282 123    0.267619929136837
291 123   0.3581190940367437
82 124    833333.3333333343
83 124    1250000.000000001
96 124    416666.6666666672
111 124    1250000.000000001
115 124    833333.3333333338
124 124    3333334.333333336
148 124    416666.6666666669
84 125 -0.05243587933100388
100 125   0.1449323834437974
105 125 0.0002666666666666665
120 125  0.03381098602765915
125 125    1.642974778910904
126 125  0.06706666666666665
135 125   0.2732077689359986
140 125  -0.1234248620807584
153 125 -0.04713547215664363
157 125  0.01543342572643806
158 125  0.03359999999999998
266 125   0.1494423399346345
286 125   0.1633933311264722
291 125    0.211798201778563
309 125   0.2447260339446887
84 126  0.03359999999999998
89 126    3.072374529875719
105 126              -0.0623
120 126    6.486105319308613
125 126  0.06706666666666665
126 126      19.600693031702
140 126 0.0001333333333333333
153 126    6.515205319308612
158 126    3.072374529875719
91 127 -0.03962974233360145
93 127 0.009354286221472191
127 127   0.2756009706470776
128 127 -0.06230000000000003
130 127  0.04260980138203104
159 127 -0.03614734867617345
160 127 0.0001333333333333334
269 127  0.09098267325005475
294 127  0.09892264045013116
91 128 0.0001333333333333334
93 128  -0.1246000000000001
122 128 -0.06230000000000003
123 128 0.0002666666666666668
127 128 -0.06230000000000003
128 128   0.3766000000000002
130 128 0.0002666666666666668
131 128 0.0004000000000000002
155 128 -0.06230000000000003
160 128 -0.06230000000000001
161 128 0.0001333333333333334
92 129    416666.6666666669
94 129    416666.6666666669
95 129    416666.6666666669
129 129    833334.3333333338
93 130  0.01345032090952726
127 130  0.04260980138203104
128 130 0.0002666666666666668
130 130    1.347552821815901
131 130  -0.1222879260485011
133 130   0.1227066258033621
134 130  0.01887789229806077
159 130 0.008576997183959875
160 130              -0.1246
163 130  -0.1179237974435835
164 130 0.0002666666666666667
269 130   0.3132288865586019
272 130   0.4545106139631879
273 130    0.167815789744385
294 130   0.3587262146923274
93 131 0.001437478795023214
123 131 0.008512512630524244
128 131 0.0004000000000000002
130 131  -0.1222879260485011
131 131    1.191131248481666
134 131 0.002820284643320921
135 131   0.2347168196405315
155 131 0.0002666666666666668
156 131  0.03711780550411438
160 131 0.0002666666666666667
161 131  -0.1246000000000001
164 131  -0.1246000000000001
165 131 -0.000348679535346725
273 131   0.1844025880547573
291 131   0.3877016236121087
132 132                    1
98 133  0.05323851692767245
99 133  0.01785256013511462
130 133   0.1227066258033621
133 133    1.635179210653164
134 133  -0.1143678697531177
137 133 0.003159591794537735
138 133 0.0004000000000000001
162 133   0.1509008541234058
163 133  -0.1133476935151201
167 133  -0.1215084774125008
168 133 0.0002666666666666667
271 133   0.1513403532748236
272 133   0.3151789134840279
294 133   0.4415231051838094
297 133   0.2398895258751037
99 134 -0.09157042513696634
100 134   0.1653152008321497
130 134  0.01887789229806077
131 134 0.002820284643320921
133 134  -0.1143678697531177
134 134   0.8429742827225952
135 134 -0.02491944199641714
138 134 0.0002666666666666668
139 134 0.0003404627711476871
163 134 0.0002666666666666667
164 134              -0.1246
168 134  -0.1246000000000001
169 134 0.0002666666666666668
272 134   0.1266374926367327
273 134   0.1985967013415932
100 135   0.3899192959956754
125 135   0.2732077689359987
131 135   0.2347168196405315
134 135 -0.02491944199641714
135 135    3.149578143918294
139 135 0.003853416940799047
140 135 0.006187753777215423
156 135   0.4661765453383647
157 135   0.1566398768137967
164 135 0.0002666666666666667
165 135 -0.01877978445682715
169 135  -0.1246000000000001
170 135 0.0002666666666666666
273 135   0.3694536269265413
291 135   0.2173369089615847
101 136 -0.02005354789954042
102 136 0.001015182672396267
136 136   0.1911457160275559
137 136  -0.0494167781153548
166 136 -0.01809282930982634
274 136  0.00344873308387104
297 136  0.05478408035346957
98 137  -0.1057383210085628
102 137 -0.06191962367461346
103 137 0.0001333333333333333
133 137 0.003159591794537735
