%%MatrixMarket matrix coordinate real general
329 329 2713
1 1 0.007199999999999999
2 1              -0.0023
3 1 0.0001333333333333333
4 1 -0.0007666666666666666
5 1 -0.002300000000000001
6 1 -0.0007666666666666666
7 1 0.0001333333333333333
1 2              -0.0023
2 2  0.01659999999999999
3 2 0.0004000000000000001
4 2 0.0001333333333333333
5 2 0.0002666666666666667
7 2              -0.0023
8 2              -0.0023
9 2 0.0002666666666666667
10 2 -0.004600000000000001
11 2              -0.0023
12 2 0.0001333333333333333
1 3 0.0001333333333333333
2 3 0.0004000000000000001
3 3 0.009399999999999997
4 3 -0.001533333333333334
5 3              -0.0023
8 3 0.0001333333333333333
9 3              -0.0023
10 3 0.0002666666666666667
13 3 -0.001533333333333334
1 4 -0.0007666666666666666
2 4 0.0001333333333333333
3 4 -0.001533333333333334
4 4 0.003599999999999999
8 4 -0.0007666666666666665
1 5 -0.002300000000000001
2 5 0.0002666666666666667
3 5              -0.0023
5 5   0.1622256687901288
6 5 0.002648217990228754
7 5 0.003092241822118484
10 5 0.001722044459490213
13 5 0.003536247448918165
16 5  0.04971875577361078
222 5  0.09996824585928309
223 5  0.08362264285727078
1 6 -0.0007666666666666666
5 6 0.002648217990228754
6 6  0.01121568980091275
7 6 -0.001520112153111625
17 6 1.790978612090219e-05
18 6 0.0006806104768749087
223 6  0.01612192784133582
1 7 0.0001333333333333333
2 7              -0.0023
5 7 0.003092241822118484
6 7 -0.001520112153111625
7 7   0.0181282095258241
10 7 0.0002666666666666667
12 7              -0.0023
16 7 -0.003724506539965263
18 7 -0.002098451340797432
19 7 0.0001333333333333334
223 7  0.01447518111908567
2 8              -0.0023
3 8 0.0001333333333333333
4 8 -0.0007666666666666665
8 8 0.007199999999999998
9 8 -0.002300000000000001
11 8 0.0001333333333333333
20 8 -0.0007666666666666665
2 9 0.0002666666666666667
3 9              -0.0023
8 9 -0.002300000000000001
9 9               0.0166
10 9 -0.004599999999999999
11 9 0.0004000000000000001
13 9 0.0001333333333333333
20 9 0.0001333333333333333
21 9 -0.002300000000000001
22 9 0.0002666666666666667
23 9              -0.0023
2 10 -0.004600000000000001
3 10 0.0002666666666666667
5 10 0.001722044459490213
7 10 0.0002666666666666667
9 10 -0.004599999999999999
10 10    0.040440608125747
11 10 0.0002666666666666667
12 10 0.0004000000000000001
13 10 0.002135346541857083
16 10 0.001181339689769152
21 10 0.0002666666666666667
22 10 -0.004599999999999999
24 10 -0.002491734653518782
25 10 0.0002666666666666667
222 10   0.0411951864186365
2 11              -0.0023
8 11 0.0001333333333333333
9 11 0.0004000000000000001
10 11 0.0002666666666666667
11 11  0.01659999999999999
12 11              -0.0023
20 11              -0.0023
22 11 -0.004600000000000002
23 11 0.0002666666666666667
26 11 -0.002299999999999999
27 11 0.0001333333333333334
2 12 0.0001333333333333333
7 12              -0.0023
10 12 0.0004000000000000001
11 12              -0.0023
12 12               0.0166
16 12 0.0002666666666666667
19 12 -0.002299999999999999
22 12 0.0002666666666666667
25 12 -0.004600000000000003
27 12 -0.002299999999999999
28 12 0.0001333333333333334
3 13 -0.001533333333333334
5 13 0.003536247448918165
9 13 0.0001333333333333333
10 13 0.002135346541857083
13 13  0.01638353541691224
21 13              -0.0023
24 13 0.002346405962890469
29 13 -2.827788047787187e-05
222 13  0.02843276846645474
14 14    33334.33333333335
30 14    16666.66666666668
31 14    16666.66666666667
32 14    16666.66666666668
15 15                    1
5 16  0.04971875577361078
7 16 -0.003724506539965263
10 16 0.001181339689769152
12 16 0.0002666666666666667
16 16   0.4385931942651415
18 16 0.001057091256454161
19 16 0.0004000000000000001
24 16  0.03947707543346488
25 16 -0.00101024386637945
34 16  0.06469186220986872
35 16  0.00556136851531775
222 16   0.1780227115111527
223 16    0.123992991129269
232 16  0.07279601646433113
233 16   0.1454908301100486
6 17 1.790978612090219e-05
17 17  0.02205190366722329
18 17 0.001953944143539678
36 17 -0.0005496160557656838
37 17 0.0003532262166955504
223 17  0.02713353283288602
234 17  0.02196884617380737
6 18 0.0006806104768749087
7 18 -0.002098451340797432
16 18 0.001057091256454161
17 18 0.001953944143539678
18 18  0.02657021943553339
19 18              -0.0023
34 18 0.0008214523264050214
37 18 -0.002187990327497284
38 18 0.0001333333333333333
223 18  0.03954670832415871
234 18   0.0277026659445003
7 19 0.0001333333333333334
12 19 -0.002299999999999999
16 19 0.0004000000000000001
18 19              -0.0023
19 19               0.0166
25 19 0.0002666666666666668
28 19 -0.002299999999999999
34 19 0.0002666666666666667
35 19 -0.004600000000000002
38 19              -0.0023
39 19 0.0001333333333333333
8 20 -0.0007666666666666665
9 20 0.0001333333333333333
11 20              -0.0023
20 20 0.007199999999999999
23 20 -0.002300000000000001
26 20 0.0001333333333333334
40 20 -0.0007666666666666664
9 21 -0.002300000000000001
10 21 0.0002666666666666667
13 21              -0.0023
21 21               0.0166
22 21 0.0004000000000000001
23 21 0.0001333333333333333
24 21              -0.0046
29 21 0.0001333333333333334
41 21 -0.002299999999999999
42 21 0.0002666666666666667
43 21              -0.0023
9 22 0.0002666666666666667
10 22 -0.004599999999999999
11 22 -0.004600000000000002
12 22 0.0002666666666666667
21 22 0.0004000000000000001
22 22  0.03319999999999999
23 22 -0.004600000000000001
24 22 0.0002666666666666667
25 22 -0.004600000000000001
26 22 0.0002666666666666668
27 22 0.0004000000000000001
42 22 -0.004600000000000002
43 22 0.0002666666666666667
44 22 -0.004599999999999998
45 22 0.0002666666666666668
9 23              -0.0023
11 23 0.0002666666666666667
20 23 -0.002300000000000001
21 23 0.0001333333333333333
22 23 -0.004600000000000001
23 23               0.0166
26 23 0.0004000000000000001
40 23 0.0001333333333333334
43 23 -0.002300000000000001
44 23 0.0002666666666666668
46 23 -0.002299999999999999
10 24 -0.002491734653518782
13 24 0.002346405962890469
16 24  0.03947707543346488
21 24              -0.0046
22 24 0.0002666666666666667
24 24   0.3093741142948099
25 24 0.007504993230422146
29 24  0.01862497308033435
41 24 0.0002666666666666668
42 24 -0.004037925675788365
47 24  0.04264361606457687
222 24   0.1618500264899349
231 24   0.1428224401483789
233 24   0.2094681425444057
243 24  0.05282255049800853
10 25 0.0002666666666666667
12 25 -0.004600000000000003
16 25 -0.00101024386637945
19 25 0.0002666666666666668
22 25 -0.004600000000000001
24 25 0.007504993230422146
25 25  0.07634979226034214
27 25 0.0002666666666666668
28 25 0.0004126969610138175
35 25 0.007933726112192709
42 25 0.002097804181275769
45 25  0.02485397994758648
49 25  0.04417146694574908
233 25  0.06150289151967349
243 25   0.1146605042367375
11 26 -0.002299999999999999
20 26 0.0001333333333333334
22 26 0.0002666666666666668
23 26 0.0004000000000000001
26 26               0.0166
27 26              -0.0023
40 26              -0.0023
44 26 -0.004600000000000001
46 26 0.0002666666666666667
50 26              -0.0023
51 26 0.0001333333333333333
11 27 0.0001333333333333334
12 27 -0.002299999999999999
22 27 0.0004000000000000001
25 27 0.0002666666666666668
26 27              -0.0023
27 27               0.0166
28 27 -0.002299999999999999
44 27 0.0002666666666666667
45 27 -0.004600000000000002
51 27              -0.0023
52 27 0.0001333333333333333
12 28 0.0001333333333333334
19 28 -0.002299999999999999
25 28 0.0004126969610138175
27 28 -0.002299999999999999
28 28  0.01677595224442027
35 28 0.0002666666666666667
39 28              -0.0023
45 28 0.002552026978901458
49 28 -0.002510898350324046
52 28 -0.002261714103354719
53 28 0.0001333333333333332
13 29 -2.827788047787209e-05
21 29 0.0001333333333333334
24 29  0.01862497308033435
29 29  0.04225306138190826
41 29 -0.002300000000000001
47 29 0.002450311991889851
54 29 -0.0009988162501799321
222 29  0.04762458587064852
231 29   0.0517299041435731
14 30    16666.66666666668
30 30               100001
31 30    33333.33333333335
32 30    50000.00000000003
56 30    33333.33333333336
57 30    16666.66666666668
14 31    16666.66666666667
30 31    33333.33333333335
31 31    133334.3333333334
32 31    50000.00000000003
56 31    50000.00000000003
58 31    16666.66666666668
59 31    33333.33333333335
14 32    16666.66666666668
30 32    50000.00000000003
31 32    50000.00000000003
32 32    233334.3333333335
48 32    16666.66666666668
56 32     66666.6666666667
57 32    66666.66666666672
59 32    50000.00000000004
60 32    33333.33333333335
33 33                    1
16 34  0.06469186220986872
18 34 0.0008214523264050205
19 34 0.0002666666666666667
34 34   0.4924568931552841
35 34  0.01223269518490202
37 34 0.0005419071856297947
38 34 0.0003999999999999999
62 34  0.03022250973256621
63 34 0.001218246967473449
223 34  0.09234841479227938
232 34  0.07488111667275249
233 34  0.08829657587409061
234 34  0.09335519669137796
250 34  0.06618905168719674
251 34  0.09226316151897521
16 35  0.00556136851531775
19 35 -0.004600000000000002
25 35 0.007933726112192709
28 35 0.0002666666666666667
34 35  0.01223269518490202
35 35   0.2143203443893467
38 35 0.0002666666666666666
39 35 0.0004000000000000001
49 35  0.04356838902153409
63 35 -0.003146573686797003
64 35 0.0007897267483290007
233 35    0.138048054584821
243 35    0.123503259991404
251 35  0.06824162585401589
252 35   0.1273570847151575
17 36 -0.0005496160557656838
36 36 0.008081659495355963
37 36 -0.001993227528459099
61 36 -0.001363593764624159
65 36 -0.0007666666666666665
66 36 0.0001333333333333333
234 36 0.006227893602224178
17 37 0.0003532262166955504
18 37 -0.002187990327497284
34 37 0.0005419071856297947
36 37 -0.001993227528459099
37 37  0.01743653375422642
38 37 -0.002299999999999999
61 37 0.001444687730525564
62 37 -0.004277942389714609
66 37 -0.002299999999999999
67 37 0.0001333333333333333
234 37  0.01057846809668021
18 38 0.0001333333333333333
19 38              -0.0023
34 38 0.0003999999999999999
35 38 0.0002666666666666666
37 38 -0.002299999999999999
38 38  0.01659999999999999
39 38 -0.002299999999999998
62 38 0.0002666666666666666
63 38              -0.0046
67 38              -0.0023
68 38 0.0001333333333333333
19 39 0.0001333333333333333
28 39              -0.0023
35 39 0.0004000000000000001
38 39 -0.002299999999999998
39 39               0.0166
49 39 0.0002666666666666666
53 39 -0.002299999999999999
63 39 0.0002666666666666667
64 39              -0.0046
68 39              -0.0023
69 39 0.0001333333333333332
20 40 -0.0007666666666666664
23 40 0.0001333333333333334
26 40              -0.0023
40 40 0.007199999999999999
46 40              -0.0023
50 40 0.0001333333333333333
70 40 -0.0007666666666666665
21 41 -0.002299999999999999
24 41 0.0002666666666666668
29 41 -0.002300000000000001
41 41               0.0166
42 41 0.0004000000000000002
43 41 0.0001333333333333334
47 41 -0.004600000000000002
54 41 0.0001333333333333334
71 41 -0.002300000000000001
72 41 0.0002666666666666668
73 41 -0.002300000000000001
21 42 0.0002666666666666667
22 42 -0.004600000000000002
24 42 -0.004037925675788365
25 42 0.002097804181275769
41 42 0.0004000000000000002
42 42    0.199601298722589
43 42 -0.004600000000000002
44 42 0.0007452519469573242
45 42  0.09241262405428502
47 42 0.001644155189552765
72 42  0.03446537896810224
73 42 0.0002666666666666668
74 42  0.04432081744088794
243 42   0.1109394888940717
260 42   0.1272707356024867
21 43              -0.0023
22 43 0.0002666666666666667
23 43 -0.002300000000000001
41 43 0.0001333333333333334
42 43 -0.004600000000000002
43 43               0.0166
44 43 0.0004000000000000001
46 43 0.0001333333333333334
73 43 -0.002299999999999999
74 43 0.0002666666666666668
76 43 -0.002299999999999999
22 44 -0.004599999999999998
23 44 0.0002666666666666668
26 44 -0.004600000000000001
27 44 0.0002666666666666667
42 44 0.0007452519469573242
43 44 0.0004000000000000001
44 44  0.04856724162253803
45 44  0.03486830371397713
46 44              -0.0046
50 44 0.0002666666666666666
51 44 0.0003999999999999999
74 44  0.04452920553907238
76 44 0.0002666666666666667
77 44 -0.00456911616955122
78 44  0.01168677361243289
22 45 0.0002666666666666668
25 45  0.02485397994758648
27 45 -0.004600000000000002
28 45 0.002552026978901458
42 45  0.09241262405428502
44 45  0.03486830371397712
45 45    1.054572493441815
49 45   0.1850813639020771
51 45 0.0002666666666666666
52 45 0.004354126168709425
74 45   0.1861388781238375
78 45   0.1013394877768461
79 45  0.09261812054565606
243 45   0.1713686698365341
260 45  0.09296457707253546
23 46 -0.002299999999999999
26 46 0.0002666666666666667
40 46              -0.0023
43 46 0.0001333333333333334
44 46              -0.0046
46 46               0.0166
50 46 0.0003999999999999999
70 46 0.0001333333333333333
76 46              -0.0023
77 46 0.0002666666666666666
80 46              -0.0023
24 47  0.04264361606457687
29 47 0.002450311991889851
41 47 -0.004600000000000002
42 47 0.001644155189552765
47 47   0.4438019358761369
54 47 0.002148827132993336
55 47  0.05153138470542101
71 47 0.0002666666666666668
72 47 0.003670367511634286
81 47 0.0005949657246490971
231 47   0.1761962431012135
233 47   0.1389641605413278
243 47    0.151266309344857
249 47   0.2297030520071157
265 47  0.07877738687821212
32 48    16666.66666666668
48 48    133334.3333333335
57 48    33333.33333333336
60 48    50000.00000000004
75 48    16666.66666666669
82 48    50000.00000000005
83 48    33333.33333333337
25 49  0.04417146694574908
28 49 -0.002510898350324046
35 49  0.04356838902153409
39 49 0.0002666666666666666
45 49   0.1850813639020771
49 49   0.9395558853009508
52 49 0.003515687225030724
53 49 0.0003999999999999996
64 49  0.08431554495678702
79 49  0.09111612338004971
84 49  0.03741963303006196
243 49   0.1551261351323916
252 49   0.1492406712769047
260 49  0.01057330535604266
266 49  0.08846640370525428
26 50              -0.0023
40 50 0.0001333333333333333
44 50 0.0002666666666666666
46 50 0.0003999999999999999
50 50  0.01659999999999999
51 50 -0.002299999999999999
70 50 -0.002299999999999999
77 50 -0.004599999999999999
80 50 0.0002666666666666666
85 50              -0.0023
86 50 0.0001333333333333333
26 51 0.0001333333333333333
27 51              -0.0023
44 51 0.0003999999999999999
45 51 0.0002666666666666666
50 51 -0.002299999999999999
51 51  0.01659999999999999
52 51 -0.002299999999999998
77 51 0.0002666666666666666
78 51              -0.0046
86 51              -0.0023
87 51 0.0001333333333333333
27 52 0.0001333333333333333
28 52 -0.002261714103354719
45 52 0.004354126168709426
49 52 0.003515687225030724
51 52 -0.002299999999999998
52 52  0.01685100351087786
53 52 -0.002299999999999999
78 52 0.0002666666666666667
79 52 -0.004143659491468969
87 52              -0.0023
88 52 0.0001333333333333332
28 53 0.0001333333333333332
39 53 -0.002299999999999999
49 53 0.0003999999999999996
52 53 -0.002299999999999999
53 53  0.01659999999999999
64 53 0.0002666666666666665
69 53 -0.002299999999999999
79 53 0.0002666666666666665
84 53 -0.004599999999999998
88 53 -0.002299999999999999
89 53 0.0001333333333333332
29 54 -0.0009988162501799319
41 54 0.0001333333333333334
47 54 0.002148827132993336
54 54  0.01167075928719845
55 54 8.412465174840555e-05
71 54 -0.002300000000000001
81 54 0.0002666666666666668
90 54 -0.001533333333333334
231 54   0.0143584480266329
47 55  0.05153138470542101
54 55 8.412465174840555e-05
55 55   0.3825389108673624
81 55 0.0001569462001373184
90 55 0.0001333333333333334
91 55 8.357419504150389e-05
93 55  0.03912196766934679
231 55   0.1021846726480985
248 55  0.01308399131139916
249 55   0.1989780819623383
269 55  0.09410844171380181
30 56    33333.33333333336
31 56    50000.00000000003
32 56     66666.6666666667
56 56    333334.3333333335
57 56    66666.66666666672
58 56    33333.33333333335
59 56    100000.0000000001
92 56    33333.33333333336
94 56    50000.00000000003
95 56     66666.6666666667
30 57    16666.66666666668
32 57    66666.66666666672
48 57    33333.33333333336
56 57    66666.66666666672
57 57    333334.3333333335
59 57     66666.6666666667
60 57    100000.0000000001
82 57    33333.33333333336
92 57    16666.66666666668
95 57    66666.66666666672
96 57    33333.33333333335
31 58    16666.66666666668
56 58    33333.33333333335
58 58     66667.6666666667
59 58    33333.33333333336
94 58    16666.66666666668
31 59    33333.33333333335
32 59    50000.00000000004
56 59    100000.0000000001
57 59     66666.6666666667
58 59    33333.33333333336
59 59    266667.6666666668
60 59    33333.33333333336
94 59    33333.33333333335
95 59    50000.00000000004
32 60    33333.33333333335
48 60    50000.00000000004
57 60    100000.0000000001
59 60    33333.33333333336
60 60    266667.6666666668
82 60    66666.66666666673
83 60    33333.33333333337
95 60    33333.33333333335
96 60    50000.00000000004
36 61 -0.001363593764624159
37 61 0.001444687730525564
61 61   0.1550095372034973
62 61  0.03833464485130505
65 61 0.0001333333333333333
66 61 0.0003999999999999999
101 61 -0.001362120354135971
102 61 0.001442239839761147
234 61  0.04973793685705915
250 61  0.04395879586946169
274 61  0.05055635852480903
34 62  0.03022250973256621
37 62 -0.004277942389714609
38 62 0.0002666666666666666
61 62  0.03833464485130506
62 62   0.1816696879892464
63 62 -0.004073125223353726
66 62 0.0002666666666666666
67 62 0.0003999999999999999
98 62  0.02673003452852952
102 62 -0.00423861504823124
103 62 0.0002666666666666666
234 62  0.05724822421455995
250 62   0.1311547391208963
251 62  0.05603572970749675
274 62  0.05659137355417054
34 63 0.001218246967473449
35 63 -0.003146573686797003
38 63              -0.0046
39 63 0.0002666666666666667
62 63 -0.004073125223353726
63 63  0.03702639770061208
64 63 -0.004548398187052711
67 63 0.0002666666666666666
68 63 0.0004000000000000001
98 63 0.001215815134705846
99 63 -0.00328161993473543
103 63              -0.0046
104 63 0.0002666666666666667
251 63  0.02489633885240687
252 63  0.01308627474267882
35 64 0.0007897267483290007
39 64              -0.0046
49 64  0.08431554495678702
53 64 0.0002666666666666665
63 64 -0.004548398187052711
64 64   0.2154469744607411
68 64 0.0002666666666666666
69 64 0.0003999999999999996
84 64   0.0157754622160853
99 64 0.0008460424668296064
100 64  0.06836912466229296
104 64              -0.0046
105 64 0.0002666666666666665
252 64   0.1125300353833897
266 64   0.1247674079769404
36 65 -0.0007666666666666665
61 65 0.0001333333333333333
65 65 0.003599999999999999
66 65 -0.001533333333333333
101 65 -0.0007666666666666665
36 66 0.0001333333333333333
37 66 -0.002299999999999999
61 66 0.0003999999999999999
62 66 0.0002666666666666666
65 66 -0.001533333333333333
66 66 0.009399999999999995
67 66 -0.001533333333333333
101 66 0.0001333333333333333
102 66              -0.0023
37 67 0.0001333333333333333
38 67              -0.0023
62 67 0.0003999999999999999
63 67 0.0002666666666666666
66 67 -0.001533333333333333
67 67 0.009399999999999995
68 67 -0.001533333333333332
102 67 0.0001333333333333333
103 67              -0.0023
38 68 0.0001333333333333333
39 68              -0.0023
63 68 0.0004000000000000001
64 68 0.0002666666666666666
67 68 -0.001533333333333332
68 68 0.009399999999999999
69 68 -0.001533333333333333
103 68 0.0001333333333333333
104 68              -0.0023
39 69 0.0001333333333333332
53 69 -0.002299999999999999
64 69 0.0003999999999999996
68 69 -0.001533333333333333
69 69 0.009399999999999995
84 69 0.0002666666666666665
89 69 -0.001533333333333333
104 69 0.0001333333333333332
105 69 -0.002299999999999999
40 70 -0.0007666666666666665
46 70 0.0001333333333333333
50 70 -0.002299999999999999
70 70 0.007199999999999997
80 70              -0.0023
85 70 0.0001333333333333333
106 70 -0.0007666666666666665
41 71 -0.002300000000000001
47 71 0.0002666666666666668
54 71 -0.002300000000000001
71 71               0.0166
72 71 0.0004000000000000001
73 71 0.0001333333333333334
81 71 -0.004600000000000002
90 71 0.0001333333333333334
107 71 -0.002300000000000001
108 71 0.0002666666666666668
109 71 -0.002300000000000001
41 72 0.0002666666666666668
42 72  0.03446537896810224
47 72 0.003670367511634286
71 72 0.0004000000000000001
72 72    0.355706919818061
73 72 -0.00459916468143076
74 72  0.05740669709607171
81 72 0.0003812880318072237
108 72  0.00989863708686126
109 72 0.0002666666666666668
110 72  0.06584005319491838
243 72  0.09049600151592821
260 72    0.142679963510837
265 72  0.08926428031669707
282 72  0.08626249606544159
41 73 -0.002300000000000001
42 73 0.0002666666666666668
43 73 -0.002299999999999999
71 73 0.0001333333333333334
72 73 -0.00459916468143076
73 73  0.01659961875783229
74 73 0.0005086517654627402
76 73 0.0001333333333333334
109 73 -0.002300000000000001
110 73 0.0003660047307237392
112 73 -0.00229574179233943
42 74  0.04432081744088794
43 74 0.0002666666666666668
44 74  0.04452920553907238
45 74   0.1861388781238375
72 74  0.05740669709607171
73 74 0.0005086517654627402
74 74    1.047224473117785
76 74 -0.004600000000000001
77 74 0.002153067180670585
78 74   0.1754226606508012
110 74   0.1747735004726744
112 74 0.005412698535979443
113 74   0.1194762182788389
260 74   0.1327797775998246
285 74  0.08743707440068749
48 75    16666.66666666669
75 75    133334.3333333334
82 75    33333.33333333337
83 75    50000.00000000004
111 75    50000.00000000004
114 75    16666.66666666668
115 75    33333.33333333335
43 76 -0.002299999999999999
44 76 0.0002666666666666667
46 76              -0.0023
73 76 0.0001333333333333334
74 76 -0.004600000000000001
76 76               0.0166
77 76 0.0003999999999999999
80 76 0.0001333333333333333
112 76 -0.002299999999999999
113 76 0.0002666666666666667
116 76              -0.0023
44 77 -0.00456911616955122
46 77 0.0002666666666666666
50 77 -0.004599999999999999
51 77 0.0002666666666666666
74 77 0.002153067180670585
76 77 0.0003999999999999999
77 77  0.03325948249948576
78 77 -0.004106425957406305
80 77 -0.004599999999999997
85 77               0.0336
86 77  0.06706666666666668
113 77 -0.004555606742701375
116 77 0.0002666666666666666
117 77  0.06206666666666667
118 77               0.0336
44 78  0.01168677361243289
45 78   0.1013394877768461
51 78              -0.0046
52 78 0.0002666666666666667
74 78   0.1754226606508012
77 78 -0.004106425957406305
78 78   0.3501259136851322
79 78  0.05248528827216929
86 78  0.03360000000000001
87 78  0.06706666666666668
113 78  0.02209512200539583
118 78   0.0622100414409856
119 78  0.03389685239356315
260 78  0.08722231478930334
285 78   0.1204788158102621
45 79  0.09261812054565606
49 79  0.09111612338004971
52 79 -0.004143659491468969
53 79 0.0002666666666666665
78 79  0.05248528827216929
79 79   0.4503567387315543
84 79  0.02325231145206944
87 79  0.03359999999999999
88 79  0.06706666666666665
119 79  0.06569418438515223
120 79  0.03364547513128612
260 79  0.09543991028458743
266 79  0.07267910604491674
285 79  0.09595810842183367
286 79  0.09214751591734728
46 80              -0.0023
50 80 0.0002666666666666666
70 80              -0.0023
76 80 0.0001333333333333333
77 80 -0.004599999999999997
80 80               0.0166
85 80  0.06706666666666668
106 80  0.03346666666666667
116 80              -0.0023
117 80               0.0336
121 80  0.06436666666666667
47 81 0.0005949657246490971
54 81 0.0002666666666666668
55 81 0.0001569462001373184
71 81 -0.004600000000000002
72 81 0.0003812880318072237
81 81  0.04353928695063319
90 81 0.0004000000000000001
91 81 0.0002666666666666668
93 81 0.0003874522387787541
107 81 0.0002666666666666668
108 81 -0.004540988813913975
122 81 -0.004600000000000002
123 81 0.0003581357981983515
249 81  0.04994064997748344
265 81   0.0185070403057673
48 82    50000.00000000005
57 82    33333.33333333336
60 82    66666.66666666673
75 82    33333.33333333337
82 82    266667.6666666669
83 82    100000.0000000001
96 82    50000.00000000005
111 82    33333.33333333337
124 82    33333.33333333337
48 83    33333.33333333337
60 83    33333.33333333337
75 83    50000.00000000004
82 83    100000.0000000001
83 83    266667.6666666669
96 83    33333.33333333336
111 83    66666.66666666672
115 83    33333.33333333335
124 83    50000.00000000004
49 84  0.03741963303006196
53 84 -0.004599999999999998
64 84   0.0157754622160853
69 84 0.0002666666666666665
79 84  0.02325231145206944
84 84   0.1392741592346189
88 84  0.03359999999999999
89 84  0.06706666666666665
100 84  0.03613898629144895
105 84 -0.004599999999999998
120 84  0.06209862208665322
125 84  0.02035064005907126
126 84  0.03359999999999998
266 84   0.1290412992636914
286 84  0.04763051739634973
50 85              -0.0023
70 85 0.0001333333333333333
77 85               0.0336
80 85  0.06706666666666668
85 85    502478472.1131421
86 85    86695769.73428904
106 85    86695769.73428904
117 85    164543466.2804154
121 85    164543466.2495154
50 86 0.0001333333333333333
51 86              -0.0023
77 86  0.06706666666666668
78 86  0.03360000000000001
85 86    86695769.73428904
86 86    502478472.1131422
87 86    86695769.73428908
117 86    164543466.2495154
118 86    164543466.2804154
51 87 0.0001333333333333333
52 87              -0.0023
78 87  0.06706666666666668
79 87  0.03359999999999999
86 87    86695769.73428908
87 87    502478472.1131423
88 87    86695769.73428904
118 87    164543466.2495154
119 87    164543466.2804154
52 88 0.0001333333333333332
53 88 -0.002299999999999999
79 88  0.06706666666666665
84 88  0.03359999999999999
87 88    86695769.73428904
88 88    502478472.1131421
89 88    86695769.73428904
119 88    164543466.2495154
120 88    164543466.2804154
53 89 0.0001333333333333332
69 89 -0.001533333333333333
84 89  0.06706666666666665
88 89    86695769.73428904
89 89    329086932.6378974
105 89 0.0001333333333333332
120 89    164543466.2495154
126 89    77847696.57869299
54 90 -0.001533333333333334
55 90 0.0001333333333333334
71 90 0.0001333333333333334
81 90 0.0004000000000000001
90 90               0.0058
91 90 -0.001533333333333334
107 90 -0.001533333333333334
122 90 0.0001333333333333334
55 91 8.357419504150389e-05
81 91 0.0002666666666666668
90 91 -0.001533333333333334
91 91   0.0116715947653853
93 91 0.002149522492922558
122 91 -0.002300000000000001
127 91 -0.0009979138540926831
128 91 0.0001333333333333334
269 91  0.01436229647244927
56 92    33333.33333333336
57 92    16666.66666666668
92 92               100001
94 92    33333.33333333335
95 92    50000.00000000003
129 92    16666.66666666668
55 93  0.03912196766934679
81 93 0.0003874522387787541
91 93 0.002149522492922558
93 93   0.4046469304112506
122 93 0.0002666666666666668
123 93 0.004722775702944586
127 93 0.002783132811943412
128 93 -0.004600000000000003
130 93   0.0395918627805662
131 93 0.001435996673136324
249 93   0.1882336870537313
265 93  0.07791763320125378
269 93   0.1617934497942151
272 93    0.132668755308899
273 93   0.1446791747049835
56 94    50000.00000000003
58 94    16666.66666666668
59 94    33333.33333333335
92 94    33333.33333333335
94 94    133334.3333333334
95 94    50000.00000000003
129 94    16666.66666666667
56 95     66666.6666666667
57 95    66666.66666666672
59 95    50000.00000000004
60 95    33333.33333333335
92 95    50000.00000000003
94 95    50000.00000000003
95 95    233334.3333333334
96 95    16666.66666666668
129 95    16666.66666666668
57 96    33333.33333333335
60 96    50000.00000000005
82 96    50000.00000000005
83 96    33333.33333333336
95 96    16666.66666666668
96 96    133334.3333333334
124 96    16666.66666666669
97 97                    1
62 98  0.02673003452852952
63 98 0.001215815134705846
98 98   0.4843539544763738
99 98  0.01219799424321433
102 98 0.000545616421060411
103 98 0.0003999999999999999
133 98   0.0582331954252778
137 98 0.001423301233350573
138 98 0.0002666666666666667
250 98  0.06040505500441111
251 98  0.09180238387846804
271 98  0.07212369169871399
272 98  0.08669864208183971
274 98  0.09321153292851167
297 98  0.09456433639427167
63 99 -0.00328161993473543
64 99 0.0008460424668296064
98 99  0.01219799424321433
99 99   0.2171507810731001
100 99  0.04357854763308465
103 99 0.0002666666666666666
104 99 0.0004000000000000001
133 99 0.005509328313050585
134 99 0.007015150604842952
138 99 -0.004600000000000002
139 99 0.0002666666666666667
251 99  0.06618675275562667
252 99   0.1248185177715599
272 99   0.1403694057231679
273 99    0.125048883391339
64 100  0.06836912466229296
84 100  0.03613898629144895
99 100  0.04357854763308465
100 100   0.9258784841989499
104 100 0.0002666666666666666
105 100 0.0003999999999999996
125 100  0.08626303274672882
134 100  0.04793485550643597
135 100   0.1910043420984614
139 100 -0.002176967828721631
140 100 0.003491994518611443
252 100   0.1349153915098614
266 100   0.0772111835682127
273 100   0.1533738792756637
291 100   0.0103381180012423
61 101 -0.001362120354135971
65 101 -0.0007666666666666665
66 101 0.0001333333333333333
101 101 0.008082067888574476
102 101 -0.001994570858230695
136 101 -0.0005497052644609366
274 101 0.006230156512960812
61 102 0.001442239839761147
62 102 -0.00423861504823124
66 102              -0.0023
67 102 0.0001333333333333333
98 102 0.0005456164210604108
101 102 -0.001994570858230695
102 102  0.01744299079193175
103 102 -0.002299999999999999
136 102 0.0003566098783320913
137 102 -0.002201720090571037
274 102  0.01070385220995395
62 103 0.0002666666666666666
63 103              -0.0046
67 103              -0.0023
68 103 0.0001333333333333333
98 103 0.0003999999999999999
99 103 0.0002666666666666666
102 103 -0.002299999999999999
103 103  0.01659999999999999
104 103 -0.002299999999999998
137 103 0.0001333333333333333
138 103              -0.0023
63 104 0.0002666666666666667
64 104              -0.0046
68 104              -0.0023
69 104 0.0001333333333333332
99 104 0.0004000000000000001
100 104 0.0002666666666666666
103 104 -0.002299999999999998
104 104               0.0166
105 104 -0.002299999999999999
138 104 0.0001333333333333333
139 104              -0.0023
64 105 0.0002666666666666665
69 105 -0.002299999999999999
84 105 -0.004599999999999998
89 105 0.0001333333333333332
100 105 0.0003999999999999996
104 105 -0.002299999999999999
105 105  0.01659999999999999
125 105 0.0002666666666666665
126 105 -0.002299999999999999
139 105 0.0001333333333333332
140 105 -0.002299999999999999
70 106 -0.0007666666666666665
80 106  0.03346666666666667
85 106    86695769.73428904
106 106    173391539.4752448
121 106     86695769.7017224
71 107 -0.002300000000000001
81 107 0.0002666666666666668
90 107 -0.001533333333333334
107 107 0.009399999999999999
108 107 0.0004000000000000001
109 107 0.0001333333333333334
122 107 -0.002300000000000001
141 107 -0.001533333333333334
142 107 0.0001333333333333334
71 108 0.0002666666666666668
72 108 0.009898637086861256
81 108 -0.004540988813913975
107 108 0.0004000000000000001
108 108  0.07901062239588499
109 108 -0.004600000000000003
110 108  0.01559439597886378
122 108 0.0002666666666666668
123 108  0.01188341324606591
141 108 0.0002666666666666668
142 108 -0.004600000000000003
143 108 0.004593319701852621
144 108  0.01340230546579149
265 108  0.03723712856853183
282 108   0.1154810851620835
71 109 -0.002300000000000001
72 109 0.0002666666666666668
73 109 -0.002300000000000001
107 109 0.0001333333333333334
108 109 -0.004600000000000003
109 109               0.0166
110 109 0.0004000000000000002
112 109 0.0001333333333333334
141 109 -0.002300000000000001
143 109 0.0002666666666666668
145 109 -0.002299999999999999
72 110  0.06584005319491838
73 110 0.0003660047307237392
74 110   0.1747735004726744
108 110  0.01559439597886378
109 110 0.0004000000000000002
110 110   0.9238977193055361
112 110 0.0008016554423143675
113 110   0.1238025253190156
143 110  0.09567138387703952
145 110 0.0002666666666666667
146 110   0.1188746744150134
260 110  0.06266665443154695
282 110   0.1138235298535898
285 110  0.08407747279223639
308 110  0.08883433141206939
75 111    50000.00000000004
82 111    33333.33333333337
83 111    66666.66666666672
111 111    266667.6666666668
114 111    33333.33333333335
115 111               100000
124 111    50000.00000000004
147 111    33333.33333333336
148 111    33333.33333333335
73 112 -0.00229574179233943
74 112 0.005412698535979443
76 112 -0.002299999999999999
109 112 0.0001333333333333334
110 112 0.0008016554423143675
112 112  0.01706777810057051
113 112 0.001086277998441992
116 112 0.0001333333333333334
145 112              -0.0023
146 112 0.0002666666666666667
149 112 -0.002300000000000001
74 113   0.1194762182788389
76 113 0.0002666666666666667
77 113 -0.004555606742701375
78 113  0.02209512200539583
110 113   0.1238025253190156
112 113 0.001086277998441992
113 113   0.1875914986113009
116 113 -0.004599999999999999
117 113               0.0336
118 113  0.06720880364055838
146 113    0.016647453637691
149 113 0.0002666666666666668
150 113  0.06206666666666667
151 113  0.03405178843659478
285 113   0.1497822317151952
75 114    16666.66666666668
111 114    33333.33333333335
114 114    66667.66666666669
115 114    33333.33333333334
118 114  0.03333333333333335
119 114  0.06666666666666668
147 114    16666.66666666668
151 114  0.06666666666666668
152 114  0.03333333333333334
75 115    33333.33333333335
83 115    33333.33333333335
111 115               100000
114 115    33333.33333333334
115 115    200001.0000000001
119 115  0.03333333333333333
120 115  0.06666666666666665
124 115    33333.33333333335
147 115    33333.33333333334
148 115    33333.33333333335
152 115  0.06666666666666665
153 115  0.03333333333333332
76 116              -0.0023
77 116 0.0002666666666666666
80 116              -0.0023
112 116 0.0001333333333333334
113 116 -0.004599999999999999
116 116               0.0166
117 116  0.06706666666666668
121 116  0.03346666666666667
149 116 -0.002299999999999999
150 116               0.0336
154 116  0.06436666666666667
77 117  0.06206666666666667
80 117               0.0336
85 117    164543466.2804154
86 117    164543466.2495154
113 117               0.0336
116 117  0.06706666666666668
117 117    987260797.7795588
118 117    164543466.2804153
121 117    164543466.2804153
150 117    164543466.2804154
154 117    164543466.2495154
77 118               0.0336
78 118   0.0622100414409856
86 118    164543466.2804154
87 118    164543466.2495154
113 118  0.06720880364055838
114 118  0.03333333333333335
117 118    164543466.2804153
118 118     987260797.779675
119 118     164543466.280441
150 118    164543466.2495154
151 118     164543466.280443
285 118 0.002881628388998005
78 119  0.03389685239356315
79 119  0.06569418438515223
87 119    164543466.2804154
88 119    164543466.2495154
114 119  0.06666666666666668
115 119  0.03333333333333333
118 119     164543466.280441
119 119    987260797.7833912
120 119    164543466.2804253
151 119    164543466.2495446
152 119    164543466.2812984
285 119  0.02291980909308956
286 119  0.01614817050657018
79 120  0.03364547513128612
84 120  0.06209862208665322
88 120    164543466.2804154
89 120    164543466.2495154
115 120  0.06666666666666665
119 120    164543466.2804253
120 120    987260797.7796053
125 120  0.03364773214864834
126 120    164543466.2804154
152 120    164543466.2495229
153 120    164543466.2804238
286 120 0.001861184733432942
80 121  0.06436666666666667
85 121    164543466.2495154
106 121    86695769.70172238
116 121  0.03346666666666667
117 121    164543466.2804153
121 121    502478471.9776088
154 121     86695769.7017224
81 122 -0.004600000000000002
90 122 0.0001333333333333334
91 122 -0.002300000000000001
93 122 0.0002666666666666668
107 122 -0.002300000000000001
108 122 0.0002666666666666668
122 122               0.0166
123 122 0.0004000000000000001
128 122 -0.002300000000000001
142 122 -0.002300000000000001
155 122 0.0001333333333333334
81 123 0.0003581357981983515
93 123 0.004722775702944586
108 123  0.01188341324606591
122 123 0.0004000000000000001
123 123   0.3985621423424948
128 123 0.0002666666666666668
131 123  0.03529808385236703
142 123 0.0002666666666666668
144 123   0.0733709164309384
155 123 -0.004599180836106063
156 123  0.06981487933846427
265 123  0.09407184795781415
273 123   0.0972268338194035
282 123   0.1034662511376651
291 123   0.1600293805826516
82 124    33333.33333333337
83 124    50000.00000000004
96 124    16666.66666666668
111 124    50000.00000000004
115 124    33333.33333333335
124 124    133334.3333333334
148 124    16666.66666666667
84 125  0.02035064005907126
100 125  0.08626303274672882
105 125 0.0002666666666666665
120 125  0.03364773214864834
125 125   0.4383140340234186
126 125  0.06706666666666665
135 125  0.08555933110512008
140 125 -0.004123071885806623
153 125  0.06568539463014389
157 125  0.04650320046811473
158 125  0.03359999999999998
266 125  0.06680375753545854
286 125  0.09405355167514184
291 125  0.09193164410600217
309 125  0.09478270668423404
84 126  0.03359999999999998
89 126    77847696.57869299
105 126 -0.002299999999999999
120 126    164543466.2804153
125 126  0.06706666666666665
126 126      484782325.80195
140 126 0.0001333333333333332
153 126    164543466.2495154
158 126    77847696.57869299
91 127 -0.0009979138540926833
93 127 0.002783132811943412
127 127  0.04273596273471914
128 127 -0.002300000000000001
130 127  0.01892776560558949
159 127 -2.214526811296152e-05
160 127 0.0001333333333333334
269 127  0.05338183832260182
294 127  0.04765699547801906
91 128 0.0001333333333333334
93 128 -0.004600000000000003
122 128 -0.002300000000000001
123 128 0.0002666666666666668
127 128 -0.002300000000000001
128 128               0.0166
130 128 0.0002666666666666668
131 128 0.0004000000000000002
155 128 -0.002300000000000001
160 128 -0.002299999999999999
161 128 0.0001333333333333334
92 129    16666.66666666668
94 129    16666.66666666667
95 129    16666.66666666668
129 129    33334.33333333335
93 130   0.0395918627805662
127 130  0.01892776560558949
128 130 0.0002666666666666668
130 130   0.3007650986094497
131 130 -0.004030448767468844
133 130  0.04248381605526983
134 130 0.008069544124268743
159 130 0.002523992314725858
160 130 -0.004600000000000001
163 130 -0.002532428609314783
164 130 0.0002666666666666667
269 130   0.1342414600134125
272 130   0.2085674908478449
273 130  0.05500100325296287
294 130   0.1633081371648031
93 131 0.001435996673136324
123 131  0.03529808385236703
128 131 0.0004000000000000002
130 131 -0.004030448767468844
131 131   0.2104978897888017
134 131 0.002129766394017391
135 131  0.09922341945767238
155 131 0.0002666666666666668
156 131  0.04919147968083784
160 131 0.0002666666666666667
161 131 -0.004600000000000003
164 131 -0.004600000000000003
165 131 0.0006200982574364121
273 131   0.1142071906590142
291 131   0.1364396985120459
132 132                    1
98 133   0.0582331954252778
99 133 0.005509328313050585
130 133  0.04248381605526982
133 133   0.4362837024907175
134 133 -0.001194833332515005
137 133 0.001090604236805951
138 133 0.0004000000000000001
162 133  0.04987511253228439
163 133 0.0004237475708914638
167 133 -0.00365906344622133
168 133 0.0002666666666666667
271 133  0.06755173802811963
272 133   0.1492102045882538
294 133   0.1811983837949234
297 133   0.1223369408701034
99 134 0.007015150604842952
100 134  0.04793485550643597
130 134 0.008069544124268743
131 134 0.002129766394017391
133 134 -0.001194833332515005
134 134   0.0760028876108251
135 134   0.0256517204156592
138 134 0.0002666666666666668
139 134 0.0004178411571931293
163 134 0.0002666666666666667
164 134 -0.004600000000000001
168 134 -0.004600000000000003
169 134 0.0002666666666666668
272 134  0.05920957341519012
273 134   0.1124712012648901
100 135   0.1910043420984614
125 135  0.08555933110512008
131 135  0.09922341945767238
134 135   0.0256517204156592
135 135    1.028064426012484
139 135 0.002925487868428164
140 135 0.004384272980889558
156 135   0.1822814591042622
157 135  0.09800428165440672
164 135 0.0002666666666666668
165 135  0.03255013519374848
169 135 -0.004600000000000002
170 135 0.0002666666666666666
273 135   0.1646766341006167
291 135  0.09673529199663813
101 136 -0.0005497052644609366
