%%MatrixMarket matrix coordinate real general
329 329 2713
1 1               0.1672
2 1 -0.06230000000000001
3 1 0.0001333333333333333
4 1 -0.02076666666666667
5 1 -0.06230000000000004
6 1 -0.02076666666666667
7 1 0.0001333333333333333
1 2 -0.06230000000000001
2 2               0.3766
3 2               0.0004
4 2 0.0001333333333333333
5 2 0.0002666666666666667
7 2 -0.06230000000000001
8 2 -0.06230000000000001
9 2 0.0002666666666666667
10 2  -0.1246000000000001
11 2 -0.06230000000000001
12 2 0.0001333333333333333
1 3 0.0001333333333333333
2 3               0.0004
3 3   0.2094000000000001
4 3 -0.04153333333333335
5 3 -0.06230000000000001
8 3 0.0001333333333333333
9 3 -0.06230000000000001
10 3 0.0002666666666666666
13 3 -0.04153333333333335
1 4 -0.02076666666666667
2 4 0.0001333333333333333
3 4 -0.04153333333333335
4 4  0.08360000000000002
8 4 -0.02076666666666667
1 5 -0.06230000000000004
2 5 0.0002666666666666667
3 5 -0.06230000000000001
5 5   0.7346787089064889
6 5 0.004058498348552332
7 5 0.007456158971406077
10 5  -0.1038170185522766
13 5 0.005662653941643512
16 5   0.1359717827518648
222 5   0.1985603202310259
223 5   0.1637670810240314
1 6 -0.02076666666666667
5 6 0.004058498348552332
6 6   0.1741086240895673
7 6 -0.05962671064931547
17 6 -0.01809062888225938
18 6 0.001782016506483177
223 6 -0.01637066219834656
1 7 0.0001333333333333333
2 7 -0.06230000000000001
5 7 0.007456158971406077
6 7 -0.05962671064931547
7 7   0.3789781621512177
10 7 0.0002666666666666667
12 7 -0.06230000000000002
16 7  -0.1219202179123319
18 7 -0.06151397872379982
19 7 0.0001333333333333334
223 7  0.03984685075080231
2 8 -0.06230000000000001
3 8 0.0001333333333333333
4 8 -0.02076666666666667
8 8               0.1672
9 8 -0.06230000000000004
11 8 0.0001333333333333333
20 8 -0.02076666666666667
2 9 0.0002666666666666667
3 9 -0.06230000000000001
8 9 -0.06230000000000004
9 9               0.3766
10 9              -0.1246
11 9               0.0004
13 9 0.0001333333333333333
20 9 0.0001333333333333333
21 9 -0.06230000000000004
22 9 0.0002666666666666666
23 9 -0.06230000000000001
2 10  -0.1246000000000001
3 10 0.0002666666666666666
5 10  -0.1038170185522766
7 10 0.0002666666666666667
9 10              -0.1246
10 10   0.7676763375383798
11 10 0.0002666666666666667
12 10               0.0004
13 10  0.00421175974342935
16 10  -0.1070478722982837
21 10 0.0002666666666666667
22 10              -0.1246
24 10  -0.1185563579217286
25 10 0.0002666666666666666
222 10   0.1117781369291174
2 11 -0.06230000000000001
8 11 0.0001333333333333333
9 11               0.0004
10 11 0.0002666666666666667
11 11               0.3766
12 11 -0.06230000000000002
20 11 -0.06230000000000002
22 11  -0.1246000000000001
23 11 0.0002666666666666667
26 11 -0.06229999999999999
27 11 0.0001333333333333334
2 12 0.0001333333333333333
7 12 -0.06230000000000002
10 12               0.0004
11 12 -0.06230000000000002
12 12               0.3766
16 12 0.0002666666666666667
19 12 -0.06230000000000001
22 12 0.0002666666666666667
25 12  -0.1246000000000001
27 12 -0.06229999999999999
28 12 0.0001333333333333334
3 13 -0.04153333333333335
5 13 0.005662653941643512
9 13 0.0001333333333333333
10 13 0.004211759743429351
13 13   0.2238529410560747
21 13 -0.06230000000000002
24 13 0.006119398845037692
29 13 -0.03630235178625828
222 13  0.01798137715636417
14 14    833334.3333333338
30 14    416666.6666666669
31 14    416666.6666666669
32 14    416666.6666666669
15 15                    1
5 16   0.1359717827518648
7 16  -0.1219202179123319
10 16  -0.1070478722982837
12 16 0.0002666666666666667
16 16    1.682319338567158
18 16 0.003203541780655236
19 16 0.0004000000000000001
24 16   0.1166773436056764
25 16  -0.1129808821806487
34 16  0.07747083413325495
35 16  0.01480872384886887
222 16   0.4225474972024468
223 16   0.2338946324817162
232 16   0.2003542258657164
233 16   0.2900606460948378
6 17 -0.01809062888225938
17 17   0.1905769898180819
18 17 -0.04890605955982034
36 17 -0.02005131768215914
37 17 0.0007120899193330983
223 17  0.05494511964234718
234 17 0.0007132095566663782
6 18 0.001782016506483177
7 18 -0.06151397872379982
16 18 0.003203541780655236
17 18 -0.04890605955982034
18 18     0.39646692356843
19 18 -0.06230000000000002
34 18  -0.1079816398290448
37 18 -0.06181237200169459
38 18 0.0001333333333333333
223 18   0.1013322210324072
234 18  0.07915619627245472
7 19 0.0001333333333333334
12 19 -0.06230000000000001
16 19 0.0004000000000000001
18 19 -0.06230000000000002
19 19               0.3766
25 19 0.0002666666666666668
28 19 -0.06229999999999999
34 19 0.0002666666666666667
35 19  -0.1246000000000001
38 19 -0.06230000000000002
39 19 0.0001333333333333333
8 20 -0.02076666666666667
9 20 0.0001333333333333333
11 20 -0.06230000000000002
20 20               0.1672
23 20 -0.06230000000000006
26 20 0.0001333333333333334
40 20 -0.02076666666666667
9 21 -0.06230000000000004
10 21 0.0002666666666666667
13 21 -0.06230000000000002
21 21   0.3766000000000001
22 21               0.0004
23 21 0.0001333333333333333
24 21              -0.1246
29 21 0.0001333333333333334
41 21 -0.06230000000000001
42 21 0.0002666666666666667
43 21 -0.06230000000000002
9 22 0.0002666666666666666
10 22              -0.1246
11 22  -0.1246000000000001
12 22 0.0002666666666666667
21 22               0.0004
22 22   0.7532000000000003
23 22              -0.1246
24 22 0.0002666666666666667
25 22              -0.1246
26 22 0.0002666666666666667
27 22 0.0004000000000000001
42 22  -0.1246000000000001
43 22 0.0002666666666666667
44 22              -0.1246
45 22 0.0002666666666666667
9 23 -0.06230000000000001
11 23 0.0002666666666666667
20 23 -0.06230000000000006
21 23 0.0001333333333333333
22 23              -0.1246
23 23               0.3766
26 23 0.0004000000000000001
40 23 0.0001333333333333334
43 23 -0.06230000000000006
44 23 0.0002666666666666667
46 23 -0.06229999999999999
10 24  -0.1185563579217286
13 24 0.006119398845037692
16 24   0.1166773436056764
21 24              -0.1246
22 24 0.0002666666666666667
24 24    1.403472117210581
25 24  0.01709208352528709
29 24  0.03998343714230331
41 24 0.0002666666666666668
42 24  -0.1225267304748992
47 24  0.01487937600438101
222 24   0.3297521938281109
231 24   0.3688324603156097
233 24   0.4582542074260551
243 24   0.1372182891009093
10 25 0.0002666666666666666
12 25  -0.1246000000000001
16 25  -0.1129808821806487
19 25 0.0002666666666666668
22 25              -0.1246
24 25  0.01709208352528709
25 25     0.82177806782663
27 25 0.0002666666666666668
28 25 0.0003422165845491643
35 25 -0.08771696699032307
42 25 0.002966142616018083
45 25 -0.07413326612192006
49 25  0.08890737642227045
233 25   0.1635042019356896
243 25     0.17393843544243
11 26 -0.06229999999999999
20 26 0.0001333333333333334
22 26 0.0002666666666666667
23 26 0.0004000000000000001
26 26   0.3766000000000001
27 26 -0.06230000000000001
40 26 -0.06230000000000001
44 26  -0.1246000000000001
46 26 0.0002666666666666667
50 26 -0.06230000000000002
51 26 0.0001333333333333333
11 27 0.0001333333333333334
12 27 -0.06229999999999999
22 27 0.0004000000000000001
25 27 0.0002666666666666668
26 27 -0.06230000000000001
27 27               0.3766
28 27 -0.06229999999999999
44 27 0.0002666666666666667
45 27  -0.1246000000000001
51 27 -0.06230000000000002
52 27 0.0001333333333333333
12 28 0.0001333333333333334
19 28 -0.06229999999999999
25 28 0.0003422165845491643
27 28 -0.06229999999999999
28 28   0.3766460506584234
35 28 0.0002666666666666667
39 28 -0.06230000000000003
45 28 0.005177866755279881
49 28  -0.1199361343782762
52 28 -0.06213267105338649
53 28 0.0001333333333333333
13 29 -0.03630235178625828
21 29 0.0001333333333333334
24 29  0.03998343714230331
29 29   0.2704182946187057
41 29 -0.06230000000000003
47 29 0.004852017797843805
54 29 -0.03965230223578915
222 29  0.09810033468701633
231 29  0.08020309110637219
14 30    416666.6666666669
30 30    2500001.000000001
31 30    833333.3333333338
32 30              1250000
56 30    833333.3333333337
57 30    416666.6666666669
14 31    416666.6666666669
30 31    833333.3333333338
31 31    3333334.333333335
32 31    1250000.000000001
56 31    1250000.000000001
58 31     416666.666666667
59 31    833333.3333333338
14 32    416666.6666666669
30 32              1250000
31 32    1250000.000000001
32 32    5833334.333333337
48 32    416666.6666666669
56 32    1666666.666666668
57 32    1666666.666666668
59 32    1250000.000000001
60 32    833333.3333333338
33 33                    1
16 34  0.07747083413325495
18 34  -0.1079816398290448
19 34 0.0002666666666666667
34 34    1.717814026587229
35 34 -0.07680267273730196
37 34 0.001294674819800156
38 34 0.0003999999999999999
62 34 -0.02111361475596789
63 34 0.002533230755005796
223 34   0.2133344877017128
232 34   0.1666153112840844
233 34   0.2185444535535291
234 34   0.1640669715924203
250 34    0.178390767283661
251 34   0.1659871703514963
16 35  0.01480872384886887
19 35  -0.1246000000000001
25 35 -0.08771696699032307
28 35 0.0002666666666666667
34 35 -0.07680267273730196
35 35    1.121898846831023
38 35 0.0002666666666666666
39 35 0.0004000000000000001
49 35 -0.01346162293282355
63 35  -0.1197943270605129
64 35 0.0004150268878794798
233 35   0.3274798946286554
243 35   0.2984968592346889
251 35   0.1893140527165756
252 35   0.2180723585162979
17 36 -0.02005131768215914
36 36   0.1673833694901174
37 36 -0.06115701143041569
61 36 -0.06002730355897888
65 36 -0.02076666666666667
66 36 0.0001333333333333333
234 36  0.01033544565337292
17 37 0.0007120899193330983
18 37 -0.06181237200169459
34 37 0.001294674819800156
36 37 -0.06115701143041569
37 37   0.3776912443897454
38 37 -0.06229999999999997
61 37 0.004350966017058551
62 37  -0.1234023180640499
66 37 -0.06230000000000002
67 37 0.0001333333333333333
234 37  0.02756667222566609
18 38 0.0001333333333333333
19 38 -0.06230000000000002
34 38 0.0003999999999999999
35 38 0.0002666666666666666
37 38 -0.06229999999999997
38 38               0.3766
39 38 -0.06229999999999995
62 38 0.0002666666666666666
63 38  -0.1246000000000001
67 38 -0.06230000000000002
68 38 0.0001333333333333333
19 39 0.0001333333333333333
28 39 -0.06230000000000003
35 39 0.0004000000000000001
38 39 -0.06229999999999995
39 39               0.3766
49 39 0.0002666666666666666
53 39              -0.0623
63 39 0.0002666666666666667
64 39              -0.1246
68 39 -0.06230000000000003
69 39 0.0001333333333333333
20 40 -0.02076666666666667
23 40 0.0001333333333333334
26 40 -0.06230000000000001
40 40               0.1672
46 40 -0.06230000000000002
50 40 0.0001333333333333333
70 40 -0.02076666666666667
21 41 -0.06230000000000001
24 41 0.0002666666666666668
29 41 -0.06230000000000003
41 41   0.3766000000000002
42 41 0.0004000000000000002
43 41 0.0001333333333333334
47 41  -0.1246000000000001
54 41 0.0001333333333333334
71 41 -0.06230000000000004
72 41 0.0002666666666666668
73 41 -0.06230000000000003
21 42 0.0002666666666666667
22 42  -0.1246000000000001
24 42  -0.1225267304748992
25 42 0.002966142616018083
41 42 0.0004000000000000002
42 42    1.096560556482709
43 42  -0.1246000000000001
44 42 6.112018900535099e-05
45 42   0.2057556611559014
47 42 0.003462439555696551
72 42 -0.009527197598505802
73 42 0.0002666666666666668
74 42 0.008662381853251744
243 42   0.2030800745880352
260 42   0.2878002347816382
21 43 -0.06230000000000002
22 43 0.0002666666666666667
23 43 -0.06230000000000006
41 43 0.0001333333333333334
42 43  -0.1246000000000001
43 43   0.3766000000000002
44 43 0.0004000000000000001
46 43 0.0001333333333333334
73 43 -0.06230000000000001
74 43 0.0002666666666666668
76 43 -0.06230000000000001
22 44              -0.1246
23 44 0.0002666666666666667
26 44  -0.1246000000000001
27 44 0.0002666666666666667
42 44 6.112018900535093e-05
43 44 0.0004000000000000001
44 44   0.7947496195725466
45 44 -0.01479907880593632
46 44              -0.1246
50 44 0.0002666666666666666
51 44 0.0003999999999999999
74 44  0.01919665518734262
76 44 0.0002666666666666667
77 44   -0.124368101263729
78 44  0.03977955614274362
22 45 0.0002666666666666667
25 45 -0.07413326612192006
27 45  -0.1246000000000001
28 45 0.005177866755279881
42 45   0.2057556611559015
44 45 -0.01479907880593631
45 45    3.152013578293242
49 45   0.4149557860705502
51 45 0.0002666666666666666
52 45  0.01328663000523274
74 45   0.4690638255605144
78 45   0.1602320621532121
79 45    0.223503302143534
243 45   0.4923728696828708
260 45   0.1807557221231813
23 46 -0.06229999999999999
26 46 0.0002666666666666667
40 46 -0.06230000000000002
43 46 0.0001333333333333334
44 46              -0.1246
46 46   0.3766000000000001
50 46 0.0003999999999999999
70 46 0.0001333333333333333
76 46 -0.06230000000000002
77 46 0.0002666666666666666
80 46 -0.06230000000000001
24 47  0.01487937600438102
29 47 0.004852017797843806
41 47  -0.1246000000000001
42 47 0.003462439555696551
47 47    1.713691585673193
54 47 0.003620514680319694
55 47   0.1528062680716077
71 47 0.0002666666666666668
72 47 -0.09612120866973731
81 47  -0.1068087981778675
231 47   0.3758984349571629
233 47   0.3398085754438811
243 47   0.3628372944496728
249 47   0.5530796287540776
265 47   0.1809807515945518
32 48    416666.6666666669
48 48    3333334.333333336
57 48    833333.3333333338
60 48    1250000.000000001
75 48    416666.6666666672
82 48    1250000.000000001
83 48    833333.3333333344
25 49  0.08890737642227045
28 49  -0.1199361343782762
35 49 -0.01346162293282356
39 49 0.0002666666666666666
45 49   0.4149557860705502
49 49    2.815706608998549
52 49  0.01163407382412934
53 49 0.0003999999999999996
64 49   0.1013214884869513
79 49   0.1482401017950451
84 49   0.0912054024070016
243 49   0.3831762753195935
252 49   0.3923627703345939
260 49  0.01518271797509884
266 49   0.2076719647943343
26 50 -0.06230000000000002
40 50 0.0001333333333333333
44 50 0.0002666666666666666
46 50 0.0003999999999999999
50 50               0.3766
51 50 -0.06229999999999997
70 50 -0.06229999999999997
77 50              -0.1246
80 50 0.0002666666666666666
85 50 -0.06230000000000002
86 50 0.0001333333333333333
26 51 0.0001333333333333333
27 51 -0.06230000000000002
44 51 0.0003999999999999999
45 51 0.0002666666666666666
50 51 -0.06229999999999997
51 51               0.3766
52 51 -0.06229999999999995
77 51 0.0002666666666666666
78 51  -0.1246000000000001
86 51 -0.06230000000000002
87 51 0.0001333333333333333
27 52 0.0001333333333333333
28 52 -0.06213267105338649
45 52  0.01328663000523274
49 52  0.01163407382412934
51 52 -0.06229999999999995
52 52   0.3769895972870859
53 52 -0.06230000000000001
78 52 0.0002666666666666667
79 52  -0.1228403321504719
87 52 -0.06230000000000003
88 52 0.0001333333333333333
28 53 0.0001333333333333333
39 53              -0.0623
49 53 0.0003999999999999996
52 53 -0.06230000000000001
53 53   0.3765999999999999
64 53 0.0002666666666666665
69 53 -0.06230000000000001
79 53 0.0002666666666666665
84 53              -0.1246
88 53              -0.0623
89 53 0.0001333333333333333
29 54 -0.03965230223578915
41 54 0.0001333333333333334
47 54 0.003620514680319694
54 54   0.2118287714003538
55 54 -0.05607130200154087
71 54 -0.06230000000000003
81 54 0.0002666666666666667
90 54 -0.04153333333333335
231 54   0.0261644667442837
47 55   0.1528062680716077
54 55 -0.05607130200154087
55 55    1.208335862035062
81 55  -0.1060822789178125
90 55 0.0001333333333333334
91 55 -0.05608506341921347
93 55  0.07670066496874593
231 55   0.2315857646851617
248 55  0.02084652488650402
249 55   0.4797424690969251
269 55   0.2292922525974651
30 56    833333.3333333337
31 56    1250000.000000001
32 56    1666666.666666668
56 56    8333334.333333339
57 56    1666666.666666668
58 56    833333.3333333338
59 56    2500000.000000002
92 56    833333.3333333337
94 56    1250000.000000001
95 56    1666666.666666668
30 57    416666.6666666669
32 57    1666666.666666668
48 57    833333.3333333338
56 57    1666666.666666668
57 57    8333334.333333339
59 57    1666666.666666668
60 57    2500000.000000002
82 57    833333.3333333338
92 57    416666.6666666669
95 57    1666666.666666668
96 57    833333.3333333338
31 58    416666.6666666669
56 58    833333.3333333338
58 58    1666667.666666668
59 58     833333.333333334
94 58    416666.6666666669
31 59    833333.3333333338
32 59    1250000.000000001
56 59    2500000.000000002
57 59    1666666.666666668
58 59     833333.333333334
59 59    6666667.666666671
60 59     833333.333333334
94 59    833333.3333333338
95 59    1250000.000000001
32 60    833333.3333333338
48 60    1250000.000000001
57 60    2500000.000000002
59 60     833333.333333334
60 60    6666667.666666671
82 60    1666666.666666668
83 60    833333.3333333342
95 60    833333.3333333338
96 60    1250000.000000001
36 61 -0.06002730355897888
37 61 0.004350966017058551
61 61   0.6555445145477059
62 61 -0.000739822816379708
65 61 0.0001333333333333333
66 61 0.0003999999999999999
101 61 -0.05999086775667757
102 61 0.002862586746586432
234 61  0.09007905538585458
250 61   0.0890685650362158
274 61  0.08611050641595359
34 62 -0.02111361475596789
37 62  -0.1234023180640499
38 62 0.0002666666666666666
61 62 -0.000739822816379708
62 62    1.072211134458941
63 62  -0.1227098984703949
66 62 0.0002666666666666666
67 62 0.0003999999999999999
98 62 -0.03320305662326189
102 62  -0.1231975055379299
103 62 0.0002666666666666666
234 62   0.1375993709944225
250 62   0.3160301687122811
251 62     0.15018419342963
274 62   0.1624545616488138
34 63 0.002533230755005796
35 63  -0.1197943270605129
38 63  -0.1246000000000001
39 63 0.0002666666666666667
62 63  -0.1227098984703949
63 63   0.7590018074030652
64 63  -0.1243871488943795
67 63 0.0002666666666666666
68 63 0.0004000000000000001
98 63 0.003638680685201043
99 63  -0.1200842314625993
103 63  -0.1246000000000001
104 63 0.0002666666666666667
251 63  0.06369639508040412
252 63  0.03489397173198466
35 64 0.0004150268878794797
39 64              -0.1246
49 64   0.1013214884869513
53 64 0.0002666666666666665
63 64  -0.1243871488943795
64 64    1.144219151029594
68 64 0.0002666666666666666
69 64 0.0003999999999999996
84 64 -0.06550555970484623
99 64  0.00304114692637608
100 64  0.06972482603032407
104 64              -0.1246
105 64 0.0002666666666666665
252 64   0.2680345600686677
266 64   0.3270381329516319
36 65 -0.02076666666666667
61 65 0.0001333333333333333
65 65  0.08359999999999997
66 65 -0.04153333333333331
101 65 -0.02076666666666667
36 66 0.0001333333333333333
37 66 -0.06230000000000002
61 66 0.0003999999999999999
62 66 0.0002666666666666666
65 66 -0.04153333333333331
66 66   0.2093999999999999
67 66 -0.04153333333333331
101 66 0.0001333333333333333
102 66 -0.06230000000000002
37 67 0.0001333333333333333
38 67 -0.06230000000000002
62 67 0.0003999999999999999
63 67 0.0002666666666666666
66 67 -0.04153333333333331
67 67   0.2093999999999999
68 67  -0.0415333333333333
102 67 0.0001333333333333333
103 67 -0.06230000000000002
38 68 0.0001333333333333333
39 68 -0.06230000000000003
63 68 0.0004000000000000001
64 68 0.0002666666666666666
67 68  -0.0415333333333333
68 68               0.2094
69 68 -0.04153333333333333
103 68 0.0001333333333333334
104 68 -0.06230000000000003
39 69 0.0001333333333333333
53 69 -0.06230000000000001
64 69 0.0003999999999999996
68 69 -0.04153333333333333
69 69   0.2093999999999999
84 69 0.0002666666666666665
89 69 -0.04153333333333333
104 69 0.0001333333333333333
105 69              -0.0623
40 70 -0.02076666666666667
46 70 0.0001333333333333333
50 70 -0.06229999999999997
70 70               0.1672
80 70 -0.06230000000000001
85 70 0.0001333333333333333
106 70 -0.02076666666666667
41 71 -0.06230000000000004
47 71 0.0002666666666666668
54 71 -0.06230000000000003
71 71   0.3766000000000002
72 71 0.0004000000000000001
73 71 0.0001333333333333334
81 71  -0.1246000000000001
90 71 0.0001333333333333334
107 71 -0.06230000000000004
108 71 0.0002666666666666667
109 71 -0.06230000000000003
41 72 0.0002666666666666668
42 72 -0.009527197598505795
47 72 -0.09612120866973731
71 72 0.0004000000000000001
72 72    1.440441024141876
73 72   -0.124592000402842
74 72   0.1371788768748704
81 72 0.0005736110293591604
108 72 -0.07902215519379666
109 72 0.0002666666666666668
110 72   0.0851473332416707
243 72   0.2232606738555832
260 72   0.3483868830834805
265 72   0.1803010851283568
282 72   0.2024855738441844
41 73 -0.06230000000000003
42 73 0.0002666666666666668
43 73 -0.06230000000000001
71 73 0.0001333333333333334
72 73   -0.124592000402842
73 73   0.3765397280046234
74 73 -0.001256574694025939
76 73 0.0001333333333333334
109 73 -0.06230000000000004
110 73 -0.001312679242370432
112 73 -0.06233231777605869
42 74 0.008662381853251744
43 74 0.0002666666666666668
44 74  0.01919665518734262
45 74   0.4690638255605144
72 74   0.1371788768748704
73 74 -0.001256574694025939
74 74    3.113841703175068
76 74              -0.1246
77 74  0.00742561002753445
78 74   0.4265431559965303
110 74   0.3672796248527358
112 74  0.01138054660888035
113 74   0.2397059752294861
260 74    0.299351058854141
285 74   0.1712314064000693
48 75    416666.6666666672
75 75    3333334.333333336
82 75    833333.3333333344
83 75    1250000.000000001
111 75    1250000.000000001
114 75    416666.6666666669
115 75    833333.3333333338
43 76 -0.06230000000000001
44 76 0.0002666666666666667
46 76 -0.06230000000000002
73 76 0.0001333333333333334
74 76              -0.1246
76 76   0.3766000000000001
77 76 0.0003999999999999999
80 76 0.0001333333333333333
112 76 -0.06230000000000001
113 76 0.0002666666666666667
116 76 -0.06230000000000002
44 77   -0.124368101263729
46 77 0.0002666666666666666
50 77              -0.1246
51 77 0.0002666666666666666
74 77  0.00742561002753445
76 77 0.0003999999999999999
77 77   0.7532653867145349
78 77  -0.1226735302333149
80 77  -0.1245999999999999
85 77               0.0336
86 77  0.06706666666666668
113 77  -0.1243691116917628
116 77 0.0002666666666666666
117 77 -0.05793333333333336
118 77               0.0336
44 78  0.03977955614274362
45 78   0.1602320621532121
51 78  -0.1246000000000001
52 78 0.0002666666666666667
74 78   0.4265431559965303
77 78  -0.1226735302333149
78 78    1.471519098484475
79 78  0.03877408146962354
86 78  0.03360000000000001
87 78  0.06706666666666668
113 78  0.07098890374867943
118 78 -0.05729390511443377
119 78  0.03466168536822127
260 78   0.2446958166723603
285 78   0.2077235784693481
45 79    0.223503302143534
49 79   0.1482401017950451
52 79  -0.1228403321504719
53 79 0.0002666666666666665
78 79  0.03877408146962354
79 79    1.683636233303454
84 79 -0.04257867910713198
87 79  0.03359999999999999
88 79  0.06706666666666665
119 79 -0.04695109349115886
120 79  0.03371285192966294
260 79   0.2233787996302185
266 79   0.1973710151775354
285 79    0.245050858725466
286 79   0.1504484312688566
46 80 -0.06230000000000001
50 80 0.0002666666666666666
70 80 -0.06230000000000001
76 80 0.0001333333333333333
77 80  -0.1245999999999999
80 80               0.3766
85 80  0.06706666666666668
106 80  0.03346666666666667
116 80 -0.06230000000000001
117 80               0.0336
121 80 0.004366666666666658
47 81  -0.1068087981778675
54 81 0.0002666666666666667
55 81  -0.1060822789178125
71 81  -0.1246000000000001
72 81 0.0005736110293591604
81 81   0.7710848645935782
90 81 0.0004000000000000001
91 81 0.0002666666666666667
93 81  -0.1072301916927804
107 81 0.0002666666666666668
108 81  -0.1242585574690349
122 81  -0.1246000000000001
123 81 0.0002560336325948954
249 81   0.1270897062094102
265 81  0.03433842340704533
48 82    1250000.000000001
57 82    833333.3333333338
60 82    1666666.666666668
75 82    833333.3333333344
82 82    6666667.666666673
83 82    2500000.000000003
96 82    1250000.000000001
111 82    833333.3333333344
124 82    833333.3333333343
48 83    833333.3333333344
60 83    833333.3333333342
75 83    1250000.000000001
82 83    2500000.000000003
83 83    6666667.666666673
96 83    833333.3333333344
111 83    1666666.666666668
115 83    833333.3333333338
124 83    1250000.000000001
49 84   0.0912054024070016
53 84              -0.1246
64 84 -0.06550555970484623
69 84 0.0002666666666666665
79 84 -0.04257867910713199
84 84   0.9814260016757377
88 84  0.03359999999999999
89 84  0.06706666666666665
100 84   0.1058257524284251
105 84              -0.1246
120 84 -0.05779786586589942
125 84 -0.05243046367771735
126 84  0.03359999999999998
266 84   0.3144558237717728
286 84   0.1312646504946903
50 85 -0.06230000000000002
70 85 0.0001333333333333333
77 85               0.0336
80 85  0.06706666666666668
85 85    2.219313888414969
86 85   0.3052497456099562
106 85   0.3052497456099562
117 85   0.5625405319308613
121 85   0.5916405319308613
50 86 0.0001333333333333333
51 86 -0.06230000000000002
77 86  0.06706666666666668
78 86  0.03360000000000001
85 86   0.3052497456099562
86 86    2.219313888414969
87 86   0.3052497456099564
117 86   0.5916405319308613
118 86   0.5625405319308614
51 87 0.0001333333333333333
52 87 -0.06230000000000003
78 87  0.06706666666666668
79 87  0.03359999999999999
86 87   0.3052497456099563
87 87    2.219313888414969
88 87   0.3052497456099561
118 87   0.5916405319308614
119 87   0.5625405319308614
52 88 0.0001333333333333333
53 88              -0.0623
79 88  0.06706666666666665
84 88  0.03359999999999999
87 88   0.3052497456099561
88 88    2.219313888414969
89 88   0.3052497456099561
119 88   0.5916405319308613
120 88   0.5625405319308613
53 89 0.0001333333333333333
69 89 -0.04153333333333333
84 89  0.06706666666666665
88 89   0.3052497456099561
89 89     1.44214773052839
105 89 0.0001333333333333333
120 89   0.5916405319308613
126 89   0.2698574529875719
54 90 -0.04153333333333335
55 90 0.0001333333333333334
71 90 0.0001333333333333334
81 90 0.0004000000000000001
90 90   0.1258000000000001
91 90 -0.04153333333333335
107 90 -0.04153333333333335
122 90 0.0001333333333333334
55 91 -0.05608506341921347
81 91 0.0002666666666666667
90 91 -0.04153333333333335
91 91    0.211849658355012
93 91  0.00363789867855021
122 91 -0.06230000000000003
127 91 -0.03962974233360107
128 91 0.0001333333333333334
269 91  0.02626067788970284
56 92    833333.3333333337
57 92    416666.6666666669
92 92    2500001.000000001
94 92    833333.3333333338
95 92              1250000
129 92    416666.6666666669
55 93  0.07670066496874592
81 93  -0.1072301916927804
91 93  0.00363789867855021
93 93    1.587938442284262
122 93 0.0002666666666666668
123 93 -0.09343589140073436
127 93 0.009357232516487676
128 93  -0.1246000000000001
130 93   0.0134156490847304
131 93 0.001435235031357081
249 93   0.4119171515870362
265 93   0.2151954495479713
269 93   0.3489854033830046
272 93   0.3248642555976661
273 93   0.3372155889568273
56 94    1250000.000000001
58 94     416666.666666667
59 94    833333.3333333338
92 94    833333.3333333338
94 94    3333334.333333335
95 94    1250000.000000001
129 94    416666.6666666669
56 95    1666666.666666668
57 95    1666666.666666668
59 95    1250000.000000001
60 95    833333.3333333338
92 95              1250000
94 95    1250000.000000001
95 95    5833334.333333337
96 95     416666.666666667
129 95    416666.6666666669
57 96    833333.3333333338
60 96    1250000.000000001
82 96    1250000.000000001
83 96    833333.3333333344
95 96    416666.6666666669
96 96    3333334.333333336
124 96    416666.6666666672
97 97                    1
62 98  -0.0332030566232619
63 98 0.003638680685201043
98 98    1.715927204329827
99 98 -0.07602412559553334
102 98 0.001264210800703282
103 98 0.0003999999999999999
133 98  0.05332068561502202
137 98  -0.1057388980480591
138 98 0.0002666666666666667
250 98   0.1334735966654086
251 98   0.1782905423635435
271 98   0.1632866182940433
272 98   0.2157770667174209
274 98   0.1703338943019696
297 98   0.2671273869385595
63 99  -0.1200842314625993
64 99  0.00304114692637608
98 99 -0.07602412559553334
99 99     1.12513649474841
100 99 -0.005685403783876997
103 99 0.0002666666666666666
104 99 0.0004000000000000001
133 99  0.01785353013663411
134 99 -0.09156025816351847
138 99  -0.1246000000000001
139 99 0.0002666666666666667
251 99   0.1525300719414249
252 99   0.2395550682714891
272 99   0.3491477934015145
273 99   0.3073318275651876
64 100  0.06972482603032407
84 100   0.1058257524284251
99 100 -0.005685403783876997
100 100    2.800469065595054
104 100 0.0002666666666666666
105 100 0.0003999999999999996
125 100   0.1378329531666765
134 100   0.1652712251607378
135 100   0.3886642152858937
139 100  -0.1206141413436494
140 100 0.005012351156903174
252 100    0.329404453764534
266 100   0.1819816623395014
273 100   0.3634707714822146
291 100  0.01567946031239617
61 101 -0.05999086775667757
65 101 -0.02076666666666667
66 101 0.0001333333333333333
101 101   0.1673939287549284
102 101  -0.0611904543771962
136 101 -0.02005354789954045
274 101  0.01039251949690295
61 102 0.002862586746586432
62 102  -0.1231975055379299
66 102 -0.06230000000000002
67 102 0.0001333333333333333
98 102 0.001264210800703282
101 102  -0.0611904543771962
102 102   0.3773329226930561
103 102 -0.06229999999999997
136 102 0.001015182672396267
137 102 -0.06191962367461346
274 102  0.02543205732009749
62 103 0.0002666666666666666
63 103  -0.1246000000000001
67 103 -0.06230000000000002
68 103 0.0001333333333333334
98 103 0.0003999999999999999
99 103 0.0002666666666666666
102 103 -0.06229999999999997
103 103   0.3765999999999999
104 103 -0.06229999999999995
137 103 0.0001333333333333333
138 103 -0.06230000000000002
63 104 0.0002666666666666667
64 104              -0.1246
68 104 -0.06230000000000003
69 104 0.0001333333333333333
99 104 0.0004000000000000001
100 104 0.0002666666666666666
103 104 -0.06229999999999995
104 104               0.3766
105 104              -0.0623
138 104 0.0001333333333333334
139 104 -0.06230000000000003
64 105 0.0002666666666666665
69 105              -0.0623
84 105              -0.1246
89 105 0.0001333333333333333
100 105 0.0003999999999999996
104 105              -0.0623
105 105   0.3765999999999999
125 105 0.0002666666666666665
126 105              -0.0623
139 105 0.0001333333333333333
140 105              -0.0623
70 106 -0.02076666666666667
80 106  0.03346666666666667
85 106   0.3052497456099562
106 106   0.7771661578865792
121 106   0.2926830789432895
71 107 -0.06230000000000004
81 107 0.0002666666666666668
90 107 -0.04153333333333335
107 107   0.2094000000000001
108 107 0.0004000000000000001
109 107 0.0001333333333333334
122 107 -0.06230000000000003
141 107 -0.04153333333333335
142 107 0.0001333333333333334
71 108 0.0002666666666666667
72 108 -0.07902215519379666
81 108  -0.1242585574690349
107 108 0.0004000000000000001
108 108   0.8299166418114383
109 108  -0.1246000000000001
110 108  0.03375523276677168
122 108 0.0002666666666666667
123 108 -0.07159636898598166
141 108 0.0002666666666666668
142 108  -0.1246000000000001
143 108 -0.09920203039603141
144 108  0.02021184978485607
265 108  0.07876685719741419
282 108   0.2620686647352388
71 109 -0.06230000000000003
72 109 0.0002666666666666668
73 109 -0.06230000000000004
107 109 0.0001333333333333334
108 109  -0.1246000000000001
109 109   0.3766000000000003
110 109 0.0004000000000000002
112 109 0.0001333333333333334
141 109 -0.06230000000000004
143 109 0.0002666666666666668
145 109 -0.06230000000000001
72 110   0.0851473332416707
73 110 -0.001312679242370432
74 110   0.3672796248527359
108 110  0.03375523276677168
109 110 0.0004000000000000002
110 110    2.854129565263407
112 110  -0.1119346238988551
113 110   0.3185769581850947
143 110   0.1632839359799123
145 110 0.0002666666666666667
146 110   0.2435293633829536
260 110   0.1770754227726357
282 110   0.2375115894229451
285 110   0.1859858038963019
308 110   0.1967493831294532
75 111    1250000.000000001
82 111    833333.3333333344
83 111    1666666.666666668
111 111    6666667.666666672
114 111    833333.3333333337
115 111    2500000.000000001
124 111    1250000.000000001
147 111    833333.3333333337
148 111    833333.3333333338
73 112 -0.06233231777605869
74 112  0.01138054660888035
76 112 -0.06230000000000001
109 112 0.0001333333333333334
110 112  -0.1119346238988551
112 112   0.3768706023821627
113 112 0.001221833304491684
116 112 0.0001333333333333334
145 112 -0.06230000000000002
146 112 0.0002666666666666667
149 112 -0.06230000000000005
74 113   0.2397059752294861
76 113 0.0002666666666666667
77 113  -0.1243691116917628
78 113  0.07098890374867943
110 113   0.3185769581850947
112 113 0.001221833304491684
113 113    1.146481792469318
116 113              -0.1246
117 113               0.0336
118 113   0.0674918495424955
146 113  -0.0561426181178338
149 113 0.0002666666666666668
150 113 -0.05793333333333341
151 113  0.03527607541104839
285 113   0.2951638231637677
75 114    416666.6666666669
111 114    833333.3333333337
114 114    1666667.666666667
115 114    833333.3333333338
118 114  0.03333333333333335
119 114  0.06666666666666668
147 114    416666.6666666669
151 114  0.06666666666666668
152 114  0.03333333333333334
75 115    833333.3333333338
83 115    833333.3333333338
111 115    2500000.000000001
114 115    833333.3333333338
115 115    5000001.000000003
119 115  0.03333333333333333
120 115  0.06666666666666665
124 115    833333.3333333338
147 115    833333.3333333338
148 115    833333.3333333338
152 115  0.06666666666666665
153 115  0.03333333333333332
76 116 -0.06230000000000002
77 116 0.0002666666666666666
80 116 -0.06230000000000001
112 116 0.0001333333333333334
113 116              -0.1246
116 116               0.3766
117 116  0.06706666666666668
121 116  0.03346666666666667
149 116 -0.06229999999999999
150 116               0.0336
154 116 0.004366666666666644
77 117 -0.05793333333333336
80 117               0.0336
85 117   0.5625405319308613
86 117   0.5916405319308613
113 117               0.0336
116 117  0.06706666666666668
117 117    4.192309858251836
118 117   0.5625405319308614
121 117   0.5625405319308614
150 117   0.5625405319308613
154 117   0.5916405319308613
77 118               0.0336
78 118 -0.05729390511443377
86 118   0.5625405319308614
87 118   0.5916405319308615
113 118   0.0674918495424955
114 118  0.03333333333333335
117 118   0.5625405319308614
118 118    4.192508510371302
119 118   0.5626811866265297
150 118   0.5916405319308613
151 118   0.5626665969123873
285 118 0.009607190004163373
78 119  0.03466168536822127
79 119 -0.04695109349115886
87 119   0.5625405319308613
88 119   0.5916405319308613
114 119  0.06666666666666668
115 119  0.03333333333333333
118 119   0.5626811866265296
119 119    4.199614750098635
120 119   0.5626022665066445
151 119   0.5917884955532762
152 119    0.565319315171867
285 119  0.05978417626901661
286 119   0.0477539770253723
79 120  0.03371285192966294
84 120 -0.05779786586589942
88 120   0.5625405319308613
89 120   0.5916405319308613
115 120  0.06666666666666665
119 120   0.5626022665066445
120 120    4.192278674717919
125 120  0.03381098602765915
126 120   0.5625405319308614
152 120    0.591679132848474
153 120   0.5625807531764632
286 120 0.004113778135698264
80 121 0.004366666666666658
85 121   0.5916405319308613
106 121   0.2926830789432895
116 121  0.03346666666666667
117 121   0.5625405319308614
121 121    2.043780555081635
154 121   0.2926830789432895
81 122  -0.1246000000000001
90 122 0.0001333333333333334
91 122 -0.06230000000000003
93 122 0.0002666666666666668
107 122 -0.06230000000000003
108 122 0.0002666666666666667
122 122   0.3766000000000002
123 122 0.0004000000000000001
128 122 -0.06230000000000003
142 122 -0.06230000000000003
155 122 0.0001333333333333334
81 123 0.0002560336325948953
93 123 -0.09343589140073434
108 123 -0.07159636898598168
122 123 0.0004000000000000001
123 123    1.564704362873095
128 123 0.0002666666666666668
131 123  0.00468096994960103
142 123 0.0002666666666666668
144 123   0.1065105378138803
155 123   -0.124593770025341
156 123   0.1376152126490972
265 123   0.1822423690721326
273 123   0.2400034256447692
282 123   0.2873260260069045
291 123   0.3820278393689091
82 124    833333.3333333343
83 124    1250000.000000001
96 124    416666.6666666672
111 124    1250000.000000001
115 124    833333.3333333338
124 124    3333334.333333336
148 124    416666.6666666669
84 125 -0.05243046367771735
100 125   0.1378329531666765
105 125 0.0002666666666666665
120 125  0.03381098602765915
125 125    1.630355776811508
126 125  0.06706666666666665
135 125   0.2520353651391316
140 125  -0.1234243032378311
153 125 -0.04713389982364373
157 125  0.01542927675383148
158 125  0.03359999999999998
266 125   0.1494400603878977
286 125   0.1634073274969723
291 125   0.2113661774532604
309 125   0.2447057819991165
84 126  0.03359999999999998
89 126   0.2698574529875719
105 126              -0.0623
120 126   0.5625405319308614
125 126  0.06706666666666665
126 126      2.1485293031702
140 126 0.0001333333333333333
153 126   0.5916405319308613
158 126   0.2698574529875719
91 127 -0.03962974233360107
93 127 0.009357232516487676
127 127   0.2756259582076137
128 127 -0.06230000000000003
130 127  0.04260814173205679
159 127 -0.03614903647715567
160 127 0.0001333333333333334
269 127  0.09099314780629683
294 127  0.09893562129366526
91 128 0.0001333333333333334
93 128  -0.1246000000000001
122 128 -0.06230000000000003
123 128 0.0002666666666666668
127 128 -0.06230000000000003
128 128   0.3766000000000002
130 128 0.0002666666666666668
131 128 0.0004000000000000002
155 128 -0.06230000000000003
160 128 -0.06230000000000001
161 128 0.0001333333333333334
92 129    416666.6666666669
94 129    416666.6666666669
95 129    416666.6666666669
129 129    833334.3333333338
93 130   0.0134156490847304
127 130  0.04260814173205679
128 130 0.0002666666666666668
130 130    1.347649147663704
131 130   -0.122292483151351
133 130   0.1227100734416149
134 130  0.01887700780029338
159 130 0.008566480655202923
160 130              -0.1246
163 130  -0.1179237974435838
164 130 0.0002666666666666667
269 130   0.3132141688700177
272 130   0.4544950716749673
273 130   0.1678207916392453
294 130   0.3586865186417539
93 131 0.001435235031357081
123 131 0.004680969949601044
128 131 0.0004000000000000002
130 131   -0.122292483151351
131 131    1.175397866625318
134 131 0.002819898023748864
135 131   0.2337326616456538
155 131 0.0002666666666666668
156 131  0.03278566785589133
160 131 0.0002666666666666667
161 131  -0.1246000000000001
164 131  -0.1246000000000001
165 131 -0.0003549850959250313
273 131   0.1843854788415051
291 131    0.371652991488743
132 132                    1
98 133  0.05332068561502203
99 133  0.01785353013663411
130 133   0.1227100734416149
133 133    1.635086157690227
134 133  -0.1143673636572668
137 133 0.003158288491128721
138 133 0.0004000000000000001
162 133    0.150900854123406
163 133  -0.1133476935151202
167 133  -0.1215084774125007
168 133 0.0002666666666666667
271 133   0.1513630274478993
272 133   0.3152226860534461
294 133   0.4415251143988252
297 133   0.2398861255895337
99 134 -0.09156025816351847
100 134   0.1652712251607378
130 134  0.01887700780029338
131 134 0.002819898023748864
133 134  -0.1143673636572668
134 134   0.8429552881694393
135 134 -0.02494449635035579
138 134 0.0002666666666666668
139 134 0.0003296654312912485
163 134 0.0002666666666666667
164 134              -0.1246
168 134  -0.1246000000000001
169 134 0.0002666666666666668
272 134   0.1266317601274627
273 134   0.1985875581189114
100 135   0.3886642152858937
125 135   0.2520353651391316
131 135   0.2337326616456538
134 135 -0.02494449635035579
135 135    3.047063244398281
139 135  0.00456178266492807
140 135 0.006190426720394427
156 135   0.4543334593471976
157 135   0.1518013463551251
164 135 0.0002666666666666667
165 135 -0.02163217527404977
169 135  -0.1246000000000001
170 135 0.0002666666666666666
273 135   0.3694545887524716
291 135   0.2147111900658998
101 136 -0.02005354789954045
102 136 0.001015182672396267
136 136   0.1911457160275528
137 136 -0.04941677811535516
166 136 -0.01809282930982725
274 136 0.003448733083871077
297 136  0.05478408035346234
98 137  -0.1057388980480591
102 137 -0.06191962367461346
103 137 0.0001333333333333333
133 137 0.003158288491128721
