%%MatrixMarket matrix coordinate real general
304 304 3392
1 1 0.007199999999999999
2 1              -0.0023
3 1 0.0001333333333333333
4 1 -0.0007666666666666666
5 1 -0.002300000000000001
6 1 -0.0007666666666666666
7 1 0.0001333333333333333
1 2              -0.0023
2 2  0.01659999999999999
3 2 0.0004000000000000001
4 2 0.0001333333333333333
5 2 0.0002666666666666667
7 2              -0.0023
8 2              -0.0023
9 2 0.0002666666666666667
10 2 -0.004600000000000001
11 2              -0.0023
12 2 0.0001333333333333333
1 3 0.0001333333333333333
2 3 0.0004000000000000001
3 3 0.009399999999999997
4 3 -0.001533333333333334
5 3              -0.0023
8 3 0.0001333333333333333
9 3              -0.0023
10 3 0.0002666666666666667
13 3 -0.001533333333333334
1 4 -0.0007666666666666666
2 4 0.0001333333333333333
3 4 -0.001533333333333334
4 4 0.003599999999999999
8 4 -0.0007666666666666665
1 5 -0.002300000000000001
2 5 0.0002666666666666667
3 5              -0.0023
5 5               0.0166
6 5 0.0001333333333333333
7 5 0.0004000000000000001
10 5 -0.004599999999999999
13 5 0.0001333333333333333
14 5 -0.002300000000000001
15 5              -0.0023
16 5 0.0002666666666666667
1 6 -0.0007666666666666666
5 6 0.0001333333333333333
6 6               0.0072
7 6              -0.0023
15 6 -0.002300000000000001
17 6 -0.0007666666666666663
18 6 0.0001333333333333334
1 7 0.0001333333333333333
2 7              -0.0023
5 7 0.0004000000000000001
6 7              -0.0023
7 7               0.0166
10 7 0.0002666666666666667
12 7              -0.0023
15 7 0.0002666666666666667
16 7 -0.004600000000000002
18 7 -0.002299999999999999
19 7 0.0001333333333333334
2 8              -0.0023
3 8 0.0001333333333333333
4 8 -0.0007666666666666665
8 8 0.007199999999999998
9 8 -0.002300000000000001
11 8 0.0001333333333333333
20 8 -0.0007666666666666665
2 9 0.0002666666666666667
3 9              -0.0023
8 9 -0.002300000000000001
9 9               0.0166
10 9 -0.004599999999999999
11 9 0.0004000000000000001
13 9 0.0001333333333333333
20 9 0.0001333333333333333
21 9 -0.002300000000000001
22 9 0.0002666666666666667
23 9              -0.0023
2 10 -0.004600000000000001
3 10 0.0002666666666666667
5 10 -0.004599999999999999
7 10 0.0002666666666666667
9 10 -0.004599999999999999
10 10  0.03319999999999999
11 10 0.0002666666666666667
12 10 0.0004000000000000001
13 10 0.0004000000000000001
14 10 0.0002666666666666667
16 10 -0.004599999999999999
21 10 0.0002666666666666667
22 10 -0.004599999999999999
24 10 -0.004600000000000001
25 10 0.0002666666666666667
2 11              -0.0023
8 11 0.0001333333333333333
9 11 0.0004000000000000001
10 11 0.0002666666666666667
11 11  0.01659999999999999
12 11              -0.0023
20 11              -0.0023
22 11 -0.004600000000000002
23 11 0.0002666666666666667
26 11 -0.002299999999999999
27 11 0.0001333333333333334
2 12 0.0001333333333333333
7 12              -0.0023
10 12 0.0004000000000000001
11 12              -0.0023
12 12               0.0166
16 12 0.0002666666666666667
19 12 -0.002299999999999999
22 12 0.0002666666666666667
25 12 -0.004600000000000003
27 12 -0.002299999999999999
28 12 0.0001333333333333334
3 13 -0.001533333333333334
5 13 0.0001333333333333333
9 13 0.0001333333333333333
10 13 0.0004000000000000001
13 13 0.009399999999999997
14 13              -0.0023
21 13              -0.0023
24 13 0.0002666666666666667
29 13 -0.001533333333333333
5 14 -0.002300000000000001
10 14 0.0002666666666666667
13 14              -0.0023
14 14               0.0166
15 14 0.0001333333333333333
16 14 0.0004000000000000001
24 14 -0.004600000000000001
29 14 0.0001333333333333334
30 14 -0.002299999999999999
31 14              -0.0023
32 14 0.0002666666666666667
5 15              -0.0023
6 15 -0.002300000000000001
7 15 0.0002666666666666667
14 15 0.0001333333333333333
15 15               0.0166
16 15              -0.0046
17 15 0.0001333333333333334
18 15 0.0004000000000000001
31 15 -0.002300000000000001
33 15 -0.002299999999999999
34 15 0.0002666666666666668
5 16 0.0002666666666666667
7 16 -0.004600000000000002
10 16 -0.004599999999999999
12 16 0.0002666666666666667
14 16 0.0004000000000000001
15 16              -0.0046
16 16  0.03319999999999999
18 16 0.0002666666666666668
19 16 0.0004000000000000001
24 16 0.0002666666666666667
25 16              -0.0046
31 16 0.0002666666666666667
32 16 -0.004600000000000002
34 16 -0.004599999999999998
35 16 0.0002666666666666668
6 17 -0.0007666666666666663
15 17 0.0001333333333333334
17 17 0.007199999999999999
18 17              -0.0023
33 17              -0.0023
36 17 -0.0007666666666666665
37 17 0.0001333333333333333
6 18 0.0001333333333333334
7 18 -0.002299999999999999
15 18 0.0004000000000000001
16 18 0.0002666666666666668
17 18              -0.0023
18 18               0.0166
19 18              -0.0023
33 18 0.0002666666666666667
34 18 -0.004600000000000001
37 18 -0.002299999999999999
38 18 0.0001333333333333333
7 19 0.0001333333333333334
12 19 -0.002299999999999999
16 19 0.0004000000000000001
18 19              -0.0023
19 19               0.0166
25 19 0.0002666666666666668
28 19 -0.002299999999999999
34 19 0.0002666666666666667
35 19 -0.004600000000000002
38 19              -0.0023
39 19 0.0001333333333333333
8 20 -0.0007666666666666665
9 20 0.0001333333333333333
11 20              -0.0023
20 20 0.007199999999999999
23 20 -0.002300000000000001
26 20 0.0001333333333333334
40 20 -0.0007666666666666664
9 21 -0.002300000000000001
10 21 0.0002666666666666667
13 21              -0.0023
21 21               0.0166
22 21 0.0004000000000000001
23 21 0.0001333333333333333
24 21              -0.0046
29 21 0.0001333333333333334
41 21 -0.002299999999999999
42 21 0.0002666666666666667
43 21              -0.0023
9 22 0.0002666666666666667
10 22 -0.004599999999999999
11 22 -0.004600000000000002
12 22 0.0002666666666666667
21 22 0.0004000000000000001
22 22  0.03319999999999999
23 22 -0.004600000000000001
24 22 0.0002666666666666667
25 22 -0.004600000000000001
26 22 0.0002666666666666668
27 22 0.0004000000000000001
42 22 -0.004600000000000002
43 22 0.0002666666666666667
44 22 -0.004599999999999998
45 22 0.0002666666666666668
9 23              -0.0023
11 23 0.0002666666666666667
20 23 -0.002300000000000001
21 23 0.0001333333333333333
22 23 -0.004600000000000001
23 23               0.0166
26 23 0.0004000000000000001
40 23 0.0001333333333333334
43 23 -0.002300000000000001
44 23 0.0002666666666666668
46 23 -0.002299999999999999
10 24 -0.004600000000000001
13 24 0.0002666666666666667
14 24 -0.004600000000000001
16 24 0.0002666666666666667
21 24              -0.0046
22 24 0.0002666666666666667
24 24  0.03319999999999999
25 24 0.0004000000000000001
29 24 0.0004000000000000002
30 24 0.0002666666666666668
32 24              -0.0046
41 24 0.0002666666666666668
42 24 -0.004600000000000001
47 24 -0.004599999999999998
48 24 0.0002666666666666667
10 25 0.0002666666666666667
12 25 -0.004600000000000003
16 25              -0.0046
19 25 0.0002666666666666668
22 25 -0.004600000000000001
24 25 0.0004000000000000001
25 25  0.03319999999999999
27 25 0.0002666666666666668
28 25 0.0004000000000000002
32 25 0.0002666666666666667
35 25 -0.004599999999999998
42 25 0.0002666666666666667
45 25 -0.004599999999999998
48 25 -0.004600000000000003
49 25 0.0002666666666666668
11 26 -0.002299999999999999
20 26 0.0001333333333333334
22 26 0.0002666666666666668
23 26 0.0004000000000000001
26 26  0.01557568261379424
27 26 -0.002229024272265993
40 26 -0.002231248113727843
44 26 -0.004178972300733704
46 26 0.0002650759420069063
226 26 -0.001913936025060136
227 26 9.845576350469155e-05
11 27 0.0001333333333333334
12 27 -0.002299999999999999
22 27 0.0004000000000000001
25 27 0.0002666666666666668
26 27 -0.002229024272265993
27 27  0.01552741982628092
28 27 -0.002224557969659632
44 27 0.000264937860018102
45 27 -0.004158533042136995
227 27 -0.001896586585491813
228 27 9.695061274371315e-05
12 28 0.0001333333333333334
19 28 -0.002299999999999999
25 28 0.0004000000000000002
27 28 -0.002224557969659632
28 28  0.01544142280620284
35 28 0.0002666666666666667
39 28 -0.002217032334256172
45 28 0.0002646470333344424
49 28 -0.004122694408038389
228 28 -0.001865310016924824
229 28 9.444720271271307e-05
13 29 -0.001533333333333333
14 29 0.0001333333333333334
21 29 0.0001333333333333334
24 29 0.0004000000000000002
29 29 0.009400000000000002
30 29 -0.002300000000000001
41 29 -0.002300000000000001
47 29 0.0002666666666666668
54 29 -0.001533333333333334
14 30 -0.002299999999999999
24 30 0.0002666666666666668
29 30 -0.002300000000000001
30 30               0.0166
31 30 0.0001333333333333334
32 30 0.0004000000000000002
47 30 -0.004600000000000003
54 30 0.0001333333333333334
55 30 -0.002300000000000001
56 30 -0.002300000000000001
57 30 0.0002666666666666668
14 31              -0.0023
15 31 -0.002300000000000001
16 31 0.0002666666666666667
30 31 0.0001333333333333334
31 31               0.0166
32 31 -0.004600000000000002
33 31 0.0001333333333333334
34 31 0.0004000000000000001
56 31              -0.0023
58 31 -0.002299999999999999
59 31 0.0002666666666666668
14 32 0.0002666666666666667
16 32 -0.004600000000000002
24 32              -0.0046
25 32 0.0002666666666666667
30 32 0.0004000000000000002
31 32 -0.004600000000000002
32 32  0.03319999999999999
34 32 0.0002666666666666668
35 32 0.0004000000000000001
47 32 0.0002666666666666668
48 32 -0.004600000000000002
56 32 0.0002666666666666668
57 32 -0.004599999999999998
59 32 -0.004599999999999998
60 32 0.0002666666666666668
15 33 -0.002299999999999999
17 33              -0.0023
18 33 0.0002666666666666667
31 33 0.0001333333333333334
33 33  0.01659999999999999
34 33              -0.0046
36 33 0.0001333333333333333
37 33 0.0003999999999999999
58 33              -0.0023
61 33              -0.0023
62 33 0.0002666666666666666
15 34 0.0002666666666666668
16 34 -0.004599999999999998
18 34 -0.004600000000000001
19 34 0.0002666666666666667
31 34 0.0004000000000000001
32 34 0.0002666666666666668
33 34              -0.0046
34 34  0.03319999999999999
35 34              -0.0046
37 34 0.0002666666666666666
38 34 0.0003999999999999999
58 34 0.0002666666666666667
59 34 -0.004600000000000001
62 34 -0.004599999999999998
63 34 0.0002666666666666666
16 35 0.0002666666666666668
19 35 -0.004600000000000002
25 35 -0.004599999999999998
28 35 0.0002666666666666667
32 35 0.0004000000000000001
34 35              -0.0046
35 35  0.03319999999999999
38 35 0.0002666666666666666
39 35 0.0004000000000000001
48 35 0.0002666666666666668
49 35 -0.004599999999999997
59 35 0.0002666666666666667
60 35 -0.004600000000000002
63 35              -0.0046
64 35 0.0002666666666666667
17 36 -0.0007666666666666665
33 36 0.0001333333333333333
36 36 0.007199999999999998
37 36 -0.002299999999999999
61 36              -0.0023
65 36 -0.0007666666666666665
66 36 0.0001333333333333333
17 37 0.0001333333333333333
18 37 -0.002299999999999999
33 37 0.0003999999999999999
34 37 0.0002666666666666666
36 37 -0.002299999999999999
37 37  0.01659999999999999
38 37 -0.002299999999999999
61 37 0.0002666666666666666
62 37 -0.004599999999999999
66 37 -0.002299999999999999
67 37 0.0001333333333333333
18 38 0.0001333333333333333
19 38              -0.0023
34 38 0.0003999999999999999
35 38 0.0002666666666666666
37 38 -0.002299999999999999
38 38  0.01659999999999999
39 38 -0.002299999999999998
62 38 0.0002666666666666666
63 38              -0.0046
67 38              -0.0023
68 38 0.0001333333333333333
19 39 0.0001333333333333333
28 39 -0.002217032334256172
35 39 0.0004000000000000001
38 39 -0.002299999999999998
39 39  0.01530093495015759
49 39 0.0002640934142432295
63 39 0.0002666666666666667
64 39 -0.00406462240011557
68 39 -0.002204766906250148
229 39 -0.001814178066295583
232 39 9.059623908352283e-05
20 40 -0.0007666666666666664
23 40 0.0001333333333333334
26 40 -0.002231248113727843
40 40 0.006432423704035847
46 40 -0.001933674369765186
226 40 9.915224864522755e-05
233 40 -0.0004885685502097519
21 41 -0.002299999999999999
24 41 0.0002666666666666668
29 41 -0.002300000000000001
41 41               0.0166
42 41 0.0004000000000000002
43 41 0.0001333333333333334
47 41 -0.004600000000000002
54 41 0.0001333333333333334
71 41 -0.002300000000000001
72 41 0.0002666666666666668
73 41 -0.002300000000000001
21 42 0.0002666666666666667
22 42 -0.004600000000000002
24 42 -0.004600000000000001
25 42 0.0002666666666666667
41 42 0.0004000000000000002
42 42  0.03319999999999999
43 42 -0.004600000000000002
44 42 0.0002666666666666668
45 42 0.0004000000000000001
47 42 0.0002666666666666668
48 42 -0.004600000000000002
72 42 -0.004599999999999998
73 42 0.0002666666666666668
74 42 -0.004599999999999998
75 42 0.0002666666666666668
21 43              -0.0023
22 43 0.0002666666666666667
23 43 -0.002300000000000001
41 43 0.0001333333333333334
42 43 -0.004600000000000002
43 43               0.0166
44 43 0.0004000000000000001
46 43 0.0001333333333333334
73 43 -0.002299999999999999
74 43 0.0002666666666666668
76 43 -0.002299999999999999
22 44 -0.004599999999999998
23 44 0.0002666666666666668
26 44 -0.004178972300733704
27 44 0.000264937860018102
42 44 0.0002666666666666668
43 44 0.0004000000000000001
44 44  0.03137037206897002
45 44 -0.004418753236205411
46 44 -0.004444755073910173
74 44 -0.004584658400033293
76 44 0.000266666586247085
226 44 0.0002043702032806612
227 44 0.0003062234587217271
237 44 -0.003635630942528798
238 44 0.0002475921923778029
22 45 0.0002666666666666668
25 45 -0.004599999999999998
27 45 -0.004158533042136995
28 45 0.0002646470333344424
42 45 0.0004000000000000001
44 45 -0.004418753236205411
45 45  0.03104866655854439
48 45 0.0002666666666666668
49 45 -0.004362992326588621
74 45 0.0002666651567762195
75 45 -0.004550544043561263
227 45 0.0001976282464209552
228 45 0.0002906676998887947
238 45 -0.003479824946968786
239 45 0.0002351404939702778
23 46 -0.002299999999999999
26 46 0.0002650759420069063
40 46 -0.001933674369765186
43 46 0.0001333333333333334
44 46 -0.004444755073910173
46 46  0.01520443567721103
76 46 -0.002294460214850736
226 46 0.0003134933987778751
233 46 8.580411572630013e-05
237 46 0.0002527038198400666
240 46 -0.00150544318399296
24 47 -0.004599999999999998
29 47 0.0002666666666666668
30 47 -0.004600000000000003
32 47 0.0002666666666666668
41 47 -0.004600000000000002
42 47 0.0002666666666666668
47 47  0.03319999999999999
48 47 0.0004000000000000002
54 47 0.0004000000000000001
55 47 0.0002666666666666668
57 47 -0.004600000000000002
71 47 0.0002666666666666668
72 47 -0.004600000000000003
81 47 -0.004600000000000002
82 47 0.0002666666666666668
24 48 0.0002666666666666667
25 48 -0.004600000000000003
32 48 -0.004600000000000002
35 48 0.0002666666666666668
42 48 -0.004600000000000002
45 48 0.0002666666666666668
47 48 0.0004000000000000002
48 48  0.03319999999999999
49 48 0.0004000000000000002
57 48 0.0002666666666666668
60 48 -0.004599999999999999
72 48 0.0002666666666666668
75 48 -0.004599999999999999
82 48              -0.0046
83 48 0.0002666666666666668
25 49 0.0002666666666666668
28 49 -0.004122694408038389
35 49 -0.004599999999999997
39 49 0.0002640934142432295
45 49 -0.004362992326588621
48 49 0.0004000000000000002
49 49  0.03044068794647675
60 49 0.0002666666666666667
64 49 -0.004257001894611177
75 49 0.0002666410853677407
83 49 -0.004459986498715695
228 49 0.0001851924995489498
229 49 0.0002645844948384549
239 49 -0.003224402216203963
242 49 0.0002098524839947318
50 50  0.01080803750850956
51 50 -0.001473676242651298
70 50 -0.001453583597634911
77 50 -0.003131425297552649
80 50 0.0002235905253703577
85 50              -0.0023
86 50 0.0001333333333333333
217 50 -0.000386063974939859
221 50 3.418108468810561e-05
222 50 6.229725072276937e-05
224 50 8.650698323286569e-05
50 51 -0.001473676242651298
51 51  0.01102502829468029
52 51 -0.001521430813274972
77 51 0.0002283171690871946
78 51 -0.003224738507117336
86 51              -0.0023
87 51 0.0001333333333333333
217 51 3.487756982864151e-05
218 51 -0.0004034134145081814
222 51 9.377736585046262e-05
223 51 6.903957116450376e-05
51 52 -0.001521430813274972
52 52  0.01140924147320476
53 52 -0.001596210592701655
78 52 0.0002371374807912151
79 52 -0.003389136451905514
87 52              -0.0023
88 52 0.0001333333333333332
218 52 3.638272058962061e-05
219 52 -0.0004346899830751711
223 52 0.0001093328944745747
225 52 8.147416711771675e-05
52 53 -0.001596210592701655
53 53  0.01195571565515614
69 53 -0.001696657554270934
79 53 0.0002477012810324456
84 53 -0.003619964994009823
88 53 -0.002299999999999999
89 53 0.0001333333333333332
219 53 3.888613062061969e-05
220 53 -0.0004858219337044141
225 53 0.000135415505161545
230 53 0.0001017907405741906
29 54 -0.001533333333333334
30 54 0.0001333333333333334
41 54 0.0001333333333333334
47 54 0.0004000000000000001
54 54 0.009399999999999999
55 54 -0.002300000000000001
71 54 -0.002300000000000001
81 54 0.0002666666666666668
90 54 -0.001533333333333334
30 55 -0.002300000000000001
47 55 0.0002666666666666668
54 55 -0.002300000000000001
55 55               0.0166
56 55 0.0001333333333333334
57 55 0.0004000000000000001
81 55 -0.004600000000000002
90 55 0.0001333333333333334
91 55 -0.002300000000000001
92 55 -0.002300000000000001
93 55 0.0002666666666666668
30 56 -0.002300000000000001
31 56              -0.0023
32 56 0.0002666666666666668
55 56 0.0001333333333333334
56 56               0.0166
57 56 -0.004600000000000003
58 56 0.0001333333333333334
59 56 0.0004000000000000002
92 56 -0.002300000000000001
94 56              -0.0023
95 56 0.0002666666666666668
30 57 0.0002666666666666668
32 57 -0.004599999999999998
47 57 -0.004600000000000002
48 57 0.0002666666666666668
55 57 0.0004000000000000001
56 57 -0.004600000000000003
57 57  0.03319999999999999
59 57 0.0002666666666666668
60 57 0.0004000000000000002
81 57 0.0002666666666666668
82 57 -0.004600000000000003
92 57 0.0002666666666666668
93 57 -0.004600000000000003
95 57 -0.004599999999999998
96 57 0.0002666666666666668
31 58 -0.002299999999999999
33 58              -0.0023
34 58 0.0002666666666666667
56 58 0.0001333333333333334
58 58               0.0166
59 58 -0.004600000000000001
61 58 0.0001333333333333333
62 58 0.0003999999999999999
94 58 -0.002299999999999999
97 58              -0.0023
98 58 0.0002666666666666667
31 59 0.0002666666666666668
32 59 -0.004599999999999998
34 59 -0.004600000000000001
35 59 0.0002666666666666667
56 59 0.0004000000000000002
57 59 0.0002666666666666668
58 59 -0.004600000000000001
59 59  0.03319999999999999
60 59 -0.004600000000000001
62 59 0.0002666666666666666
63 59 0.0003999999999999999
94 59 0.0002666666666666668
95 59 -0.004599999999999998
98 59 -0.004600000000000001
99 59 0.0002666666666666667
32 60 0.0002666666666666668
35 60 -0.004600000000000002
48 60 -0.004599999999999999
49 60 0.0002666666666666667
57 60 0.0004000000000000002
59 60 -0.004600000000000001
60 60  0.03319999999999999
63 60 0.0002666666666666666
64 60 0.0004000000000000001
82 60 0.0002666666666666669
83 60 -0.004599999999999999
95 60 0.0002666666666666668
96 60 -0.004599999999999999
99 60 -0.004600000000000002
100 60 0.0002666666666666667
33 61              -0.0023
36 61              -0.0023
37 61 0.0002666666666666666
58 61 0.0001333333333333333
61 61  0.01659999999999999
62 61 -0.004599999999999997
65 61 0.0001333333333333333
66 61 0.0003999999999999999
97 61              -0.0023
101 61              -0.0023
102 61 0.0002666666666666666
33 62 0.0002666666666666666
34 62 -0.004599999999999998
37 62 -0.004599999999999999
38 62 0.0002666666666666666
58 62 0.0003999999999999999
59 62 0.0002666666666666666
61 62 -0.004599999999999997
62 62  0.03319999999999999
63 62 -0.004599999999999997
66 62 0.0002666666666666666
67 62 0.0003999999999999999
97 62 0.0002666666666666666
98 62 -0.004599999999999999
102 62 -0.004599999999999998
103 62 0.0002666666666666666
34 63 0.0002666666666666666
35 63              -0.0046
38 63              -0.0046
39 63 0.0002666666666666667
59 63 0.0003999999999999999
60 63 0.0002666666666666666
62 63 -0.004599999999999997
63 63  0.03319999999999999
64 63 -0.004599999999999996
67 63 0.0002666666666666666
68 63 0.0004000000000000001
98 63 0.0002666666666666666
99 63              -0.0046
103 63              -0.0046
104 63 0.0002666666666666667
35 64 0.0002666666666666667
39 64 -0.00406462240011557
49 64 -0.004257001894611177
60 64 0.0004000000000000001
63 64 -0.004599999999999996
64 64  0.02936480151790758
68 64 0.0002629950396952336
83 64 0.0002663673424155913
99 64 0.0002666666666666667
100 64 -0.004257004717038094
104 64 -0.004064617045216627
229 64 0.000164875926092476
232 64 0.0002255415549425081
242 64 -0.002842639196044114
245 64 0.0001648731727110685
36 65 -0.0007666666666666665
61 65 0.0001333333333333333
65 65 0.003599999999999999
66 65 -0.001533333333333333
101 65 -0.0007666666666666665
36 66 0.0001333333333333333
37 66 -0.002299999999999999
61 66 0.0003999999999999999
62 66 0.0002666666666666666
65 66 -0.001533333333333333
66 66 0.009399999999999995
67 66 -0.001533333333333333
101 66 0.0001333333333333333
102 66              -0.0023
37 67 0.0001333333333333333
38 67              -0.0023
62 67 0.0003999999999999999
63 67 0.0002666666666666666
66 67 -0.001533333333333333
67 67 0.009399999999999995
68 67 -0.001533333333333332
102 67 0.0001333333333333333
103 67              -0.0023
38 68 0.0001333333333333333
39 68 -0.002204766906250148
63 68 0.0004000000000000001
64 68 0.0002629950396952336
67 68 -0.001533333333333332
68 68 0.009003357442847085
103 68 0.0001333333333333333
104 68 -0.002204766906250148
232 68 -0.001362743521729364
53 69 -0.001696657554270934
69 69 0.006468632875276563
84 69 0.0002572911844815175
89 69 -0.001533333333333333
105 69 -0.001696668090772246
220 69 4.273709424981032e-05
230 69 0.0001744584450574914
231 69 -0.0001705898116039633
244 69 4.273614433270133e-05
50 70 -0.001453583597634911
70 70 0.005370005535394387
80 70 -0.001967135708225679
85 70 0.0001333333333333333
106 70 -0.0007666666666666665
221 70 -0.000278098116456915
224 70 4.752921760703346e-05
41 71 -0.002300000000000001
47 71 0.0002666666666666668
54 71 -0.002300000000000001
71 71               0.0166
72 71 0.0004000000000000001
73 71 0.0001333333333333334
81 71 -0.004600000000000002
90 71 0.0001333333333333334
107 71 -0.002300000000000001
108 71 0.0002666666666666668
109 71 -0.002300000000000001
41 72 0.0002666666666666668
42 72 -0.004599999999999998
47 72 -0.004600000000000003
48 72 0.0002666666666666668
71 72 0.0004000000000000001
72 72  0.03319999999999999
73 72 -0.004600000000000003
74 72 0.0002666666666666668
75 72 0.0004000000000000002
81 72 0.0002666666666666668
82 72 -0.004600000000000003
108 72 -0.004600000000000003
109 72 0.0002666666666666668
110 72 -0.004599999999999998
111 72 0.0002666666666666668
41 73 -0.002300000000000001
42 73 0.0002666666666666668
43 73 -0.002299999999999999
71 73 0.0001333333333333334
72 73 -0.004600000000000003
73 73               0.0166
74 73 0.0004000000000000002
76 73 0.0001333333333333334
109 73 -0.002300000000000001
110 73 0.0002666666666666668
112 73              -0.0023
42 74 -0.004599999999999998
43 74 0.0002666666666666668
44 74 -0.004584658400033293
45 74 0.0002666651567762195
72 74 0.0002666666666666668
73 74 0.0004000000000000002
74 74  0.03313687605375701
75 74 -0.004596739725060444
76 74 -0.004599515324341613
110 74 -0.004599999999999998
112 74 0.0002666666666666668
113 74 -0.004556154405448641
114 74 0.000266639829682809
237 74 0.0002660220055916921
238 74 0.0003985906154546398
42 75 0.0002666666666666668
45 75 -0.004550544043561263
48 75 -0.004599999999999999
49 75 0.0002666410853677407
72 75 0.0004000000000000002
74 75 -0.004596739725060444
75 75  0.03294121208376657
82 75 0.0002666666666666669
83 75 -0.004576210955677317
110 75 0.0002666666666666668
111 75 -0.004599999999999999
114 75 -0.004420276686038709
115 75 0.0002657836783913662
238 75 0.0002629362833446765
239 75 0.0003906474868752178
43 76 -0.002299999999999999
44 76 0.000266666586247085
46 76 -0.002294460214850736
73 76 0.0001333333333333334
74 76 -0.004599515324341613
76 76  0.01657972137816689
112 76 -0.002299999999999999
113 76 0.0002666656316321273
116 76 -0.002285766933486192
237 76 0.0003997517944976082
240 76 0.0001331708378377636
50 77 -0.003131425297552649
51 77 0.0002283171690871946
77 77   0.0184272624532064
78 77 -0.002589621628049166
80 77  -0.0024833118878667
85 77               0.0336
86 77  0.06706666666666668
117 77  0.06253088538164792
118 77  0.03359830665662049
222 77 -0.0009643742860367976
224 77 1.396303020402687e-05
234 77 6.446610749742672e-07
236 77 2.482055023916766e-07
246 77 -0.001961622777340534
249 77 8.029699833660763e-05
51 78 -0.003224738507117336
52 78 0.0002371374807912151
77 78 -0.002589621628049166
78 78  0.01966216856832047
79 78 -0.002814615193268547
86 78  0.03360000000000001
87 78  0.06706666666666668
118 78  0.06237545731209004
119 78  0.03359975605191452
222 78 1.907498755297765e-05
223 78 -0.001120200819473525
234 78 1.409384545359764e-06
235 78 3.730383321989865e-06
246 78 0.0001001304872717848
247 78 -0.002197933023399421
52 79 -0.003389136451905514
53 79 0.0002477012810324456
78 79 -0.002814615193268547
79 79  0.02171853678364709
84 79 -0.003168622262071421
87 79  0.03359999999999999
88 79  0.06706666666666665
119 79  0.06214951503978614
120 79  0.03359999999923209
223 79 3.152901323896112e-05
225 79 -0.001375597783796037
235 79 9.352513124782322e-06
241 79 1.738546175726467e-05
247 79 0.0001438890305432254
248 79 -0.002595109808049918
50 80 0.0002235905253703577
70 80 -0.001967135708225679
77 80  -0.0024833118878667
80 80   0.0108347972386889
85 80  0.06706666666666668
106 80  0.03346666666666667
117 80  0.03359696654645494
121 80  0.06440519186689399
224 80 -0.0007945568160070467
236 80 1.62495495569779e-07
249 80 -0.00139186576889874
47 81 -0.004600000000000002
54 81 0.0002666666666666668
55 81 -0.004600000000000002
57 81 0.0002666666666666668
71 81 -0.004600000000000002
72 81 0.0002666666666666668
81 81  0.03319999999999999
82 81 0.0004000000000000001
90 81 0.0004000000000000001
91 81 0.0002666666666666668
93 81 -0.004600000000000002
107 81 0.0002666666666666668
108 81 -0.004600000000000002
122 81 -0.004600000000000002
123 81 0.0002666666666666668
47 82 0.0002666666666666668
48 82              -0.0046
57 82 -0.004600000000000003
60 82 0.0002666666666666669
72 82 -0.004600000000000003
75 82 0.0002666666666666669
81 82 0.0004000000000000001
82 82  0.03319999999999999
83 82 0.0004000000000000005
93 82 0.0002666666666666668
96 82              -0.0046
108 82 0.0002666666666666668
111 82              -0.0046
123 82 -0.004600000000000003
124 82 0.0002666666666666669
48 83 0.0002666666666666668
49 83 -0.004459986498715695
60 83 -0.004599999999999999
64 83 0.0002663673424155913
75 83 -0.004576210955677317
82 83 0.0004000000000000005
83 83  0.03219666709938744
96 83 0.0002666666666666668
100 83 -0.004459984754494184
111 83 0.0002666666666666668
115 83 -0.003954223301502203
124 83 -0.004576213908464893
239 83 0.000249281204909402
242 83 0.0003541236926870708
256 83 0.0002492817877618791
53 84 -0.003619964994009823
69 84 0.0002572911844815175
79 84 -0.003168622262071421
84 84  0.02434327596023802
88 84  0.03359999999999999
89 84  0.06706666666666665
105 84 -0.003619971386373022
120 84  0.06206669364164026
125 84 -0.003168630540060241
126 84  0.03359999999999998
225 84 5.681418267193476e-05
230 84 -0.001757360803955892
241 84 4.58763073129287e-05
243 84 5.681542590299014e-05
248 84 0.0002043592402658762
50 85              -0.0023
70 85 0.0001333333333333333
77 85               0.0336
80 85  0.06706666666666668
85 85    502478472.1131421
86 85    86695769.73428904
106 85    86695769.73428904
117 85    164543466.2804154
121 85    164543466.2495154
50 86 0.0001333333333333333
51 86              -0.0023
77 86  0.06706666666666668
78 86  0.03360000000000001
85 86    86695769.73428904
86 86    502478472.1131422
87 86    86695769.73428908
117 86    164543466.2495154
118 86    164543466.2804154
51 87 0.0001333333333333333
52 87              -0.0023
78 87  0.06706666666666668
79 87  0.03359999999999999
86 87    86695769.73428908
87 87    502478472.1131423
88 87    86695769.73428904
118 87    164543466.2495154
119 87    164543466.2804154
52 88 0.0001333333333333332
53 88 -0.002299999999999999
79 88  0.06706666666666665
84 88  0.03359999999999999
87 88    86695769.73428904
88 88    502478472.1131421
89 88    86695769.73428904
119 88    164543466.2495154
120 88    164543466.2804154
53 89 0.0001333333333333332
69 89 -0.001533333333333333
84 89  0.06706666666666665
88 89    86695769.73428904
89 89    329086932.6378974
105 89 0.0001333333333333332
120 89    164543466.2495154
126 89    77847696.57869299
54 90 -0.001533333333333334
55 90 0.0001333333333333334
71 90 0.0001333333333333334
81 90 0.0004000000000000001
90 90               0.0058
91 90 -0.001533333333333334
107 90 -0.001533333333333334
122 90 0.0001333333333333334
55 91 -0.002300000000000001
81 91 0.0002666666666666668
90 91 -0.001533333333333334
91 91 0.009399999999999999
92 91 0.0001333333333333334
93 91 0.0004000000000000001
122 91 -0.002300000000000001
127 91 -0.001533333333333334
128 91 0.0001333333333333334
55 92 -0.002300000000000001
56 92 -0.002300000000000001
57 92 0.0002666666666666668
91 92 0.0001333333333333334
92 92               0.0166
93 92 -0.004600000000000003
94 92 0.0001333333333333334
95 92 0.0004000000000000002
127 92 -0.002300000000000001
129 92 -0.002299999999999999
130 92 0.0002666666666666668
55 93 0.0002666666666666668
57 93 -0.004600000000000003
81 93 -0.004600000000000002
82 93 0.0002666666666666668
91 93 0.0004000000000000001
92 93 -0.004600000000000003
93 93  0.03319999999999999
95 93 0.0002666666666666668
96 93 0.0004000000000000002
122 93 0.0002666666666666668
123 93 -0.004600000000000003
127 93 0.0002666666666666668
128 93 -0.004600000000000003
130 93 -0.004599999999999998
131 93 0.0002666666666666668
56 94              -0.0023
58 94 -0.002299999999999999
59 94 0.0002666666666666668
92 94 0.0001333333333333334
94 94               0.0166
95 94 -0.004600000000000002
97 94 0.0001333333333333334
98 94 0.0004000000000000001
129 94              -0.0023
132 94 -0.002300000000000002
133 94 0.0002666666666666667
56 95 0.0002666666666666668
57 95 -0.004599999999999998
59 95 -0.004599999999999998
60 95 0.0002666666666666668
92 95 0.0004000000000000002
93 95 0.0002666666666666668
94 95 -0.004600000000000002
95 95  0.03319999999999999
96 95 -0.004600000000000002
98 95 0.0002666666666666668
99 95 0.0004000000000000001
129 95 0.0002666666666666667
130 95 -0.004600000000000001
133 95 -0.004600000000000003
134 95 0.0002666666666666667
57 96 0.0002666666666666668
60 96 -0.004599999999999999
82 96              -0.0046
83 96 0.0002666666666666668
93 96 0.0004000000000000002
95 96 -0.004600000000000002
96 96  0.03319999999999999
99 96 0.0002666666666666668
100 96 0.0004000000000000002
123 96 0.0002666666666666668
124 96 -0.004599999999999999
130 96 0.0002666666666666667
131 96 -0.004600000000000003
134 96 -0.004600000000000003
135 96 0.0002666666666666668
58 97              -0.0023
61 97              -0.0023
62 97 0.0002666666666666666
94 97 0.0001333333333333334
97 97               0.0166
98 97              -0.0046
101 97 0.0001333333333333333
102 97 0.0003999999999999999
132 97 -0.002299999999999999
136 97              -0.0023
137 97 0.0002666666666666667
58 98 0.0002666666666666667
59 98 -0.004600000000000001
62 98 -0.004599999999999999
63 98 0.0002666666666666666
94 98 0.0004000000000000001
95 98 0.0002666666666666668
97 98              -0.0046
98 98  0.03319999999999999
99 98              -0.0046
102 98 0.0002666666666666666
103 98 0.0003999999999999999
132 98 0.0002666666666666668
133 98 -0.004599999999999998
137 98 -0.004600000000000001
138 98 0.0002666666666666667
59 99 0.0002666666666666667
60 99 -0.004600000000000002
63 99              -0.0046
64 99 0.0002666666666666667
95 99 0.0004000000000000001
96 99 0.0002666666666666668
98 99              -0.0046
99 99  0.03319999999999999
100 99 -0.004599999999999997
103 99 0.0002666666666666666
104 99 0.0004000000000000001
133 99 0.0002666666666666668
134 99 -0.004599999999999998
138 99 -0.004600000000000002
139 99 0.0002666666666666667
60 100 0.0002666666666666667
64 100 -0.004257004717038094
83 100 -0.004459984754494184
96 100 0.0004000000000000002
99 100 -0.004599999999999997
100 100  0.03044069616529099
104 100 0.0002640934142432295
124 100 0.0002666410853677407
134 100 0.0002666666666666668
135 100 -0.00436299470904916
139 100 -0.004122695061168083
242 100 0.0002098512407636763
245 100 0.0002645853509096987
256 100 -0.003224404652033715
259 100 0.000185194794244397
61 101              -0.0023
65 101 -0.0007666666666666665
66 101 0.0001333333333333333
97 101 0.0001333333333333333
101 101 0.007199999999999998
102 101 -0.002299999999999999
136 101 -0.0007666666666666665
61 102 0.0002666666666666666
62 102 -0.004599999999999998
66 102              -0.0023
67 102 0.0001333333333333333
97 102 0.0003999999999999999
98 102 0.0002666666666666666
101 102 -0.002299999999999999
102 102  0.01659999999999999
103 102 -0.002299999999999999
136 102 0.0001333333333333333
137 102              -0.0023
62 103 0.0002666666666666666
63 103              -0.0046
67 103              -0.0023
68 103 0.0001333333333333333
98 103 0.0003999999999999999
99 103 0.0002666666666666666
102 103 -0.002299999999999999
103 103  0.01659999999999999
104 103 -0.002299999999999998
137 103 0.0001333333333333333
138 103              -0.0023
63 104 0.0002666666666666667
64 104 -0.004064617045216627
68 104 -0.002204766906250148
99 104 0.0004000000000000001
100 104 0.0002640934142432295
103 104 -0.002299999999999998
104 104   0.0153009220541938
138 104 0.0001333333333333333
139 104 -0.002217032334256172
232 104 9.059718900063192e-05
245 104 -0.001814174600169031
69 105 -0.001696668090772246
84 105 -0.003619971386373022
89 105 0.0001333333333333332
105 105  0.01195573617483794
125 105 0.0002477008889551356
126 105 -0.002299999999999999
140 105 -0.001596203153466129
230 105 0.0001017934939555979
243 105 0.0001354146490903009
244 105 -0.0004858253998309663
258 105  3.8885615880105e-05
70 106 -0.0007666666666666665
80 106  0.03346666666666667
85 106    86695769.73428904
106 106    173391539.4752448
121 106     86695769.7017224
71 107 -0.002300000000000001
81 107 0.0002666666666666668
90 107 -0.001533333333333334
107 107 0.009399999999999999
108 107 0.0004000000000000001
109 107 0.0001333333333333334
122 107 -0.002300000000000001
141 107 -0.001533333333333334
142 107 0.0001333333333333334
71 108 0.0002666666666666668
72 108 -0.004600000000000003
81 108 -0.004600000000000002
82 108 0.0002666666666666668
107 108 0.0004000000000000001
108 108  0.03319999999999999
109 108 -0.004600000000000003
110 108 0.0002666666666666668
111 108 0.0004000000000000002
122 108 0.0002666666666666668
123 108 -0.004600000000000003
141 108 0.0002666666666666668
142 108 -0.004600000000000003
143 108 -0.004599999999999998
144 108 0.0002666666666666668
71 109 -0.002300000000000001
72 109 0.0002666666666666668
73 109 -0.002300000000000001
107 109 0.0001333333333333334
108 109 -0.004600000000000003
109 109               0.0166
110 109 0.0004000000000000002
112 109 0.0001333333333333334
141 109 -0.002300000000000001
143 109 0.0002666666666666668
145 109 -0.002299999999999999
72 110 -0.004599999999999998
73 110 0.0002666666666666668
74 110 -0.004599999999999998
75 110 0.0002666666666666668
108 110 0.0002666666666666668
109 110 0.0004000000000000002
110 110  0.03319999999999999
111 110 -0.004600000000000002
112 110 -0.004600000000000002
113 110 0.0002666666666666668
114 110 0.0004000000000000001
143 110 -0.004600000000000001
145 110 0.0002666666666666667
146 110 -0.004600000000000002
147 110 0.0002666666666666667
72 111 0.0002666666666666668
75 111 -0.004599999999999999
82 111              -0.0046
83 111 0.0002666666666666668
108 111 0.0004000000000000002
110 111 -0.004600000000000002
111 111               0.0332
114 111 0.0002666666666666668
115 111 0.0004000000000000002
123 111 0.0002666666666666668
124 111 -0.004599999999999999
143 111 0.0002666666666666667
144 111 -0.004600000000000003
147 111 -0.004600000000000003
148 111 0.0002666666666666668
73 112              -0.0023
74 112 0.0002666666666666668
76 112 -0.002299999999999999
109 112 0.0001333333333333334
110 112 -0.004600000000000002
112 112               0.0166
113 112 0.0004000000000000001
116 112 0.0001333333333333334
145 112              -0.0023
146 112 0.0002666666666666667
149 112 -0.002300000000000001
74 113 -0.004556154405448641
76 113 0.0002666656316321273
110 113 0.0002666666666666668
112 113 0.0004000000000000001
113 113  0.02250750637314532
114 113 -0.003002042800305455
116 113 -0.003206384534969619
117 113  0.03333333333333334
118 113  0.06666666666666668
146 113 -0.003535025764894678
149 113 0.0002529781676582852
150 113  0.06666666666666667
151 113  0.03333333333333333
237 113 -0.002638377222659469
238 113 0.0001665361793948815
250 113 2.103708346352477e-05
251 113 1.963221125085797e-05
264 113 -0.001517577553802094
265 113 4.573136233800632e-05
74 114 0.000266639829682809
75 114 -0.004420276686038709
110 114 0.0004000000000000001
111 114 0.0002666666666666668
113 114 -0.003002042800305455
114 114  0.02046543414085113
115 114 -0.002603299626983348
118 114  0.03333333333333335
119 114  0.06666666666666668
146 114 0.0002431123904340119
147 114 -0.003195542500892223
151 114  0.06666666666666668
152 114  0.03333333333333334
238 114 -0.002402066976600582
239 114 0.0001227776361234413
251 114 9.849807453759837e-06
252 114 4.014133699315743e-06
265 114 -0.001221413769273392
266 114  1.8552803001938e-05
75 115 0.0002657836783913662
83 115 -0.003954223301502203
111 115 0.0004000000000000002
114 115 -0.002603299626983348
115 115  0.01670090227682858
119 115  0.03333333333333333
120 115  0.06666666666666665
124 115 0.0002657839644706586
147 115 0.000211252597118618
148 115 -0.002603302478819025
152 115  0.06666666666666665
153 115  0.03333333333333332
239 115 -0.002004890191950079
242 115 6.230742640078942e-05
252 115 8.420940698482508e-07
253 115 1.268760603380053e-10
256 115 -0.002004891177287714
266 115 -0.0006973820954224177
267 115 8.421000217340268e-07
76 116 -0.002285766933486192
112 116 0.0001333333333333334
113 116 -0.003206384534969619
116 116  0.01000919908512662
117 116  0.06666666666666668
121 116  0.03333333333333334
149 116 -0.001537007291003888
150 116  0.03333333333333333
154 116  0.06666666666666667
237 116 0.0001863696683300587
240 116 -0.0009081342311012596
250 116 3.210806140970956e-05
254 116 3.42594578612817e-06
264 116 6.242785656573897e-05
268 116 -0.0002830289355391552
77 117  0.06253088538164792
80 117  0.03359696654645494
85 117    164543466.2804154
86 117    164543466.2495154
113 117  0.03333333333333334
116 117  0.06666666666666668
117 117    987260797.7788306
118 117     164543466.280453
121 117    164543466.2804673
150 117    164543466.2805708
154 117    164543466.2495152
246 117 0.0002456295832031418
249 117  0.00036789193859029
77 118  0.03359830665662049
78 118  0.06237545731209004
86 118    164543466.2804154
87 118    164543466.2495154
113 118  0.06666666666666668
114 118  0.03333333333333335
117 118     164543466.280453
118 118    987260797.7790996
119 118    164543466.2804268
150 118    164543466.2495153
151 118    164543466.2805088
246 118 0.0003803677887491422
247 118 0.0002568168592129066
78 119  0.03359975605191452
79 119  0.06214951503978614
87 119    164543466.2804154
88 119    164543466.2495154
114 119  0.06666666666666668
115 119  0.03333333333333333
118 119    164543466.2804268
119 119     987260797.779443
120 119    164543466.2804154
151 119    164543466.2495154
152 119    164543466.2804362
247 119 0.0003959858663006852
248 119 0.0002658245725968194
79 120  0.03359999999923209
84 120  0.06206669364164026
88 120    164543466.2804154
89 120    164543466.2495154
115 120  0.06666666666666665
119 120    164543466.2804153
120 120    987260797.7795588
125 120   0.0335999999992321
