%%MatrixMarket matrix coordinate real general
329 329 2713
1 1               0.1672
2 1 -0.06230000000000001
3 1 0.0001333333333333333
4 1 -0.02076666666666667
5 1 -0.06230000000000004
6 1 -0.02076666666666667
7 1 0.0001333333333333333
1 2 -0.06230000000000001
2 2               0.3766
3 2               0.0004
4 2 0.0001333333333333333
5 2 0.0002666666666666667
7 2 -0.06230000000000001
8 2 -0.06230000000000001
9 2 0.0002666666666666667
10 2  -0.1246000000000001
11 2 -0.06230000000000001
12 2 0.0001333333333333333
1 3 0.0001333333333333333
2 3               0.0004
3 3   0.2094000000000001
4 3 -0.04153333333333335
5 3 -0.06230000000000001
8 3 0.0001333333333333333
9 3 -0.06230000000000001
10 3 0.0002666666666666666
13 3 -0.04153333333333335
1 4 -0.02076666666666667
2 4 0.0001333333333333333
3 4 -0.04153333333333335
4 4  0.08360000000000002
8 4 -0.02076666666666667
1 5 -0.06230000000000004
2 5 0.0002666666666666667
3 5 -0.06230000000000001
5 5   0.3466640993302937
6 5 0.0001328379927667928
7 5 0.0003994894121354508
10 5  -0.1220100857514025
13 5 0.0001326543726302589
16 5 0.0002480463243065277
222 5 -0.04813340642553677
223 5 -0.04928222511977018
1 6 -0.02076666666666667
5 6 0.0001328379927667928
6 6   0.1646538049458362
7 6 -0.06143207402752026
17 6 -0.02036215102393847
18 6 0.0001332364050219933
223 6 -0.06103188443079048
1 7 0.0001333333333333333
2 7 -0.06230000000000001
5 7 0.0003994894121354508
6 7 -0.06143207402752026
7 7   0.3744586931380894
10 7 0.0002666666666666667
12 7 -0.06230000000000002
16 7  -0.1236809552924099
18 7 -0.06194626941849514
19 7 0.0001333333333333334
223 7 0.0002632346596681403
2 8 -0.06230000000000001
3 8 0.0001333333333333333
4 8 -0.02076666666666667
8 8               0.1672
9 8 -0.06230000000000004
11 8 0.0001333333333333333
20 8 -0.02076666666666667
2 9 0.0002666666666666667
3 9 -0.06230000000000001
8 9 -0.06230000000000004
9 9               0.3766
10 9              -0.1246
11 9               0.0004
13 9 0.0001333333333333333
20 9 0.0001333333333333333
21 9 -0.06230000000000004
22 9 0.0002666666666666666
23 9 -0.06230000000000001
2 10  -0.1246000000000001
3 10 0.0002666666666666666
5 10  -0.1220100857514025
7 10 0.0002666666666666667
9 10              -0.1246
10 10   0.7465419056099586
11 10 0.0002666666666666667
12 10               0.0004
13 10 0.0003996738124012363
16 10  -0.1219892120464976
21 10 0.0002666666666666667
22 10              -0.1246
24 10  -0.1231466789265827
25 10 0.0002666666666666666
222 10 0.0002560693879142337
2 11 -0.06230000000000001
8 11 0.0001333333333333333
9 11               0.0004
10 11 0.0002666666666666667
11 11               0.3766
12 11 -0.06230000000000002
20 11 -0.06230000000000002
22 11  -0.1246000000000001
23 11 0.0002666666666666667
26 11 -0.06229999999999999
27 11 0.0001333333333333334
2 12 0.0001333333333333333
7 12 -0.06230000000000002
10 12               0.0004
11 12 -0.06230000000000002
12 12               0.3766
16 12 0.0002666666666666667
19 12 -0.06230000000000001
22 12 0.0002666666666666667
25 12  -0.1246000000000001
27 12 -0.06229999999999999
28 12 0.0001333333333333334
3 13 -0.04153333333333335
5 13 0.0001326543726302589
9 13 0.0001333333333333333
10 13 0.0003996738124012363
13 13   0.2064506931835523
21 13 -0.06230000000000002
24 13 0.0002662916259868867
29 13 -0.04077605176957898
222 13  -0.0601173628560156
14 14    833334.3333333338
30 14    416666.6666666669
31 14    416666.6666666669
32 14    416666.6666666669
15 15                    1
5 16 0.0002480463243065277
7 16  -0.1236809552924099
10 16  -0.1219892120464976
12 16 0.0002666666666666667
16 16   0.6230480390937485
18 16 0.0002665319507118121
19 16 0.0004000000000000001
24 16 0.0002543478820671917
25 16  -0.1222557324652378
34 16 -0.09383214875301146
35 16 0.0002649897293245125
222 16 0.0001993992319921804
223 16 -0.07931498362083531
232 16 4.27646583828228e-05
233 16 -0.07704034276128219
6 17 -0.02036215102393847
17 17   0.1592506448878808
18 17 -0.05850751810318749
36 17 -0.02058787367981692
37 17 0.0001332955382682621
223 17 0.0001219400823107082
234 17 -0.05874178186679538
6 18 0.0001332364050219933
7 18 -0.06194626941849514
16 18 0.0002665319507118121
17 18 -0.05850751810318749
18 18   0.3678875016937755
19 18 -0.06230000000000002
34 18  -0.1202982146095897
37 18  -0.0620410225448343
38 18 0.0001333333333333333
223 18 0.000385278735991096
234 18 0.0002557272310334082
7 19 0.0001333333333333334
12 19 -0.06230000000000001
16 19 0.0004000000000000001
18 19 -0.06230000000000002
19 19               0.3766
25 19 0.0002666666666666668
28 19 -0.06229999999999999
34 19 0.0002666666666666667
35 19  -0.1246000000000001
38 19 -0.06230000000000002
39 19 0.0001333333333333333
8 20 -0.02076666666666667
9 20 0.0001333333333333333
11 20 -0.06230000000000002
20 20               0.1672
23 20 -0.06230000000000006
26 20 0.0001333333333333334
40 20 -0.02076666666666667
9 21 -0.06230000000000004
10 21 0.0002666666666666667
13 21 -0.06230000000000002
21 21   0.3766000000000001
22 21               0.0004
23 21 0.0001333333333333333
24 21              -0.1246
29 21 0.0001333333333333334
41 21 -0.06230000000000001
42 21 0.0002666666666666667
43 21 -0.06230000000000002
9 22 0.0002666666666666666
10 22              -0.1246
11 22  -0.1246000000000001
12 22 0.0002666666666666667
21 22               0.0004
22 22   0.7532000000000003
23 22              -0.1246
24 22 0.0002666666666666667
25 22              -0.1246
26 22 0.0002666666666666667
27 22 0.0004000000000000001
42 22  -0.1246000000000001
43 22 0.0002666666666666667
44 22              -0.1246
45 22 0.0002666666666666667
9 23 -0.06230000000000001
11 23 0.0002666666666666667
20 23 -0.06230000000000006
21 23 0.0001333333333333333
22 23              -0.1246
23 23               0.3766
26 23 0.0004000000000000001
40 23 0.0001333333333333334
43 23 -0.06230000000000006
44 23 0.0002666666666666667
46 23 -0.06229999999999999
10 24  -0.1231466789265827
13 24 0.0002662916259868867
16 24 0.0002543478820671917
21 24              -0.1246
22 24 0.0002666666666666667
24 24   0.6538312426888602
25 24 0.0003982144917138204
29 24 0.0003947111067246741
41 24 0.0002666666666666668
42 24  -0.1240315454979631
47 24  -0.1078874837091265
222 24 -0.09000244932780643
231 24 0.0001684410770004437
233 24 -0.07892547255230925
243 24 0.0002515854477008094
10 25 0.0002666666666666666
12 25  -0.1246000000000001
16 25  -0.1222557324652378
19 25 0.0002666666666666668
22 25              -0.1246
24 25 0.0003982144917138204
25 25   0.7206669963698955
27 25 0.0002666666666666668
28 25 0.0003999996542412581
35 25  -0.1172857192930454
42 25 0.0002663938096793311
45 25  -0.1179376839647549
49 25 0.0002578903724212307
233 25 0.0002444601306006382
243 25  -0.1084375204972719
11 26 -0.06229999999999999
20 26 0.0001333333333333334
22 26 0.0002666666666666667
23 26 0.0004000000000000001
26 26   0.3766000000000001
27 26 -0.06230000000000001
40 26 -0.06230000000000001
44 26  -0.1246000000000001
46 26 0.0002666666666666667
50 26 -0.06230000000000002
51 26 0.0001333333333333333
11 27 0.0001333333333333334
12 27 -0.06229999999999999
22 27 0.0004000000000000001
25 27 0.0002666666666666668
26 27 -0.06230000000000001
27 27               0.3766
28 27 -0.06229999999999999
44 27 0.0002666666666666667
45 27  -0.1246000000000001
51 27 -0.06230000000000002
52 27 0.0001333333333333333
12 28 0.0001333333333333334
19 28 -0.06229999999999999
25 28 0.0003999996542412581
27 28 -0.06229999999999999
28 28   0.3762773731166302
35 28 0.0002666666666666667
39 28 -0.06230000000000003
45 28 0.0002665439546325971
49 28  -0.1244126416831211
52 28 -0.06216485550934229
53 28 0.0001333333333333333
13 29 -0.04077605176957898
21 29 0.0001333333333333334
24 29 0.0003947111067246741
29 29   0.2003243047740385
41 29 -0.06230000000000003
47 29 0.0002662603057702206
54 29 -0.04109579452324996
222 29 0.0001123704363109421
231 29 -0.05445066466155288
14 30    416666.6666666669
30 30    2500001.000000001
31 30    833333.3333333338
32 30              1250000
56 30    833333.3333333337
57 30    416666.6666666669
14 31    416666.6666666669
30 31    833333.3333333338
31 31    3333334.333333335
32 31    1250000.000000001
56 31    1250000.000000001
58 31     416666.666666667
59 31    833333.3333333338
14 32    416666.6666666669
30 32              1250000
31 32    1250000.000000001
32 32    5833334.333333337
48 32    416666.6666666669
56 32    1666666.666666668
57 32    1666666.666666668
59 32    1250000.000000001
60 32    833333.3333333338
33 33                    1
16 34 -0.09383214875301146
18 34  -0.1202982146095897
19 34 0.0002666666666666667
34 34   0.5765462978771919
35 34  -0.1140221766108635
37 34 0.0002666215617255799
38 34 0.0003999999999999999
62 34  -0.1044868153138871
63 34 0.0002664202175087824
223 34 0.0001563530235815002
232 34 4.284540411284415e-05
233 34 0.0001162852921831403
234 34 -0.07287890912064826
250 34 6.104620208433817e-05
251 34 -0.06642831370368596
16 35 0.0002649897293245125
19 35  -0.1246000000000001
25 35  -0.1172857192930454
28 35 0.0002666666666666667
34 35  -0.1140221766108635
35 35   0.6787759722955804
38 35 0.0002666666666666666
39 35 0.0004000000000000001
49 35  -0.1109940108509484
63 35  -0.1226669528880867
64 35 0.0002666165741864046
233 35 0.000282825498845035
243 35 0.0001804894221127547
251 35 0.0002135887883445129
252 35  -0.0838112732632085
17 36 -0.02058787367981692
36 36   0.1660483650625702
37 36 -0.06172432718544918
61 36 -0.06190328837958922
65 36 -0.02076666666666667
66 36 0.0001333333333333333
234 36 0.0001317435282598237
17 37 0.0001332955382682621
18 37  -0.0620410225448343
34 37 0.0002666215617255799
36 37 -0.06172432718544918
37 37   0.3751667811833234
38 37 -0.06229999999999997
61 37 0.000266444885285289
62 37  -0.1240017198942006
66 37 -0.06230000000000002
67 37 0.0001333333333333333
234 37 0.0003975548914577857
18 38 0.0001333333333333333
19 38 -0.06230000000000002
34 38 0.0003999999999999999
35 38 0.0002666666666666666
37 38 -0.06229999999999997
38 38               0.3766
39 38 -0.06229999999999995
62 38 0.0002666666666666666
63 38  -0.1246000000000001
67 38 -0.06230000000000002
68 38 0.0001333333333333333
19 39 0.0001333333333333333
28 39 -0.06230000000000003
35 39 0.0004000000000000001
38 39 -0.06229999999999995
39 39               0.3766
49 39 0.0002666666666666666
53 39              -0.0623
63 39 0.0002666666666666667
64 39              -0.1246
68 39 -0.06230000000000003
69 39 0.0001333333333333333
20 40 -0.02076666666666667
23 40 0.0001333333333333334
26 40 -0.06230000000000001
40 40               0.1672
46 40 -0.06230000000000002
50 40 0.0001333333333333333
70 40 -0.02076666666666667
21 41 -0.06230000000000001
24 41 0.0002666666666666668
29 41 -0.06230000000000003
41 41   0.3766000000000002
42 41 0.0004000000000000002
43 41 0.0001333333333333334
47 41  -0.1246000000000001
54 41 0.0001333333333333334
71 41 -0.06230000000000004
72 41 0.0002666666666666668
73 41 -0.06230000000000003
21 42 0.0002666666666666667
22 42  -0.1246000000000001
24 42  -0.1240315454979631
25 42 0.0002663938096793311
41 42 0.0004000000000000002
42 42   0.6906838553119881
43 42  -0.1246000000000001
44 42 0.000266645729579342
45 42 0.0003544398296186521
47 42 0.0002664228234121478
72 42  -0.1068215533116612
73 42 0.0002666666666666668
74 42  -0.1086413960648178
243 42 -0.09659651458347115
260 42 0.0001240547673140893
21 43 -0.06230000000000002
22 43 0.0002666666666666667
23 43 -0.06230000000000006
41 43 0.0001333333333333334
42 43  -0.1246000000000001
43 43   0.3766000000000002
44 43 0.0004000000000000001
46 43 0.0001333333333333334
73 43 -0.06230000000000001
74 43 0.0002666666666666668
76 43 -0.06230000000000001
22 44              -0.1246
23 44 0.0002666666666666667
26 44  -0.1246000000000001
27 44 0.0002666666666666667
42 44 0.000266645729579342
43 44 0.0004000000000000001
44 44   0.7450094751123441
45 44  -0.1205626020784121
46 44              -0.1246
50 44 0.0002666666666666666
51 44 0.0003999999999999999
74 44  -0.1205135979814596
76 44 0.0002666666666666667
77 44  -0.1245493685019446
78 44 0.0002649001703104788
22 45 0.0002666666666666667
25 45  -0.1179376839647549
27 45  -0.1246000000000001
28 45 0.0002665439546325971
42 45 0.0003544398296186521
44 45  -0.1205626020784121
45 45   0.5720525784696704
49 45 -0.08025401904848112
51 45 0.0002666666666666666
52 45 0.0003996586370393912
74 45 0.0001376956946132534
78 45 -0.09149471561106952
79 45 0.0001861792941183743
243 45 0.0001142114680678069
260 45 -0.03292075465493422
23 46 -0.06229999999999999
26 46 0.0002666666666666667
40 46 -0.06230000000000002
43 46 0.0001333333333333334
44 46              -0.1246
46 46   0.3766000000000001
50 46 0.0003999999999999999
70 46 0.0001333333333333333
76 46 -0.06230000000000002
77 46 0.0002666666666666666
80 46 -0.06230000000000001
24 47  -0.1078874837091265
29 47 0.0002662603057702206
41 47  -0.1246000000000001
42 47 0.0002664228234121478
47 47   0.6269191361255694
54 47 0.000399666169859277
55 47 0.0002547045866144948
71 47 0.0002666666666666668
72 47  -0.1188011854813814
81 47  -0.1211282406188326
231 47 -0.08603244545180895
233 47 0.0001026070649752819
243 47 0.0002887989228425329
249 47 -0.06336789058517177
265 47 0.0002249112954161886
32 48    416666.6666666669
48 48    3333334.333333336
57 48    833333.3333333338
60 48    1250000.000000001
75 48    416666.6666666672
82 48    1250000.000000001
83 48    833333.3333333344
25 49 0.0002578903724212307
28 49  -0.1244126416831211
35 49  -0.1109940108509484
39 49 0.0002666666666666666
45 49 -0.08025401904848112
49 49   0.5388158614478105
52 49 0.0002663761299642192
53 49 0.0003999999999999996
64 49  -0.1033698418784588
79 49 -0.08006394906346068
84 49 0.0002410276164210953
243 49 0.0001030514498071633
252 49 0.0001088841524606521
260 49 3.727158566799233e-06
266 49 -0.03577010336885406
26 50 -0.06230000000000002
40 50 0.0001333333333333333
44 50 0.0002666666666666666
46 50 0.0003999999999999999
50 50               0.3766
51 50 -0.06229999999999997
70 50 -0.06229999999999997
77 50              -0.1246
80 50 0.0002666666666666666
85 50 -0.06230000000000002
86 50 0.0001333333333333333
26 51 0.0001333333333333333
27 51 -0.06230000000000002
44 51 0.0003999999999999999
45 51 0.0002666666666666666
50 51 -0.06229999999999997
51 51               0.3766
52 51 -0.06229999999999995
77 51 0.0002666666666666666
78 51  -0.1246000000000001
86 51 -0.06230000000000002
87 51 0.0001333333333333333
27 52 0.0001333333333333333
28 52 -0.06216485550934229
45 52 0.0003996586370393912
49 52 0.0002663761299642192
51 52 -0.06229999999999995
52 52   0.3759750123455317
53 52 -0.06230000000000001
78 52 0.0002666666666666667
79 52  -0.1241102081706631
87 52 -0.06230000000000003
88 52 0.0001333333333333333
28 53 0.0001333333333333333
39 53              -0.0623
49 53 0.0003999999999999996
52 53 -0.06230000000000001
53 53   0.3765999999999999
64 53 0.0002666666666666665
69 53 -0.06230000000000001
79 53 0.0002666666666666665
84 53              -0.1246
88 53              -0.0623
89 53 0.0001333333333333333
29 54 -0.04109579452324996
41 54 0.0001333333333333334
47 54 0.000399666169859277
54 54   0.2079660836257826
55 54 -0.06130462834090421
71 54 -0.06230000000000003
81 54 0.0002666666666666667
90 54 -0.04153333333333335
231 54 0.0001295860478567116
47 55 0.0002547045866144948
54 55 -0.06130462834090421
55 55   0.3106767990175592
81 55  -0.1221077746325497
90 55 0.0001333333333333334
91 55 -0.06130462834090437
93 55 0.0002547057028979685
231 55 -0.03182635012715371
248 55 3.057576078420292e-06
249 55 0.0001936096556730974
269 55 -0.03182713832204737
30 56    833333.3333333337
31 56    1250000.000000001
32 56    1666666.666666668
56 56    8333334.333333339
57 56    1666666.666666668
58 56    833333.3333333338
59 56    2500000.000000002
92 56    833333.3333333337
94 56    1250000.000000001
95 56    1666666.666666668
30 57    416666.6666666669
32 57    1666666.666666668
48 57    833333.3333333338
56 57    1666666.666666668
57 57    8333334.333333339
59 57    1666666.666666668
60 57    2500000.000000002
82 57    833333.3333333338
92 57    416666.6666666669
95 57    1666666.666666668
96 57    833333.3333333338
31 58    416666.6666666669
56 58    833333.3333333338
58 58    1666667.666666668
59 58     833333.333333334
94 58    416666.6666666669
31 59    833333.3333333338
32 59    1250000.000000001
56 59    2500000.000000002
57 59    1666666.666666668
58 59     833333.333333334
59 59    6666667.666666671
60 59     833333.333333334
94 59    833333.3333333338
95 59    1250000.000000001
32 60    833333.3333333338
48 60    1250000.000000001
57 60    2500000.000000002
59 60     833333.333333334
60 60    6666667.666666671
82 60    1666666.666666668
83 60    833333.3333333342
95 60    833333.3333333338
96 60    1250000.000000001
36 61 -0.06190328837958922
37 61 0.000266444885285289
61 61   0.3279630182262546
62 61   -0.101162675968958
65 61 0.0001333333333333333
66 61 0.0003999999999999999
101 61 -0.06190329107654936
102 61 0.0002664449092848441
234 61 -0.05021190280891771
250 61 3.799620635082226e-05
274 61 -0.05021153171495284
34 62  -0.1044868153138871
37 62  -0.1240017198942006
38 62 0.0002666666666666666
61 62   -0.101162675968958
62 62   0.6872476791022167
63 62  -0.1237032611157318
66 62 0.0002666666666666666
67 62 0.0003999999999999999
98 62  -0.1044865701896079
102 62  -0.1240017542125053
103 62 0.0002666666666666666
234 62 0.0002185410464404594
250 62 0.0001972674707746516
251 62 0.0002180980958341979
274 62 0.0002185457840927661
34 63 0.0002664202175087824
35 63  -0.1226669528880867
38 63  -0.1246000000000001
39 63 0.0002666666666666667
62 63  -0.1237032611157318
63 63   0.7482804391713247
64 63  -0.1244450217501111
67 63 0.0002666666666666666
68 63 0.0004000000000000001
98 63 0.0002664202238166374
99 63  -0.1226668435390437
103 63  -0.1246000000000001
104 63 0.0002666666666666667
251 63 0.0003917587020595874
252 63 0.0002637670794534048
35 64 0.0002666165741864046
39 64              -0.1246
49 64  -0.1033698418784588
53 64 0.0002666666666666665
63 64  -0.1244450217501111
64 64   0.6963774127768997
68 64 0.0002666666666666666
69 64 0.0003999999999999996
84 64  -0.1105953780778248
99 64 0.0002666166240148468
100 64  -0.1033691894765251
104 64              -0.1246
105 64 0.0002666666666666665
252 64  0.00034210305088946
266 64 0.0001150662114731443
36 65 -0.02076666666666667
61 65 0.0001333333333333333
65 65  0.08359999999999997
66 65 -0.04153333333333331
101 65 -0.02076666666666667
36 66 0.0001333333333333333
37 66 -0.06230000000000002
61 66 0.0003999999999999999
62 66 0.0002666666666666666
65 66 -0.04153333333333331
66 66   0.2093999999999999
67 66 -0.04153333333333331
101 66 0.0001333333333333333
102 66 -0.06230000000000002
37 67 0.0001333333333333333
38 67 -0.06230000000000002
62 67 0.0003999999999999999
63 67 0.0002666666666666666
66 67 -0.04153333333333331
67 67   0.2093999999999999
68 67  -0.0415333333333333
102 67 0.0001333333333333333
103 67 -0.06230000000000002
38 68 0.0001333333333333333
39 68 -0.06230000000000003
63 68 0.0004000000000000001
64 68 0.0002666666666666666
67 68  -0.0415333333333333
68 68               0.2094
69 68 -0.04153333333333333
103 68 0.0001333333333333334
104 68 -0.06230000000000003
39 69 0.0001333333333333333
53 69 -0.06230000000000001
64 69 0.0003999999999999996
68 69 -0.04153333333333333
69 69   0.2093999999999999
84 69 0.0002666666666666665
89 69 -0.04153333333333333
104 69 0.0001333333333333333
105 69              -0.0623
40 70 -0.02076666666666667
46 70 0.0001333333333333333
50 70 -0.06229999999999997
70 70               0.1672
80 70 -0.06230000000000001
85 70 0.0001333333333333333
106 70 -0.02076666666666667
41 71 -0.06230000000000004
47 71 0.0002666666666666668
54 71 -0.06230000000000003
71 71   0.3766000000000002
72 71 0.0004000000000000001
73 71 0.0001333333333333334
81 71  -0.1246000000000001
90 71 0.0001333333333333334
107 71 -0.06230000000000004
108 71 0.0002666666666666667
109 71 -0.06230000000000003
41 72 0.0002666666666666668
42 72  -0.1068215533116612
47 72  -0.1188011854813814
71 72 0.0004000000000000001
72 72   0.6436047841687711
73 72  -0.1245921796750211
74 72 0.0002427766202977363
81 72 0.0002666506536764401
108 72  -0.1152675404914765
109 72 0.0002666666666666668
110 72 -0.09701125732574342
243 72 0.0001606942384852421
260 72 0.0001254597378467228
265 72 -0.07601986442713971
282 72 0.0001223834689026194
41 73 -0.06230000000000003
42 73 0.0002666666666666668
43 73 -0.06230000000000001
71 73 0.0001333333333333334
72 73  -0.1245921796750211
73 73   0.3765689745426032
74 73 0.0003999970260548991
76 73 0.0001333333333333334
109 73 -0.06230000000000004
110 73  0.00026666390086614
112 73  -0.0622767949710578
42 74  -0.1086413960648178
43 74 0.0002666666666666668
44 74  -0.1205135979814596
45 74 0.0001376956946132534
72 74 0.0002427766202977363
73 74 0.0003999970260548991
74 74   0.5830985120398646
76 74              -0.1246
77 74 0.0002665919942602097
78 74 0.0002552611280782725
110 74  -0.0792355932682175
112 74 0.0002662709612231812
113 74  -0.1033904223196181
260 74 -0.04244738159474002
285 74 3.721759525775444e-05
48 75    416666.6666666672
75 75    3333334.333333336
82 75    833333.3333333344
83 75    1250000.000000001
111 75    1250000.000000001
114 75    416666.6666666669
115 75    833333.3333333338
43 76 -0.06230000000000001
44 76 0.0002666666666666667
46 76 -0.06230000000000002
73 76 0.0001333333333333334
74 76              -0.1246
76 76   0.3766000000000001
77 76 0.0003999999999999999
80 76 0.0001333333333333333
112 76 -0.06230000000000001
113 76 0.0002666666666666667
116 76 -0.06230000000000002
44 77  -0.1245493685019446
46 77 0.0002666666666666666
50 77              -0.1246
51 77 0.0002666666666666666
74 77 0.0002665919942602097
76 77 0.0003999999999999999
77 77   0.7529691898889737
78 77  -0.1244846158419199
80 77  -0.1245999999999999
85 77               0.0336
86 77  0.06706666666666668
113 77  -0.1245352295207271
116 77 0.0002666666666666666
117 77 -0.05793333333333336
118 77               0.0336
44 78 0.0002649001703104788
45 78 -0.09149471561106952
51 78  -0.1246000000000001
52 78 0.0002666666666666667
74 78 0.0002552611280782725
77 78  -0.1244846158419199
78 78   0.6568334742324387
79 78 -0.09991634059734066
86 78  0.03360000000000001
87 78  0.06706666666666668
113 78 0.0002620188572134176
118 78 -0.05776902825438222
119 78  0.03359997180253972
260 78 5.659286315000261e-05
285 78 -0.08676813624105507
45 79 0.0001861792941183743
49 79 -0.08006394906346068
52 79  -0.1241102081706631
53 79 0.0002666666666666665
78 79 -0.09991634059734066
79 79   0.6147439471075817
84 79  -0.1084044984020038
87 79  0.03359999999999999
88 79  0.06706666666666665
119 79 -0.05515535050285454
120 79  0.03359999613080163
260 79 5.916165324839864e-05
266 79 7.319247810110322e-05
285 79 0.0001640772720320143
286 79 -0.07560807211093148
46 80 -0.06230000000000001
50 80 0.0002666666666666666
70 80 -0.06230000000000001
76 80 0.0001333333333333333
77 80  -0.1245999999999999
80 80               0.3766
85 80  0.06706666666666668
106 80  0.03346666666666667
116 80 -0.06230000000000001
117 80               0.0336
121 80 0.004366666666666658
47 81  -0.1211282406188326
54 81 0.0002666666666666667
55 81  -0.1221077746325497
71 81  -0.1246000000000001
72 81 0.0002666506536764401
81 81   0.7436023471963285
90 81 0.0004000000000000001
91 81 0.0002666666666666667
93 81    -0.12112795363854
107 81 0.0002666666666666668
108 81  -0.1244442453769276
122 81  -0.1246000000000001
123 81 0.0002666506536256669
249 81 0.0002499857515171292
265 81 0.0003961619243938956
48 82    1250000.000000001
57 82    833333.3333333338
60 82    1666666.666666668
75 82    833333.3333333344
82 82    6666667.666666673
83 82    2500000.000000003
96 82    1250000.000000001
111 82    833333.3333333344
124 82    833333.3333333343
48 83    833333.3333333344
60 83    833333.3333333342
75 83    1250000.000000001
82 83    2500000.000000003
83 83    6666667.666666673
96 83    833333.3333333344
111 83    1666666.666666668
115 83    833333.3333333338
124 83    1250000.000000001
49 84 0.0002410276164210953
53 84              -0.1246
64 84  -0.1105953780778248
69 84 0.0002666666666666665
79 84  -0.1084044984020038
84 84   0.7065872850946755
88 84  0.03359999999999999
89 84  0.06706666666666665
100 84 0.0002410272264198329
105 84              -0.1246
120 84 -0.05784091478994632
125 84  -0.1084054235673311
126 84  0.03359999999999998
266 84 0.0002348664747319845
286 84 0.0002320494509781695
50 85 -0.06230000000000002
70 85 0.0001333333333333333
77 85               0.0336
80 85  0.06706666666666668
85 85    2.219313888414969
86 85   0.3052497456099562
106 85   0.3052497456099562
117 85   0.5625405319308613
121 85   0.5916405319308613
50 86 0.0001333333333333333
51 86 -0.06230000000000002
77 86  0.06706666666666668
78 86  0.03360000000000001
85 86   0.3052497456099562
86 86    2.219313888414969
87 86   0.3052497456099564
117 86   0.5916405319308613
118 86   0.5625405319308614
51 87 0.0001333333333333333
52 87 -0.06230000000000003
78 87  0.06706666666666668
79 87  0.03359999999999999
86 87   0.3052497456099563
87 87    2.219313888414969
88 87   0.3052497456099561
118 87   0.5916405319308614
119 87   0.5625405319308614
52 88 0.0001333333333333333
53 88              -0.0623
79 88  0.06706666666666665
84 88  0.03359999999999999
87 88   0.3052497456099561
88 88    2.219313888414969
89 88   0.3052497456099561
119 88   0.5916405319308613
120 88   0.5625405319308613
53 89 0.0001333333333333333
69 89 -0.04153333333333333
84 89  0.06706666666666665
88 89   0.3052497456099561
89 89     1.44214773052839
105 89 0.0001333333333333333
120 89   0.5916405319308613
126 89   0.2698574529875719
54 90 -0.04153333333333335
55 90 0.0001333333333333334
71 90 0.0001333333333333334
81 90 0.0004000000000000001
90 90   0.1258000000000001
91 90 -0.04153333333333335
107 90 -0.04153333333333335
122 90 0.0001333333333333334
55 91 -0.06130462834090437
81 91 0.0002666666666666667
90 91 -0.04153333333333335
91 91   0.2079660836257828
93 91 0.0003996661698592756
122 91 -0.06230000000000003
127 91 -0.04109579452325005
128 91 0.0001333333333333334
269 91 0.0001295860478567109
56 92    833333.3333333337
57 92    416666.6666666669
92 92    2500001.000000001
94 92    833333.3333333338
95 92              1250000
129 92    416666.6666666669
55 93 0.0002547057028979685
81 93    -0.12112795363854
91 93 0.0003996661698592756
93 93   0.6269195741938614
122 93 0.0002666666666666668
123 93  -0.1188013219096313
127 93 0.0002662601620305243
128 93  -0.1246000000000001
130 93  -0.1078866824461871
131 93 0.0002664226699030447
249 93 -0.06336853267182171
265 93 0.0002249121998869822
269 93 -0.08603313607352379
272 93 0.0001026187768093001
273 93 0.0002887972756854617
56 94    1250000.000000001
58 94     416666.666666667
59 94    833333.3333333338
92 94    833333.3333333338
94 94    3333334.333333335
95 94    1250000.000000001
129 94    416666.6666666669
56 95    1666666.666666668
57 95    1666666.666666668
59 95    1250000.000000001
60 95    833333.3333333338
92 95              1250000
94 95    1250000.000000001
95 95    5833334.333333337
96 95     416666.666666667
129 95    416666.6666666669
57 96    833333.3333333338
60 96    1250000.000000001
82 96    1250000.000000001
83 96    833333.3333333344
95 96    416666.6666666669
96 96    3333334.333333336
124 96    416666.6666666672
97 97                    1
62 98  -0.1044865701896079
63 98 0.0002664202238166374
98 98   0.5765500677523534
99 98    -0.11402203958781
102 98 0.0002666215588566857
103 98 0.0003999999999999999
133 98 -0.09383444016068396
137 98  -0.1202988168275905
138 98 0.0002666666666666667
250 98 6.102646589244722e-05
251 98 -0.06643036587185822
271 98 4.286444063054739e-05
272 98 0.0001162987224810439
274 98 -0.07287808217961143
297 98 0.0001563827055518744
63 99  -0.1226668435390437
64 99 0.0002666166240148468
98 99    -0.11402203958781
99 99   0.6787739839047708
100 99  -0.1109940705415268
103 99 0.0002666666666666666
104 99 0.0004000000000000001
133 99 0.0002649889238885826
134 99  -0.1172847054010737
138 99  -0.1246000000000001
139 99 0.0002666666666666667
251 99 0.0002135777470012759
252 99 -0.08381049895616025
272 99 0.0002828130513568185
273 99 0.0001804816872332975
64 100  -0.1033691894765251
84 100 0.0002410272264198329
99 100  -0.1109940705415268
100 100   0.5388185709522637
104 100 0.0002666666666666666
105 100 0.0003999999999999996
125 100 -0.08006590286730469
134 100 0.0002578875845110996
135 100 -0.08025598053076838
139 100   -0.124412661456187
140 100 0.0002663761470698674
252 100 0.0001088845216219007
266 100 -0.03576946153580106
273 100 0.0001030453137555766
291 100 3.727405058297192e-06
61 101 -0.06190329107654936
65 101 -0.02076666666666667
66 101 0.0001333333333333333
101 101   0.1660483704710994
102 101 -0.06172432988349394
136 101 -0.02058787367981688
274 101 0.0001317435716515839
61 102 0.0002664449092848441
62 102  -0.1240017542125053
66 102 -0.06230000000000002
67 102 0.0001333333333333333
98 102 0.0002666215588566857
101 102 -0.06172432988349394
102 102   0.3751668143389979
103 102 -0.06229999999999997
136 102 0.0001332955376457639
137 102 -0.06204101868054419
274 102 0.0003975548957540745
62 103 0.0002666666666666666
63 103  -0.1246000000000001
67 103 -0.06230000000000002
68 103 0.0001333333333333334
98 103 0.0003999999999999999
99 103 0.0002666666666666666
102 103 -0.06229999999999997
103 103   0.3765999999999999
104 103 -0.06229999999999995
137 103 0.0001333333333333333
138 103 -0.06230000000000002
63 104 0.0002666666666666667
64 104              -0.1246
68 104 -0.06230000000000003
69 104 0.0001333333333333333
99 104 0.0004000000000000001
100 104 0.0002666666666666666
103 104 -0.06229999999999995
104 104               0.3766
105 104              -0.0623
138 104 0.0001333333333333334
139 104 -0.06230000000000003
64 105 0.0002666666666666665
69 105              -0.0623
84 105              -0.1246
89 105 0.0001333333333333333
100 105 0.0003999999999999996
104 105              -0.0623
105 105   0.3765999999999999
125 105 0.0002666666666666665
126 105              -0.0623
139 105 0.0001333333333333333
140 105              -0.0623
70 106 -0.02076666666666667
80 106  0.03346666666666667
85 106   0.3052497456099562
106 106   0.7771661578865792
121 106   0.2926830789432895
71 107 -0.06230000000000004
81 107 0.0002666666666666668
90 107 -0.04153333333333335
107 107   0.2094000000000001
108 107 0.0004000000000000001
109 107 0.0001333333333333334
122 107 -0.06230000000000003
141 107 -0.04153333333333335
142 107 0.0001333333333333334
71 108 0.0002666666666666667
72 108  -0.1152675404914765
81 108  -0.1244442453769276
107 108 0.0004000000000000001
108 108   0.7288647790773007
109 108  -0.1246000000000001
110 108 0.0002627491681763831
122 108 0.0002666666666666667
123 108  -0.1152667665371669
141 108 0.0002666666666666668
142 108  -0.1246000000000001
143 108  -0.1191213545699837
144 108 0.0002627488128819828
265 108 0.0002419569707081162
282 108 0.0003319969617869832
71 109 -0.06230000000000003
72 109 0.0002666666666666668
73 109 -0.06230000000000004
107 109 0.0001333333333333334
108 109  -0.1246000000000001
109 109   0.3766000000000003
110 109 0.0004000000000000002
112 109 0.0001333333333333334
141 109 -0.06230000000000004
143 109 0.0002666666666666668
145 109 -0.06230000000000001
72 110 -0.09701125732574342
73 110  0.00026666390086614
74 110  -0.0792355932682175
108 110 0.0002627491681763831
109 110 0.0004000000000000002
110 110   0.5457521222125408
112 110  -0.1239511591123824
113 110 0.0002115374802590135
143 110 -0.09924767173716534
145 110 0.0002666666666666667
146 110 -0.09720289049939032
260 110 3.146429904982664e-05
282 110  -0.0451458956543019
285 110 3.576929267263872e-05
308 110 4.267468310326478e-05
75 111    1250000.000000001
82 111    833333.3333333344
83 111    1666666.666666668
111 111    6666667.666666672
114 111    833333.3333333337
115 111    2500000.000000001
124 111    1250000.000000001
147 111    833333.3333333337
148 111    833333.3333333338
73 112  -0.0622767949710578
74 112 0.0002662709612231812
76 112 -0.06230000000000001
109 112 0.0001333333333333334
110 112  -0.1239511591123824
112 112   0.3759275071711262
113 112 0.0003999485999591512
116 112 0.0001333333333333334
145 112 -0.06230000000000002
146 112 0.0002666666666666667
149 112 -0.06230000000000005
74 113  -0.1033904223196181
76 113 0.0002666666666666667
77 113  -0.1245352295207271
78 113 0.0002620188572134176
110 113 0.0002115374802590135
112 113 0.0003999485999591512
113 113   0.6971034987743102
116 113              -0.1246
117 113               0.0336
118 113  0.06706665449140836
146 113  -0.1176077555159731
149 113 0.0002666666666666668
150 113 -0.05793333333333341
151 113  0.03359995892187568
285 113 -0.09694295400456965
75 114    416666.6666666669
111 114    833333.3333333337
114 114    1666667.666666667
115 114    833333.3333333338
118 114  0.03333333333333335
119 114  0.06666666666666668
147 114    416666.6666666669
151 114  0.06666666666666668
152 114  0.03333333333333334
75 115    833333.3333333338
83 115    833333.3333333338
111 115    2500000.000000001
114 115    833333.3333333338
115 115    5000001.000000003
119 115  0.03333333333333333
120 115  0.06666666666666665
124 115    833333.3333333338
147 115    833333.3333333338
148 115    833333.3333333338
152 115  0.06666666666666665
153 115  0.03333333333333332
76 116 -0.06230000000000002
77 116 0.0002666666666666666
80 116 -0.06230000000000001
112 116 0.0001333333333333334
113 116              -0.1246
116 116               0.3766
117 116  0.06706666666666668
121 116  0.03346666666666667
149 116 -0.06229999999999999
150 116               0.0336
154 116 0.004366666666666644
77 117 -0.05793333333333336
80 117               0.0336
85 117   0.5625405319308613
86 117   0.5916405319308613
113 117               0.0336
116 117  0.06706666666666668
117 117    4.192309858251836
118 117   0.5625405319308614
121 117   0.5625405319308614
150 117   0.5625405319308613
154 117   0.5916405319308613
77 118               0.0336
78 118 -0.05776902825438222
86 118   0.5625405319308614
87 118   0.5916405319308615
113 118  0.06706665449140836
114 118  0.03333333333333335
117 118   0.5625405319308614
118 118    4.192011160734476
119 118    0.562604708788907
150 118   0.5916405319308613
151 118   0.5626107224267869
285 118 0.0002663957878688124
78 119  0.03359997180253972
79 119 -0.05515535050285454
87 119   0.5625405319308613
88 119   0.5916405319308613
114 119  0.06666666666666668
115 119  0.03333333333333333
118 119    0.562604708788907
119 119    4.188136439321115
120 119   0.5625795625964828
151 119   0.5916405297707357
152 119   0.5638311933438773
285 119 0.0003945368209558338
286 119 0.0002626050770612723
79 120  0.03359999613080163
84 120 -0.05784091478994632
88 120   0.5625405319308613
89 120   0.5916405319308613
115 120  0.06666666666666665
119 120   0.5625795625964828
120 120    4.192139368993455
125 120  0.03359999613077251
126 120   0.5625405319308614
152 120   0.5916405314025968
153 120   0.5625795636412708
286 120 0.0003998418109995113
80 121 0.004366666666666658
85 121   0.5916405319308613
106 121   0.2926830789432895
116 121  0.03346666666666667
117 121   0.5625405319308614
121 121    2.043780555081635
154 121   0.2926830789432895
81 122  -0.1246000000000001
90 122 0.0001333333333333334
91 122 -0.06230000000000003
93 122 0.0002666666666666668
107 122 -0.06230000000000003
108 122 0.0002666666666666667
122 122   0.3766000000000002
123 122 0.0004000000000000001
128 122 -0.06230000000000003
142 122 -0.06230000000000003
155 122 0.0001333333333333334
81 123 0.0002666506536256669
93 123  -0.1188013219096313
108 123  -0.1152667665371669
122 123 0.0004000000000000001
123 123   0.6436047633409145
128 123 0.0002666666666666668
131 123   -0.106822163631457
142 123 0.0002666666666666668
144 123 -0.09701176039196219
155 123   -0.124592204839549
156 123 0.0002427781259572163
265 123 -0.07601933983884157
273 123 0.0001606987165276693
282 123 0.0001223810903607558
291 123 0.0001254627409949386
82 124    833333.3333333343
83 124    1250000.000000001
96 124    416666.6666666672
111 124    1250000.000000001
115 124    833333.3333333338
124 124    3333334.333333336
148 124    416666.6666666669
84 125  -0.1084054235673311
100 125 -0.08006590286730469
105 125 0.0002666666666666665
120 125  0.03359999613077251
125 125   0.6147476528492464
126 125  0.06706666666666665
135 125 0.0001862233919230318
140 125   -0.124110223867692
153 125 -0.05515435327130737
157 125 -0.09991787429617018
158 125  0.03359999999999998
266 125 7.318676430598188e-05
286 125 -0.07560834933468424
291 125 5.91567438201151e-05
309 125 0.0001640728719293217
84 126  0.03359999999999998
89 126   0.2698574529875719
105 126              -0.0623
120 126   0.5625405319308614
125 126  0.06706666666666665
126 126      2.1485293031702
140 126 0.0001333333333333333
153 126   0.5916405319308613
158 126   0.2698574529875719
91 127 -0.04109579452325005
93 127 0.0002662601620305243
127 127   0.2003243560209994
128 127 -0.06230000000000003
130 127 0.0003947108564730186
159 127 -0.04077605176957889
160 127 0.0001333333333333334
269 127 -0.05445071800968064
294 127 0.0001123706442545289
91 128 0.0001333333333333334
93 128  -0.1246000000000001
122 128 -0.06230000000000003
123 128 0.0002666666666666668
127 128 -0.06230000000000003
128 128   0.3766000000000002
130 128 0.0002666666666666668
131 128 0.0004000000000000002
155 128 -0.06230000000000003
160 128 -0.06230000000000001
161 128 0.0001333333333333334
92 129    416666.6666666669
94 129    416666.6666666669
95 129    416666.6666666669
129 129    833334.3333333338
93 130  -0.1078866824461871
127 130 0.0003947108564730186
128 130 0.0002666666666666668
130 130   0.6538202760879293
131 130   -0.124031545703163
133 130 0.0002543396694934494
134 130 0.0003982140101207174
159 130 0.000266291725229804
160 130              -0.1246
163 130  -0.1231429214061465
164 130 0.0002666666666666667
269 130 0.0001684236977889721
272 130 -0.07892389420915616
273 130 0.0002515857549155141
294 130 -0.08999771855644306
93 131 0.0002664226699030447
123 131   -0.106822163631457
128 131 0.0004000000000000002
130 131   -0.124031545703163
131 131   0.6906853985492779
134 131 0.0002663938922259952
135 131 0.000354441402560659
155 131 0.0002666666666666668
156 131  -0.1086420073464554
160 131 0.0002666666666666667
161 131  -0.1246000000000001
164 131  -0.1246000000000001
165 131 0.0002666457293740374
273 131 -0.09659682799966222
291 131 0.0001240581165061932
132 132                    1
98 133 -0.09383444016068396
99 133 0.0002649889238885826
130 133 0.0002543396694934494
133 133    0.623045111682609
134 133  -0.1222547114216407
137 133 0.0002665321264069881
138 133 0.0004000000000000001
162 133 0.0002480420266824306
163 133  -0.1219823782558486
167 133  -0.1236819794752626
168 133 0.0002666666666666667
271 133 4.276256207653338e-05
272 133 -0.07704120410388979
294 133 0.0001993640702039061
297 133 -0.07931574744360922
99 134  -0.1172847054010737
100 134 0.0002578875845110996
130 134 0.0003982140101207174
131 134 0.0002663938922259952
133 134  -0.1222547114216407
134 134   0.7206654758158946
135 134  -0.1179378199384357
138 134 0.0002666666666666668
139 134 0.000399999654532162
163 134 0.0002666666666666667
164 134              -0.1246
168 134  -0.1246000000000001
169 134 0.0002666666666666668
272 134 0.0002444564044367542
273 134  -0.1084378988729764
100 135 -0.08025598053076838
125 135 0.0001862233919230318
131 135 0.000354441402560659
134 135  -0.1179378199384357
135 135    0.572061494907853
139 135 0.0002665439446756132
140 135 0.0003996596874589078
156 135 0.0001376960524975231
157 135 -0.09149696410228253
164 135 0.0002666666666666667
165 135   -0.120562521039162
169 135  -0.1246000000000001
170 135 0.0002666666666666666
273 135  0.00011421199133529
291 135 -0.03292523064923241
101 136 -0.02058787367981688
102 136 0.0001332955376457639
136 136   0.1592506378692106
137 136  -0.0585075145970584
166 136 -0.02036215102393856
