%%MatrixMarket matrix coordinate real general
427 427 4225
1 1    16.18749727950476
2 1    5.405036840164585
3 1  0.02785493827160495
4 1    2.549822910698903
5 1 0.003587962962962946
6 1    2.549822910698903
7 1    5.429303815473228
1 2    5.405036840164585
2 2    33.11100807802455
3 2   0.1113425925925922
4 2    5.457081593251004
5 2   0.0279320987654321
7 2    5.405036840164586
8 2    5.460592395720141
9 2  0.05570987654320987
10 2 -0.04837962962962966
11 2    5.405036840164585
12 2    5.429303815473228
1 3  0.02785493827160495
2 3   0.1113425925925922
3 3     17.5133823422262
4 3    2.910769485021237
5 3 -0.05196759259259259
8 3    5.752017365104205
9 3    5.699972612017786
10 3  0.02793209876543197
13 3    2.855213929465682
1 4    2.549822910698903
2 4    5.457081593251004
3 4    2.910769485021237
4 4    16.70777005777905
8 4    5.706839895968401
1 5 0.003587962962962946
2 5   0.0279320987654321
3 5 -0.05196759259259259
5 5    0.313425925925926
6 5  0.02785493827160495
7 5  0.05578703703703704
10 5  -0.1039351851851852
13 5 7.716049382716051e-05
14 5 -0.05196759259259262
15 5 -0.05196759259259259
16 5 0.000154320987654321
1 6    2.549822910698903
5 6  0.02785493827160495
6 6    16.18749727950476
7 6    5.405036840164587
15 6 0.003587962962962959
17 6    2.549822910698903
18 6    5.429303815473229
1 7    5.429303815473228
2 7    5.405036840164586
5 7  0.05578703703703704
6 7    5.405036840164587
7 7    33.11100807802456
10 7  0.02793209876543211
12 7    5.405036840164587
15 7  0.02793209876543211
16 7 -0.04837962962962965
18 7    5.405036840164588
19 7    5.429303815473229
2 8    5.460592395720141
3 8    5.752017365104206
4 8    5.706839895968401
8 8     34.0054116592645
9 8    5.755528167573342
11 8    5.457081593251004
20 8    5.706839895968401
2 9  0.05570987654320987
3 9    5.699972612017786
8 9    5.755528167573342
9 9    34.88062270914376
10 9 -0.04837962962962976
11 9   0.1113425925925922
13 9    5.724239587326428
20 9    5.752017365104205
21 9    5.699972612017787
22 9  0.02793209876543197
23 9    5.699972612017786
2 10 -0.04837962962962966
3 10  0.02793209876543197
5 10  -0.1039351851851852
7 10  0.02793209876543211
9 10 -0.04837962962962976
10 10   0.6268518518518519
11 10   0.0279320987654321
12 10  0.05578703703703704
13 10  0.05578703703703663
14 10 0.000154320987654321
16 10  -0.1039351851851852
21 10  0.02793209876543208
22 10  -0.1039351851851852
24 10  -0.1039351851851852
25 10 0.000154320987654321
2 11    5.405036840164585
8 11    5.457081593251004
9 11   0.1113425925925922
10 11   0.0279320987654321
11 11    33.24989696691345
12 11    5.387675729053474
20 11     5.44323128460903
22 11   -0.100462962962963
23 11  0.05570987654320987
26 11    5.352953506831255
27 11     5.42930381547323
2 12    5.429303815473228
7 12    5.405036840164587
10 12  0.05578703703703704
11 12    5.387675729053474
12 12    33.24989696691345
16 12  0.02793209876543211
19 12    5.387675729053477
22 12  0.02793209876543211
25 12   -0.100462962962963
27 12    5.352953506831255
28 12    5.429303815473231
3 13    2.855213929465682
5 13 7.716049382716051e-05
9 13    5.724239587326427
10 13  0.05578703703703663
13 13     17.5133823422262
14 13 -0.05196759259259259
21 13    5.699972612017786
24 13  0.02793209876543197
29 13    2.855213929465682
5 14 -0.05196759259259262
10 14 0.000154320987654321
13 14 -0.05196759259259259
14 14   0.3190605494770954
15 14 0.0002175170870508658
16 14 0.001630114106835552
24 14  -0.1039351851851852
29 14 7.716049382716051e-05
30 14 -0.04326089458873883
32 14  0.01183086889742791
348 14 -0.0009893208648545006
5 15 -0.05196759259259259
6 15 0.003587962962962959
7 15  0.02793209876543211
14 15 0.0002175170870508658
15 15   0.3155143862272893
16 15  -0.1032122064635866
17 15  0.02785493827160495
18 15  0.05578703703703706
33 15 -0.04874991750599352
34 15 0.003125277380748286
348 15 -0.02524890881156038
5 16 0.000154320987654321
7 16 -0.04837962962962965
10 16  -0.1039351851851852
12 16  0.02793209876543211
14 16 0.001630114106835552
15 16  -0.1032122064635866
16 16   0.6290449651026268
18 16  0.02793209876543211
19 16  0.05578703703703706
24 16 0.000154320987654321
25 16  -0.1039351851851852
32 16 -0.09872715527259035
34 16  -0.1015813449098569
35 16 0.000154320987654321
348 16  0.03645016368187989
6 17    2.549822910698903
15 17  0.02785493827160495
17 17    16.18749727950476
18 17    5.405036840164585
33 17 0.003587962962962939
36 17    2.549822910698904
37 17    5.429303815473228
6 18    5.429303815473229
7 18    5.405036840164588
15 18  0.05578703703703706
16 18  0.02793209876543211
17 18    5.405036840164586
18 18    33.11100807802456
19 18    5.405036840164585
33 18   0.0279320987654321
34 18 -0.04837962962962968
37 18    5.405036840164587
38 18    5.429303815473228
7 19    5.429303815473229
12 19    5.387675729053477
16 19  0.05578703703703706
18 19    5.405036840164586
19 19    33.24989696691345
25 19  0.02793209876543212
28 19    5.352953506831253
34 19   0.0279320987654321
35 19  -0.1004629629629631
38 19    5.387675729053475
39 19    5.429303815473229
8 20    5.706839895968401
9 20    5.752017365104206
11 20     5.44323128460903
20 20    34.07485610370897
23 20    5.720805945351123
26 20    5.457081593251008
40 20    5.689478784857296
9 21    5.699972612017786
10 21  0.02793209876543208
13 21    5.699972612017786
21 21    34.88062270914376
22 21  0.05578703703703663
23 21    5.724239587326427
24 21 -0.04837962962962976
29 21    5.724239587326428
41 21    5.699972612017787
42 21  0.02793209876543197
43 21    5.699972612017786
9 22  0.02793209876543197
10 22  -0.1039351851851852
11 22   -0.100462962962963
12 22  0.02793209876543211
21 22  0.05578703703703663
22 22   0.9393518518518521
23 22  -0.1004629629629631
24 22 0.000154320987654321
25 22  -0.1560185185185185
26 22  0.02793209876543211
27 22  0.05578703703703706
42 22  -0.1560185185185186
43 22  0.02793209876543208
44 22  -0.2081018518518518
45 22 0.000154320987654321
9 23    5.699972612017786
11 23  0.05570987654320987
20 23    5.720805945351123
21 23    5.724239587326428
22 23  -0.1004629629629631
23 23    35.05423382025488
26 23   0.1113425925925922
40 23    5.752017365104208
43 23    5.665250389795569
44 23  0.02793209876543198
46 23    5.647889278684455
10 24  -0.1039351851851852
13 24  0.02793209876543197
14 24  -0.1039351851851852
16 24 0.000154320987654321
21 24 -0.04837962962962976
22 24 0.000154320987654321
24 24   0.6268518518518519
25 24 0.0002314814814814815
29 24  0.05578703703703663
30 24 0.000154320987654321
32 24  -0.1039351851851852
41 24  0.02793209876543208
42 24  -0.1039351851851852
47 24  -0.1039351851851852
48 24 0.000154320987654321
10 25 0.000154320987654321
12 25   -0.100462962962963
16 25  -0.1039351851851852
19 25  0.02793209876543212
22 25  -0.1560185185185185
24 25 0.0002314814814814815
25 25   0.9393518518518521
27 25  0.02793209876543212
28 25  0.05578703703703707
32 25 0.000154320987654321
35 25  -0.1560185185185185
42 25 0.000154320987654321
45 25  -0.2081018518518518
48 25  -0.1560185185185186
49 25 0.000154320987654321
11 26    5.352953506831255
20 26    5.457081593251008
22 26  0.02793209876543211
23 26   0.1113425925925922
26 26    33.42350807802456
27 26    5.352953506831255
40 26    5.408509062386809
44 26  -0.1525462962962964
46 26  0.05570987654320986
50 26    5.352953506831251
51 26    5.429303815473226
11 27    5.429303815473229
12 27    5.352953506831255
22 27  0.05578703703703706
25 27  0.02793209876543212
26 27    5.352953506831255
27 27    33.42350807802458
28 27    5.352953506831256
44 27   0.0279320987654321
45 27  -0.1525462962962964
51 27    5.352953506831253
52 27    5.429303815473229
12 28    5.429303815473232
19 28    5.352953506831253
25 28  0.05578703703703707
27 28    5.352953506831255
28 28    33.42350807802457
35 28  0.02793209876543211
39 28    5.352953506831253
45 28  0.02793209876543211
49 28  -0.1525462962962964
52 28    5.352953506831253
53 28    5.429303815473229
13 29    2.855213929465682
14 29 7.716049382716051e-05
21 29    5.724239587326427
24 29  0.05578703703703663
29 29     17.5133823422262
30 29 -0.05196759259259259
41 29    5.699972612017788
47 29  0.02793209876543198
54 29    2.855213929465684
14 30 -0.04326089458873883
24 30 0.000154320987654321
29 30 -0.05196759259259259
30 30   0.7682820523022398
32 30   0.3090601497356257
47 30 -0.08546629973884723
54 30 7.716049382716052e-05
55 30 -0.002209614252110028
348 30   0.1436418420830551
357 30    0.163868656339852
358 30   0.2240030146853296
31 31     482254.086419753
56 31    241126.5432098765
58 31    241126.5432098765
59 31    241126.5432098765
14 32  0.01183086889742791
16 32 -0.09872715527259035
24 32  -0.1039351851851852
25 32 0.000154320987654321
30 32   0.3090601497356257
32 32    2.373210157701364
34 32   0.1147617931535726
35 32  0.08456230234986906
47 32   0.0626550265413257
48 32  0.07846582102640212
348 32    0.319620606741704
357 32   0.1023142005212254
358 32   0.2717290252413465
360 32   0.2091858474114228
361 32   0.2629710251109965
15 33 -0.04874991750599352
17 33 0.003587962962962939
18 33   0.0279320987654321
33 33   0.4223898478649152
34 33 -0.04184815502274485
36 33  0.02785493827160494
37 33  0.05578703703703703
61 33 -0.04232787522139383
62 33  0.01636751280239702
348 33  0.09332496592119338
359 33  0.08892918469767357
15 34 0.003125277380748286
16 34  -0.1015813449098569
18 34 -0.04837962962962968
19 34   0.0279320987654321
32 34   0.1147617931535726
33 34 -0.04184815502274485
34 34   0.9461064492313039
35 34 -0.09724807888163729
37 34   0.0279320987654321
38 34  0.05578703703703703
62 34 -0.07316149007419123
63 34 0.001350295237427106
348 34   0.3101049290326414
359 34   0.2059762906985577
360 34   0.1449365648475662
16 35 0.000154320987654321
19 35  -0.1004629629629631
25 35  -0.1560185185185185
28 35  0.02793209876543211
32 35  0.08456230234986904
34 35 -0.09724807888163729
35 35   0.9793083123295351
38 35  0.02793209876543211
39 35  0.05578703703703706
48 35 0.003371295052061201
49 35  -0.2080629493275362
63 35  -0.1525619790413946
64 35 0.0001556457567647855
360 35   0.1247766883733279
361 35 -0.06348380704559818
17 36    2.549822910698904
33 36  0.02785493827160494
36 36    16.18749727950476
37 36    5.405036840164587
61 36 0.003587962962962946
65 36    2.549822910698904
66 36    5.429303815473228
17 37    5.429303815473228
18 37    5.405036840164587
33 37  0.05578703703703703
34 37   0.0279320987654321
36 37    5.405036840164587
37 37    33.11100807802456
38 37    5.405036840164587
61 37   0.0279320987654321
62 37 -0.04837962962962966
66 37    5.405036840164587
67 37    5.429303815473228
18 38    5.429303815473228
19 38    5.387675729053475
34 38  0.05578703703703703
35 38  0.02793209876543211
37 38    5.405036840164587
38 38    33.24989696691345
39 38    5.352953506831254
62 38   0.0279320987654321
63 38   -0.100462962962963
67 38    5.387675729053475
68 38    5.429303815473229
19 39    5.429303815473229
28 39    5.352953506831253
35 39  0.05578703703703706
38 39    5.352953506831253
39 39    33.42350807802456
49 39   0.0279320987654321
53 39    5.352953506831253
63 39  0.02793209876543211
64 39  -0.1525462962962964
68 39    5.352953506831253
69 39    5.429303815473229
20 40    5.689478784857296
23 40    5.752017365104208
26 40    5.408509062386809
40 40    34.14430054815341
46 40    5.703444834240006
50 40    5.457081593251004
70 40    5.689478784857291
21 41    5.699972612017786
24 41  0.02793209876543208
29 41    5.699972612017788
41 41    34.88062270914376
42 41  0.05578703703703663
43 41    5.724239587326427
47 41 -0.04837962962962976
54 41     5.72423958732643
71 41    5.699972612017789
72 41  0.02793209876543198
73 41    5.699972612017788
21 42  0.02793209876543197
22 42  -0.1560185185185186
24 42  -0.1039351851851852
25 42 0.000154320987654321
41 42  0.05578703703703663
42 42   0.9393518518518521
43 42  -0.1004629629629631
44 42 0.000154320987654321
45 42 0.0002314814814814815
47 42 0.000154320987654321
48 42  -0.1560185185185185
72 42  -0.1560185185185186
73 42  0.02793209876543208
74 42  -0.2081018518518518
75 42 0.000154320987654321
21 43    5.699972612017786
22 43  0.02793209876543208
23 43    5.665250389795568
41 43    5.724239587326428
42 43  -0.1004629629629631
43 43    35.05423382025488
44 43  0.05578703703703664
46 43     5.72423958732643
73 43    5.665250389795569
74 43  0.02793209876543198
76 43    5.647889278684455
22 44  -0.2081018518518518
23 44  0.02793209876543198
26 44  -0.1525462962962964
27 44   0.0279320987654321
42 44 0.000154320987654321
43 44  0.05578703703703664
44 44    1.251851851851852
45 44  -0.2081018518518518
46 44  -0.1525462962962964
50 44   0.0279320987654321
51 44  0.05578703703703703
74 44   -0.208101851851852
76 44  0.02793209876543208
77 44  -0.2081018518518519
78 44 0.0001543209876543209
22 45 0.000154320987654321
25 45  -0.2081018518518518
27 45  -0.1525462962962964
28 45  0.02793209876543211
42 45 0.0002314814814814815
44 45  -0.2081018518518518
45 45    1.251851851851852
48 45 0.000154320987654321
49 45  -0.2081018518518518
51 45  0.02793209876543211
52 45  0.05578703703703706
74 45 0.000154320987654321
75 45   -0.208101851851852
78 45  -0.2081018518518519
79 45 0.000154320987654321
23 46    5.647889278684455
26 46  0.05570987654320986
40 46    5.703444834240006
43 46     5.72423958732643
44 46  -0.1525462962962964
46 46    35.19312270914376
50 46   0.1113425925925922
70 46    5.752017365104204
76 46    5.647889278684452
77 46  0.02793209876543197
80 46    5.647889278684451
24 47  -0.1039351851851852
29 47  0.02793209876543198
30 47 -0.08546629973884723
32 47   0.0626550265413257
41 47 -0.04837962962962976
42 47 0.000154320987654321
47 47    0.693211255484199
48 47  0.05660847887139097
54 47  0.05578703703703664
55 47 0.005293473434059842
71 47  0.02793209876543208
72 47  -0.1038939103660353
81 47 -0.09754811064913682
358 47    0.140997881601793
369 47  0.06304889521049731
24 48 0.000154320987654321
25 48  -0.1560185185185186
32 48  0.07846582102640212
35 48 0.003371295052061201
42 48  -0.1560185185185185
45 48 0.000154320987654321
47 48  0.05660847887139097
48 48    1.650874830634342
49 48 0.0009173740917923561
72 48 0.0003590209013394355
75 48  -0.1855968268277309
83 48   0.1706240073352113
358 48   0.3591858960904126
361 48   0.2306545281557834
369 48    0.258817637593756
25 49 0.000154320987654321
28 49  -0.1525462962962964
35 49  -0.2080629493275362
39 49   0.0279320987654321
45 49  -0.2081018518518518
48 49 0.0009173740917923561
49 49    1.251857659260471
52 49   0.0279320987654321
53 49  0.05578703703703703
64 49  -0.2080869060103379
75 49 0.000154320987654321
79 49   -0.208101851851852
83 49  -0.2076211674013651
84 49 0.0001543209876543209
361 49   0.0058361118421641
26 50    5.352953506831251
40 50    5.457081593251004
44 50   0.0279320987654321
46 50   0.1113425925925922
50 50    33.28461918913565
51 50    5.370314617942363
70 50    5.425870173497918
77 50   -0.100462962962963
80 50  0.05570987654320984
85 50    5.405036840164585
86 50    5.429303815473226
26 51    5.429303815473226
27 51    5.352953506831253
44 51  0.05578703703703703
45 51  0.02793209876543211
50 51    5.370314617942363
51 51    33.28461918913567
52 51    5.370314617942366
77 51   0.0279320987654321
78 51   -0.100462962962963
86 51    5.405036840164587
87 51    5.429303815473229
27 52    5.429303815473229
28 52    5.352953506831253
45 52  0.05578703703703706
49 52   0.0279320987654321
51 52    5.370314617942366
52 52    33.28461918913568
53 52    5.370314617942366
78 52  0.02793209876543211
79 52  -0.1004629629629631
87 52    5.405036840164587
88 52    5.429303815473229
28 53    5.429303815473228
39 53    5.352953506831253
49 53  0.05578703703703703
52 53    5.370314617942366
53 53    33.28461918913568
64 53   0.0279320987654321
69 53    5.370314617942366
79 53   0.0279320987654321
84 53   -0.100462962962963
88 53    5.405036840164587
89 53    5.429303815473229
29 54    2.855213929465684
30 54 7.716049382716052e-05
41 54     5.72423958732643
47 54  0.05578703703703664
54 54     17.5133823422262
55 54 -0.05196759259259261
71 54    5.699972612017789
81 54  0.02793209876543198
90 54    2.855213929465684
30 55 -0.002209614252110028
47 55 0.005293473434059842
54 55 -0.05196759259259261
55 55   0.5397975110813498
81 55 -0.09633760886763149
90 55 7.716049382716052e-05
91 55 -0.05143042518068313
93 55  0.06637588052130648
357 55  0.09848103247269349
358 55   0.2999340937425915
372 55   0.1189585911836069
31 56    241126.5432098765
56 56    2893519.518518518
57 56    482253.0864197531
58 56     482253.086419753
59 56    964506.1728395062
92 56    482253.0864197533
94 56    723379.6296296297
95 56    964506.1728395063
56 57    482253.0864197531
57 57    2411266.432098765
59 57     482253.086419753
60 57    723379.6296296297
82 57    241126.5432098765
92 57    241126.5432098766
95 57    964506.1728395062
96 57    482253.0864197531
31 58    241126.5432098765
56 58    482253.0864197531
58 58    964507.1728395059
59 58     482253.086419753
94 58    241126.5432098765
31 59    241126.5432098765
56 59    964506.1728395062
57 59     482253.086419753
58 59     482253.086419753
59 59    2411266.432098764
60 59    241126.5432098765
94 59     482253.086419753
95 59    723379.6296296295
57 60    723379.6296296297
59 60    241126.5432098765
60 60    1446760.259259259
82 60    241126.5432098765
95 60     482253.086419753
96 60     482253.086419753
33 61 -0.04232787522139383
36 61 0.003587962962962946
37 61   0.0279320987654321
61 61   0.3437992466708802
62 61 -0.07329471815249854
65 61  0.02785493827160494
66 61  0.05578703703703703
101 61 -0.05192494016588621
102 61 0.0002838948646515913
359 61  0.06858630215222483
377 61 -0.007421399578290593
33 62  0.01636751280239702
34 62 -0.07316149007419123
37 62 -0.04837962962962966
38 62   0.0279320987654321
61 62 -0.07329471815249854
62 62   0.8060280322939881
63 62  -0.1001744307640148
66 62   0.0279320987654321
67 62  0.05578703703703703
98 62  0.02057757251226134
102 62  -0.1035797464650891
103 62 0.0001543209876543209
359 62    0.275056935974754
360 62   0.1219470465759264
377 62   0.1115410687465512
34 63 0.001350295237427106
35 63  -0.1525619790413946
38 63   -0.100462962962963
39 63  0.02793209876543211
62 63  -0.1001744307640148
63 63   0.9635481654619751
64 63  -0.2080731221957071
67 63  0.02793209876543211
68 63  0.05578703703703706
98 63   0.0259976569184347
99 63  -0.1253379715208656
103 63  -0.1560185185185186
104 63 0.000154320987654321
360 63   0.1302628228192446
361 63   0.0420620930149543
35 64 0.0001556457567647855
39 64  -0.1525462962962964
49 64  -0.2080869060103379
53 64   0.0279320987654321
63 64  -0.2080731221957071
64 64    1.251848359632441
68 64   0.0279320987654321
69 64  0.05578703703703703
83 64 0.000294017816473433
84 64  -0.2081018518518519
99 64 0.0005114613384628031
100 64  -0.2078225058784446
104 64   -0.208101851851852
105 64 0.0001543209876543209
361 64 0.005368051956480163
36 65    2.549822910698904
61 65  0.02785493827160494
65 65    16.18749727950476
66 65    5.405036840164587
101 65 0.003587962962962946
106 65    2.549822910698904
107 65    5.429303815473228
36 66    5.429303815473228
37 66    5.405036840164587
61 66  0.05578703703703703
62 66   0.0279320987654321
65 66    5.405036840164587
66 66    33.11100807802456
67 66    5.405036840164587
101 66   0.0279320987654321
102 66 -0.04837962962962966
107 66    5.405036840164587
108 66    5.429303815473228
37 67    5.429303815473228
38 67    5.387675729053475
62 67  0.05578703703703703
63 67  0.02793209876543211
66 67    5.405036840164587
67 67    33.24989696691345
68 67    5.352953506831254
102 67   0.0279320987654321
103 67   -0.100462962962963
108 67    5.387675729053475
109 67    5.429303815473229
38 68    5.429303815473229
39 68    5.352953506831253
63 68  0.05578703703703706
64 68   0.0279320987654321
67 68    5.352953506831253
68 68    33.42350807802456
69 68    5.352953506831253
103 68  0.02793209876543211
104 68  -0.1525462962962964
109 68    5.352953506831253
110 68    5.429303815473229
39 69    5.429303815473228
53 69    5.370314617942366
64 69  0.05578703703703703
68 69    5.352953506831253
69 69    33.28461918913568
84 69   0.0279320987654321
89 69    5.405036840164587
104 69   0.0279320987654321
105 69   -0.100462962962963
110 69    5.370314617942366
111 69    5.429303815473229
40 70    5.689478784857291
46 70    5.752017365104204
50 70    5.425870173497918
70 70    34.07485610370895
80 70    5.738167056462228
85 70    5.457081593251004
112 70    5.706839895968402
41 71    5.699972612017789
47 71  0.02793209876543208
54 71    5.699972612017789
71 71    34.88062270914377
72 71  0.05578703703703664
73 71     5.72423958732643
81 71 -0.04837962962962979
90 71    5.724239587326429
113 71    5.699972612017787
114 71  0.02793209876543198
115 71    5.699972612017789
41 72  0.02793209876543198
42 72  -0.1560185185185186
47 72  -0.1038939103660353
48 72 0.0003590209013394355
71 72  0.05578703703703664
72 72   0.9392252137309136
73 72  -0.1004629629629631
74 72 0.000154320987654321
75 72 0.000411013077405834
81 72 0.0001621441344105384
114 72  -0.1559986889600105
115 72  0.02793209876543208
116 72  -0.2081018518518518
117 72 0.0002050768519056725
369 72  -0.1521210556507753
41 73    5.699972612017788
42 73  0.02793209876543208
43 73    5.665250389795568
71 73     5.72423958732643
72 73  -0.1004629629629631
73 73    35.05423382025489
74 73  0.05578703703703664
76 73     5.72423958732643
115 73    5.665250389795567
116 73  0.02793209876543199
118 73    5.647889278684455
42 74  -0.2081018518518518
43 74  0.02793209876543198
44 74   -0.208101851851852
45 74 0.000154320987654321
72 74 0.000154320987654321
73 74  0.05578703703703664
74 74    1.251851851851852
75 74  -0.2081018518518518
76 74  -0.1525462962962964
77 74 0.0001543209876543208
78 74 0.0002314814814814813
116 74   -0.208101851851852
118 74  0.02793209876543208
119 74  -0.2081018518518519
120 74 0.0001543209876543209
42 75 0.000154320987654321
45 75   -0.208101851851852
48 75  -0.1855968268277309
49 75 0.000154320987654321
72 75 0.000411013077405834
74 75  -0.2081018518518518
75 75    1.301305725690137
78 75 0.0001543209876543209
79 75 0.0002314814814814815
83 75 -0.04660829119841776
116 75 0.000154320987654321
117 75  -0.1140246214280378
120 75  -0.2081018518518519
121 75 0.006095667268750975
369 75    0.194369782439095
43 76    5.647889278684455
44 76  0.02793209876543208
46 76    5.647889278684452
73 76     5.72423958732643
74 76  -0.1525462962962964
76 76    35.19312270914376
77 76  0.05578703703703661
80 76    5.724239587326426
118 76    5.647889278684452
119 76  0.02793209876543197
122 76    5.647889278684451
44 77  -0.2081018518518519
46 77  0.02793209876543197
50 77   -0.100462962962963
51 77   0.0279320987654321
74 77 0.0001543209876543208
76 77  0.05578703703703661
77 77   0.9393518518518521
78 77  -0.1560185185185185
80 77  -0.1004629629629631
85 77   0.0279320987654321
86 77  0.05578703703703703
119 77  -0.1560185185185186
122 77  0.02793209876543207
123 77  -0.1039351851851852
124 77 0.0001543209876543209
44 78 0.0001543209876543209
45 78  -0.2081018518518519
51 78   -0.100462962962963
52 78  0.02793209876543211
74 78 0.0002314814814814813
75 78 0.0001543209876543209
77 78  -0.1560185185185185
78 78   0.9393518518518521
79 78  -0.1560185185185185
86 78  0.02793209876543211
87 78  0.05578703703703706
119 78 0.0001543209876543209
120 78  -0.1560185185185186
124 78  -0.1039351851851852
125 78 0.000154320987654321
45 79 0.000154320987654321
49 79   -0.208101851851852
52 79  -0.1004629629629631
53 79   0.0279320987654321
75 79 0.0002314814814814815
78 79  -0.1560185185185185
79 79   0.9393518518518522
83 79 0.0001543209876543209
84 79  -0.1560185185185186
87 79   0.0279320987654321
88 79  0.05578703703703703
120 79 0.000154320987654321
121 79  -0.1560185185185186
125 79  -0.1039351851851852
126 79 0.0001543209876543209
46 80    5.647889278684451
50 80  0.05570987654320984
70 80    5.738167056462228
76 80    5.724239587326426
77 80  -0.1004629629629631
80 80    35.01951159803264
85 80   0.1113425925925922
112 80    5.752017365104204
122 80    5.682611500906672
123 80  0.02793209876543197
127 80    5.699972612017785
47 81 -0.09754811064913682
54 81  0.02793209876543198
55 81 -0.09633760886763149
71 81 -0.04837962962962979
72 81 0.0001621441344105384
81 81   0.6557080040286908
90 81  0.05578703703703664
91 81 0.000154320987654321
93 81 -0.04163426350014758
113 81  0.02793209876543208
114 81  -0.1039089744866778
128 81  -0.1039351851851852
129 81 0.001087738497214401
358 81   0.1133697443405098
369 81  0.08311301727122185
57 82    241126.5432098765
60 82    241126.5432098765
82 82     482254.086419753
96 82    241126.5432098765
48 83   0.1706240073352113
49 83  -0.2076211674013651
64 83 0.000294017816473433
75 83 -0.04660829119841775
79 83 0.0001543209876543209
83 83    2.433688533394036
84 83 0.0002314814814814813
100 83 0.008817786166278874
117 83   0.3038822976925565
121 83 -0.02705446038683279
131 83  0.05421915270006277
361 83   0.1266931438412459
369 83   0.3445886722020089
376 83  0.09727773618499816
387 83   0.1125732548099037
49 84 0.0001543209876543209
53 84   -0.100462962962963
64 84  -0.2081018518518519
69 84   0.0279320987654321
79 84  -0.1560185185185186
83 84 0.0002314814814814813
84 84   0.9393518518518524
88 84   0.0279320987654321
89 84  0.05578703703703703
100 84 0.0001543209876543208
105 84  -0.1560185185185186
121 84 0.0001543209876543209
126 84  -0.1039351851851852
131 84  -0.1560185185185186
132 84 0.0001543209876543209
50 85    5.405036840164585
70 85    5.457081593251004
77 85   0.0279320987654321
80 85   0.1113425925925922
85 85    33.11100807802455
86 85    5.405036840164585
112 85     5.46059239572014
123 85 -0.04837962962962966
127 85  0.05570987654320984
133 85    5.405036840164585
134 85    5.429303815473226
50 86    5.429303815473226
51 86    5.405036840164587
77 86  0.05578703703703703
78 86  0.02793209876543211
85 86    5.405036840164585
86 86    33.11100807802456
87 86    5.405036840164589
123 86   0.0279320987654321
124 86 -0.04837962962962965
134 86    5.405036840164587
135 86    5.429303815473229
51 87    5.429303815473229
52 87    5.405036840164587
78 87  0.05578703703703706
79 87   0.0279320987654321
86 87    5.405036840164589
87 87    33.11100807802457
88 87    5.405036840164589
124 87  0.02793209876543211
125 87 -0.04837962962962968
135 87    5.405036840164587
136 87    5.429303815473229
52 88    5.429303815473228
53 88    5.405036840164587
79 88  0.05578703703703703
84 88   0.0279320987654321
87 88    5.405036840164589
88 88    33.11100807802457
89 88    5.405036840164589
125 88   0.0279320987654321
126 88 -0.04837962962962966
136 88    5.405036840164587
137 88    5.429303815473229
53 89    5.429303815473228
69 89    5.405036840164587
84 89  0.05578703703703703
88 89    5.405036840164589
89 89    33.11100807802457
105 89   0.0279320987654321
111 89    5.405036840164589
126 89   0.0279320987654321
132 89 -0.04837962962962966
137 89    5.405036840164587
138 89    5.429303815473229
54 90    2.855213929465684
55 90 7.716049382716052e-05
71 90    5.724239587326429
81 90  0.05578703703703664
90 90     17.5133823422262
91 90 -0.05196759259259261
113 90    5.699972612017787
128 90  0.02793209876543198
139 90    2.855213929465684
55 91 -0.05143042518068313
81 91 0.000154320987654321
90 91 -0.05196759259259261
91 91   0.3136462253313598
93 91 0.002168902767168687
128 91  -0.1039351851851852
139 91 7.716049382716052e-05
140 91 -0.05196759259259261
141 91 -0.05142991961572745
142 91 0.000154320987654321
372 91 0.008705896189357593
56 92    482253.0864197533
57 92    241126.5432098766
92 92    1929013.345679012
94 92    482253.0864197533
95 92    964506.1728395065
143 92    482253.0864197533
144 92    241126.5432098766
55 93  0.06637588052130647
81 93 -0.04163426350014758
91 93 0.002168902767168687
93 93    2.084556523426492
128 93 0.000154320987654321
129 93   0.1298172879321583
141 93   0.1018455526222244
142 93 -0.03965274689168852
358 93   0.1885972100684502
369 93   0.2734562145164648
372 93   0.2223560284224723
375 93 0.005313944662146926
376 93  0.07001961591867892
392 93   0.2039013752980486
393 93   0.2416823695209004
56 94    723379.6296296297
58 94    241126.5432098765
59 94     482253.086419753
92 94    482253.0864197533
94 94    2893519.518518519
95 94    964506.1728395062
143 94    723379.6296296297
146 94    241126.5432098765
147 94     482253.086419753
56 95    964506.1728395063
57 95    964506.1728395062
59 95    723379.6296296295
60 95     482253.086419753
92 95    964506.1728395065
94 95    964506.1728395062
95 95    5787038.037037035
96 95     482253.086419753
143 95    964506.1728395063
144 95    964506.1728395062
147 95    723379.6296296295
148 95     482253.086419753
57 96    482253.0864197531
60 96    482253.0864197531
82 96    241126.5432098765
95 96     482253.086419753
96 96    1929013.345679012
144 96     482253.086419753
145 96    241126.5432098765
148 96     482253.086419753
97 97                    1
62 98  0.02057757251226134
63 98   0.0259976569184347
98 98    1.556274237232234
99 98  0.06273890625893735
102 98 0.001479069651379253
103 98 0.0002314814814814813
151 98  0.02470684376659826
152 98  0.02085116806330212
359 98  0.09451776340605524
360 98   0.1358769111083317
374 98 0.003878292661555064
375 98  0.01945484390230386
377 98    0.138434168121463
394 98   0.1360236629406166
395 98   0.1435443637320012
63 99  -0.1253379715208656
64 99 0.0005114613384628031
98 99  0.06273890625893734
99 99    1.771618086163778
100 99  -0.0646897303684313
103 99 0.000154320987654321
104 99 0.0002314814814814815
152 99  -0.1283659299213654
153 99 0.0003019347934187267
360 99     0.15505821564165
361 99   0.1053922023234773
375 99  0.08630716739672775
376 99   0.0957019615094616
395 99   0.1990702866516989
396 99   0.1029274010524734
64 100  -0.2078225058784446
83 100 0.008817786166278874
84 100 0.0001543209876543208
99 100 -0.06468973036843131
100 100    1.767169697608704
104 100 0.000154320987654321
105 100 0.0002314814814814813
131 100    -0.15789636602653
149 100 -0.002978236973237694
153 100  -0.2079318069095768
154 100 0.0001543209876543209
361 100   0.1600666065866517
376 100   0.2756172114047122
387 100   0.1466939621272743
396 100   0.1738498627086366
61 101 -0.05192494016588621
65 101 0.003587962962962946
66 101   0.0279320987654321
101 101   0.3132753704214363
102 101  -0.1037998557705184
106 101  0.05563271604938271
107 101   0.1113425925925926
150 101  -0.0519249774145945
155 101 0.003587962962962953
156 101   0.0279320987654321
377 101 0.0005859216456193792
61 102 0.0002838948646515912
62 102  -0.1035797464650891
66 102 -0.04837962962962966
67 102   0.0279320987654321
98 102 0.001479069651379253
101 102  -0.1037998557705184
102 102   0.6272256482467465
103 102  -0.1039351851851851
107 102  0.05570987654320987
108 102   0.1113425925925926
150 102 0.0003809375926039176
151 102  -0.1035330770833769
156 102 -0.04837962962962965
157 102   0.0279320987654321
377 102  0.01304244205981103
62 103 0.0001543209876543209
63 103  -0.1560185185185186
67 103   -0.100462962962963
68 103  0.02793209876543211
98 103 0.0002314814814814813
99 103 0.000154320987654321
102 103  -0.1039351851851851
103 103   0.9393518518518521
104 103  -0.2081018518518518
108 103   0.0557098765432099
109 103   0.1113425925925926
151 103 0.0001543209876543208
152 103  -0.1560185185185186
157 103   -0.100462962962963
158 103  0.02793209876543211
63 104 0.000154320987654321
64 104   -0.208101851851852
68 104  -0.1525462962962964
69 104   0.0279320987654321
99 104 0.0002314814814814815
100 104 0.000154320987654321
103 104  -0.2081018518518518
104 104    1.251851851851852
105 104  -0.2081018518518519
109 104  0.05570987654320987
110 104   0.1113425925925926
152 104 0.000154320987654321
153 104   -0.208101851851852
158 104  -0.1525462962962964
159 104   0.0279320987654321
64 105 0.0001543209876543209
69 105   -0.100462962962963
84 105  -0.1560185185185186
89 105   0.0279320987654321
100 105 0.0002314814814814813
104 105  -0.2081018518518519
105 105   0.9393518518518524
110 105  0.05570987654320987
111 105   0.1113425925925926
131 105 0.0001543209876543209
132 105  -0.1039351851851852
153 105 0.0001543209876543208
154 105  -0.1560185185185186
159 105   -0.100462962962963
160 105   0.0279320987654321
65 106    2.549822910698904
101 106  0.05563271604938271
106 106    10.44929164279562
107 106    5.155201376953362
155 106    2.549822910698904
65 107    5.429303815473228
66 107    5.405036840164587
101 107   0.1113425925925926
102 107  0.05570987654320987
106 107    5.155201376953362
107 107    31.90317857085867
108 107    5.155201376953362
155 107    5.134368043620026
156 107    5.110101068311384
66 108    5.429303815473228
67 108    5.387675729053475
102 108   0.1113425925925926
103 108   0.0557098765432099
107 108    5.155201376953362
108 108    31.97262301530312
109 108    5.120479154731141
156 108    5.134368043620026
157 108    5.092739957200273
67 109    5.429303815473229
68 109    5.352953506831253
103 109   0.1113425925925926
104 109  0.05570987654320987
108 109    5.120479154731141
109 109    32.07678968196979
110 109    5.120479154731139
157 109     5.13436804362003
158 109    5.058017734978052
68 110    5.429303815473228
69 110    5.370314617942366
104 110   0.1113425925925926
105 110  0.05570987654320987
109 110    5.120479154731139
110 110    32.00734523752534
111 110    5.155201376953362
158 110    5.134368043620029
159 110    5.075378846089166
69 111    5.429303815473228
89 111    5.405036840164589
105 111   0.1113425925925926
110 111    5.155201376953362
111 111    31.90317857085868
132 111  0.05570987654320987
138 111    5.155201376953362
159 111    5.134368043620029
160 111    5.110101068311388
70 112    5.706839895968402
80 112    5.752017365104204
85 112     5.46059239572014
112 112     34.0054116592645
127 112     5.75552816757334
133 112    5.457081593251004
161 112    5.706839895968402
71 113    5.699972612017787
81 113  0.02793209876543208
90 113    5.699972612017787
113 113    34.88062270914376
114 113  0.05578703703703664
115 113    5.724239587326429
128 113 -0.04837962962962979
139 113    5.724239587326429
162 113    5.699972612017787
163 113  0.02793209876543198
164 113    5.699972612017787
71 114  0.02793209876543198
72 114  -0.1559986889600105
81 114  -0.1039089744866778
113 114  0.05578703703703664
114 114   0.9392386520164995
115 114  -0.1004629629629632
116 114 0.000154320987654321
117 114 0.0004322352527367216
128 114 0.000154320987654321
129 114  -0.1556525451296217
163 114  -0.1560185185185186
164 114  0.02793209876543208
165 114  -0.2081018518518518
166 114 0.000154320987654321
369 114 0.002570174762171789
71 115    5.699972612017789
72 115  0.02793209876543208
73 115    5.665250389795567
113 115    5.724239587326429
114 115  -0.1004629629629632
115 115    35.05423382025488
116 115  0.05578703703703666
118 115    5.724239587326431
164 115    5.665250389795567
165 115  0.02793209876543198
167 115    5.647889278684455
72 116  -0.2081018518518518
73 116  0.02793209876543199
74 116   -0.208101851851852
75 116 0.000154320987654321
114 116 0.000154320987654321
115 116  0.05578703703703666
116 116    1.251851851851852
117 116  -0.2081018518518519
118 116  -0.1525462962962965
119 116 0.0001543209876543208
120 116 0.0002314814814814813
165 116  -0.2081018518518518
167 116  0.02793209876543209
168 116   -0.208101851851852
169 116 0.000154320987654321
72 117 0.0002050768519056725
75 117  -0.1140246214280378
83 117   0.3038822976925565
114 117 0.0004322352527367216
116 117  -0.2081018518518519
117 117    2.586013650353721
120 117 0.0001543209876543209
121 117   0.3712931733230423
129 117   0.1966341746499027
165 117 0.000154320987654321
166 117 -0.01686953173375527
169 117 -0.08223925699967495
369 117   0.1859161021646457
387 117   0.1535513055563269
404 117   0.2260345000229997
73 118    5.647889278684455
74 118  0.02793209876543208
76 118    5.647889278684452
115 118    5.724239587326431
116 118  -0.1525462962962965
118 118    35.19312270914376
119 118  0.05578703703703661
122 118    5.724239587326426
167 118    5.647889278684453
168 118  0.02793209876543198
171 118    5.647889278684452
74 119  -0.2081018518518519
76 119  0.02793209876543197
77 119  -0.1560185185185186
78 119 0.0001543209876543209
116 119 0.0001543209876543208
118 119  0.05578703703703661
119 119   0.9393518518518521
120 119  -0.1560185185185185
122 119  -0.1004629629629631
123 119 0.0001543209876543208
124 119 0.0002314814814814813
168 119  -0.1560185185185186
171 119  0.02793209876543207
172 119  -0.1039351851851852
173 119 0.0001543209876543209
74 120 0.0001543209876543209
75 120  -0.2081018518518519
78 120  -0.1560185185185186
79 120 0.000154320987654321
116 120 0.0002314814814814813
117 120 0.0001543209876543209
119 120  -0.1560185185185185
120 120   0.9393518518518521
121 120  -0.1560185185185185
124 120 0.0001543209876543209
125 120 0.0002314814814814815
168 120 0.0001543209876543209
169 120  -0.1560185185185186
173 120  -0.1039351851851852
174 120 0.000154320987654321
75 121 0.006095667268750975
79 121  -0.1560185185185186
83 121 -0.02705446038683279
84 121 0.0001543209876543209
117 121   0.3712931733230424
120 121  -0.1560185185185185
121 121    1.535714624037287
125 121 0.0001543209876543209
126 121 0.0002314814814814813
131 121 -0.06609794444722238
169 121   0.1091077275502681
174 121 -0.08135047155090355
175 121 0.006437330353968497
387 121    0.198841257865891
404 121   0.1850130300180487
76 122    5.647889278684451
77 122  0.02793209876543207
80 122    5.682611500906672
118 122    5.724239587326426
119 122  -0.1004629629629631
122 122    35.01951159803264
123 122  0.05578703703703661
127 122    5.724239587326426
171 122    5.682611500906672
172 122  0.02793209876543197
176 122    5.699972612017785
77 123  -0.1039351851851852
80 123  0.02793209876543197
85 123 -0.04837962962962966
86 123   0.0279320987654321
119 123 0.0001543209876543208
122 123  0.05578703703703661
123 123   0.6268518518518519
124 123  -0.1039351851851851
127 123 -0.04837962962962973
133 123  0.05570987654320987
134 123   0.1113425925925926
172 123  -0.1039351851851852
176 123  0.02793209876543207
177 123 -0.04837962962962965
178 123   0.0279320987654321
77 124 0.0001543209876543209
78 124  -0.1039351851851852
86 124 -0.04837962962962965
87 124  0.02793209876543211
119 124 0.0002314814814814813
120 124 0.0001543209876543209
123 124  -0.1039351851851851
124 124   0.6268518518518519
125 124  -0.1039351851851851
134 124   0.0557098765432099
135 124   0.1113425925925926
172 124 0.0001543209876543209
173 124  -0.1039351851851852
178 124 -0.04837962962962966
179 124  0.02793209876543211
78 125 0.000154320987654321
79 125  -0.1039351851851852
87 125 -0.04837962962962968
88 125   0.0279320987654321
120 125 0.0002314814814814815
121 125 0.0001543209876543209
124 125  -0.1039351851851851
125 125    0.626851851851852
126 125  -0.1039351851851852
135 125  0.05570987654320987
136 125   0.1113425925925926
173 125 0.000154320987654321
174 125  -0.1039351851851852
179 125 -0.04837962962962967
180 125   0.0279320987654321
79 126 0.0001543209876543209
84 126  -0.1039351851851852
88 126 -0.04837962962962966
89 126   0.0279320987654321
121 126 0.0002314814814814813
125 126  -0.1039351851851852
126 126    0.626851851851852
131 126 0.0001543209876543208
132 126  -0.1039351851851852
136 126  0.05570987654320987
137 126   0.1113425925925926
174 126 0.0001543209876543209
175 126  -0.1039351851851852
180 126 -0.04837962962962965
181 126   0.0279320987654321
80 127    5.699972612017785
85 127  0.05570987654320984
112 127     5.75552816757334
122 127    5.724239587326426
123 127 -0.04837962962962973
127 127    34.88062270914375
133 127   0.1668981481481477
161 127    5.779795142881981
176 127    5.699972612017784
177 127  0.05570987654320975
182 127     5.75552816757334
81 128  -0.1039351851851852
90 128  0.02793209876543198
