%%MatrixMarket matrix coordinate real general
1680 1680 11284
1 1    15254970741.80561
2 1 0.0001797885163269777
3 1     3813742685.45101
4 1 -0.0001952114836730219
5 1 0.0001797885163269777
6 1     3813742685.45101
1 2 0.0001797885163269777
2 2 0.0007191540653079102
3 2 2.739425816348887e-05
4 2 -0.000195211483673021
7 2 5.478851632697718e-05
8 2 -9.760574183651293e-05
1 3    3813742685.451009
2 3 2.739425816348887e-05
3 3    7627485370.902503
1 4 -0.0001952114836730219
2 4 -0.000195211483673021
4 4  0.00121915406530791
5 4 -0.000195211483673021
7 4 -0.0001952114836730259
1 5 0.0001797885163269777
4 5 -0.000195211483673021
5 5 0.001438308130615821
6 5 5.478851632697776e-05
7 5 5.478851632697718e-05
9 5 -0.000195211483673026
10 5 5.478851632697727e-05
11 5 -0.0001952114836730206
12 5 0.000179788516326978
1 6    3813742685.451009
5 6 5.478851632697776e-05
6 6    15254970741.80502
12 6    3813742685.451016
2 7 5.478851632697718e-05
4 7 -0.0001952114836730259
5 7 5.478851632697718e-05
7 7 0.001438308130615823
8 7 -0.0001952114836730223
9 7 -0.0001952114836730223
13 7 5.478851632697861e-05
14 7 -0.0001952114836730179
15 7 5.478851632697861e-05
2 8 -9.760574183651293e-05
7 8 -0.0001952114836730223
8 8 0.0006095770326539557
13 8 -9.760574183650894e-05
5 9 -0.000195211483673026
7 9 -0.0001952114836730223
9 9 0.001219154065307912
10 9 -0.0001952114836730219
15 9 -0.0001952114836730181
5 10 5.478851632697727e-05
9 10 -0.0001952114836730219
10 10 0.001438308130615823
11 10 -0.0001952114836730259
15 10 5.478851632697868e-05
16 10 -0.0001952114836730179
17 10 5.478851632697854e-05
18 10 -0.0001952114836730227
19 10 5.478851632697712e-05
5 11 -0.0001952114836730206
10 11 -0.0001952114836730259
11 11  0.00121915406530791
12 11 -0.0001952114836730219
19 11 -0.0001952114836730214
5 12 0.000179788516326978
6 12    3813742685.451016
11 12 -0.0001952114836730219
12 12    15254970741.80563
19 12 0.0001797885163269775
20 12    3813742685.451011
7 13 5.478851632697861e-05
8 13 -9.760574183650894e-05
13 13 0.0007191540653079126
14 13 -0.0001952114836730231
21 13 5.478851632697766e-05
22 13 -9.760574183651157e-05
7 14 -0.0001952114836730179
13 14 -0.0001952114836730231
14 14 0.001219154065307912
15 14 -0.0001952114836730231
21 14 -0.0001952114836730231
7 15 5.478851632697861e-05
9 15 -0.0001952114836730181
10 15 5.478851632697868e-05
14 15 -0.0001952114836730231
15 15 0.001438308130615826
16 15 -0.0001952114836730227
21 15 5.478851632697766e-05
23 15 -0.0001952114836730233
24 15 5.478851632697773e-05
10 16 -0.0001952114836730179
15 16 -0.0001952114836730227
16 16 0.001219154065307913
17 16 -0.0001952114836730235
24 16 -0.0001952114836730232
10 17 5.478851632697854e-05
16 17 -0.0001952114836730235
17 17 0.001438308130615825
18 17 -0.0001952114836730177
24 17 5.47885163269776e-05
25 17 -0.000195211483673023
26 17 5.478851632697764e-05
27 17 -0.0001952114836730232
28 17 5.478851632697861e-05
10 18 -0.0001952114836730227
17 18 -0.0001952114836730177
18 18 0.001219154065307911
19 18 -0.0001952114836730257
28 18 -0.0001952114836730224
10 19 5.478851632697712e-05
11 19 -0.0001952114836730214
12 19 0.0001797885163269775
18 19 -0.0001952114836730257
19 19  0.00143830813061582
20 19 5.478851632697771e-05
28 19 5.478851632697718e-05
29 19 -0.0001952114836730211
30 19 0.0001797885163269777
12 20    3813742685.451011
19 20 5.478851632697771e-05
20 20    15254970741.80501
30 20    3813742685.451009
13 21 5.478851632697766e-05
14 21 -0.0001952114836730231
15 21 5.478851632697766e-05
21 21 0.001438308130615822
22 21 -0.0001952114836730218
23 21 -0.0001952114836730218
31 21 5.47885163269779e-05
32 21 -0.0001952114836730219
33 21 5.47885163269779e-05
13 22 -9.760574183651157e-05
21 22 -0.0001952114836730218
22 22 0.0006095770326539555
31 22 -9.760574183651097e-05
15 23 -0.0001952114836730233
21 23 -0.0001952114836730218
23 23 0.001219154065307911
24 23 -0.0001952114836730215
33 23 -0.0001952114836730221
15 24 5.478851632697773e-05
16 24 -0.0001952114836730232
17 24 5.47885163269776e-05
23 24 -0.0001952114836730215
24 24 0.001438308130615822
25 24 -0.0001952114836730223
33 24 5.478851632697798e-05
34 24 -0.0001952114836730219
35 24 5.478851632697783e-05
17 25 -0.000195211483673023
24 25 -0.0001952114836730223
25 25 0.001219154065307911
26 25 -0.0001952114836730219
35 25 -0.0001952114836730218
17 26 5.478851632697764e-05
25 26 -0.0001952114836730219
26 26 0.001438308130615823
27 26 -0.0001952114836730235
35 26 5.47885163269779e-05
36 26 -0.0001952114836730221
37 26 5.478851632697806e-05
38 26 -0.000195211483673021
39 26 5.478851632697783e-05
17 27 -0.0001952114836730232
26 27 -0.0001952114836730235
27 27 0.001219154065307913
28 27 -0.0001952114836730182
39 27 -0.0001952114836730223
17 28 5.478851632697861e-05
18 28 -0.0001952114836730224
19 28 5.478851632697718e-05
27 28 -0.0001952114836730182
28 28 0.001438308130615824
29 28 -0.0001952114836730261
39 28 5.478851632697878e-05
40 28 -0.0001952114836730214
41 28 5.478851632697735e-05
19 29 -0.0001952114836730211
28 29 -0.0001952114836730261
29 29 0.001219154065307911
30 29 -0.0001952114836730221
41 29 -0.0001952114836730201
19 30 0.0001797885163269777
20 30    3813742685.451009
29 30 -0.0001952114836730221
30 30    15254970741.80563
41 30 0.0001797885163269783
42 30    3813742685.451017
21 31 5.47885163269779e-05
22 31 -9.760574183651097e-05
31 31 0.0007191540653079093
32 31 -0.0001952114836730202
43 31 5.478851632697672e-05
44 31 -9.760574183651424e-05
21 32 -0.0001952114836730219
31 32 -0.0001952114836730202
32 32 0.001219154065307909
33 32 -0.0001952114836730202
43 32 -0.0001952114836730285
21 33 5.47885163269779e-05
23 33 -0.0001952114836730221
24 33 5.478851632697798e-05
32 33 -0.0001952114836730202
33 33 0.001438308130615819
34 33 -0.0001952114836730198
43 33 5.478851632697672e-05
45 33 -0.0001952114836730286
46 33 5.478851632697678e-05
24 34 -0.0001952114836730219
33 34 -0.0001952114836730198
34 34 0.001219154065307909
35 34 -0.0001952114836730206
46 34 -0.0001952114836730285
24 35 5.478851632697783e-05
25 35 -0.0001952114836730218
26 35 5.47885163269779e-05
34 35 -0.0001952114836730206
35 35 0.001438308130615818
36 35 -0.0001952114836730202
46 35 5.478851632697664e-05
47 35 -0.0001952114836730283
48 35 5.47885163269767e-05
26 36 -0.0001952114836730221
35 36 -0.0001952114836730202
36 36  0.00121915406530791
37 36 -0.0001952114836730193
48 36 -0.0001952114836730288
26 37 5.478851632697806e-05
36 37 -0.0001952114836730193
37 37 0.001438308130615819
38 37 -0.000195211483673022
48 37 5.478851632697688e-05
49 37 -0.0001952114836730286
50 37 5.478851632697658e-05
51 37 -0.0001952114836730209
52 37 5.478851632697777e-05
26 38 -0.000195211483673021
37 38 -0.000195211483673022
38 38 0.001219154065307911
39 38 -0.0001952114836730233
52 38 -0.0001952114836730226
26 39 5.478851632697783e-05
27 39 -0.0001952114836730223
28 39 5.478851632697878e-05
38 39 -0.0001952114836730233
39 39 0.001438308130615825
40 39 -0.000195211483673018
52 39 5.478851632697754e-05
53 39 -0.0001952114836730239
54 39 5.478851632697847e-05
28 40 -0.0001952114836730214
39 40 -0.000195211483673018
40 40 0.001219154065307912
41 40 -0.0001952114836730259
54 40 -0.000195211483673023
28 41 5.478851632697735e-05
29 41 -0.0001952114836730201
30 41 0.0001797885163269783
40 41 -0.0001952114836730259
41 41  0.00143830813061582
42 41 5.478851632697776e-05
54 41 5.478851632697706e-05
55 41 -0.0001952114836730218
56 41 0.0001797885163269773
30 42    3813742685.451017
41 42 5.478851632697776e-05
42 42      15254970741.805
56 42    3813742685.451002
31 43 5.478851632697672e-05
32 43 -0.0001952114836730285
33 43 5.478851632697672e-05
43 43 0.001438308130615823
44 43 -0.0001952114836730223
45 43 -0.0001952114836730223
57 43 5.478851632697909e-05
58 43 -0.0001952114836730153
59 43 5.478851632697909e-05
31 44 -9.760574183651424e-05
43 44 -0.0001952114836730223
44 44 0.0006095770326539557
57 44 -9.760574183650764e-05
33 45 -0.0001952114836730286
43 45 -0.0001952114836730223
45 45 0.001219154065307912
46 45 -0.0001952114836730219
59 45 -0.0001952114836730154
33 46 5.478851632697678e-05
34 46 -0.0001952114836730285
35 46 5.478851632697664e-05
45 46 -0.0001952114836730219
46 46 0.001438308130615823
47 46 -0.0001952114836730227
59 46 5.478851632697916e-05
60 46 -0.0001952114836730153
61 46 5.478851632697902e-05
35 47 -0.0001952114836730283
46 47 -0.0001952114836730227
47 47 0.001219154065307911
48 47 -0.0001952114836730224
61 47 -0.0001952114836730151
35 48 5.47885163269767e-05
36 48 -0.0001952114836730288
37 48 5.478851632697688e-05
47 48 -0.0001952114836730224
48 48 0.001438308130615824
49 48 -0.0001952114836730214
61 48 5.478851632697907e-05
62 48 -0.0001952114836730155
63 48 5.478851632697926e-05
37 49 -0.0001952114836730286
48 49 -0.0001952114836730214
49 49 0.001219154065307912
50 49 -0.000195211483673023
63 49 -0.0001952114836730153
37 50 5.478851632697658e-05
49 50 -0.000195211483673023
50 50 0.001438308130615823
51 50 -0.0001952114836730283
63 50 5.478851632697895e-05
64 50 -0.000195211483673015
65 50 5.478851632697907e-05
66 50 -0.0001952114836730224
67 50 5.47885163269767e-05
37 51 -0.0001952114836730209
50 51 -0.0001952114836730283
51 51 0.001219154065307909
52 51 -0.0001952114836730216
67 51 -0.0001952114836730202
37 52 5.478851632697777e-05
38 52 -0.0001952114836730226
39 52 5.478851632697754e-05
51 52 -0.0001952114836730216
52 52 0.001438308130615822
53 52 -0.000195211483673023
67 52 5.47885163269779e-05
68 52 -0.0001952114836730219
69 52 5.478851632697764e-05
39 53 -0.0001952114836730239
52 53 -0.000195211483673023
53 53 0.001219154065307913
54 53 -0.0001952114836730177
69 53 -0.0001952114836730232
39 54 5.478851632697847e-05
40 54 -0.000195211483673023
41 54 5.478851632697706e-05
53 54 -0.0001952114836730177
54 54 0.001438308130615823
55 54 -0.0001952114836730256
69 54 5.478851632697861e-05
70 54 -0.0001952114836730224
71 54 5.478851632697718e-05
41 55 -0.0001952114836730218
54 55 -0.0001952114836730256
55 55  0.00121915406530791
56 55 -0.0001952114836730216
71 55 -0.0001952114836730211
41 56 0.0001797885163269773
42 56    3813742685.451002
55 56 -0.0001952114836730216
56 56     15254970741.8056
71 56 0.0001797885163269777
72 56    3813742685.451009
43 57 5.478851632697909e-05
44 57 -9.760574183650764e-05
57 57 0.000719154065307914
58 57 -0.0001952114836730244
73 57 5.47885163269779e-05
74 57 -9.760574183651096e-05
43 58 -0.0001952114836730153
57 58 -0.0001952114836730244
58 58 0.001219154065307914
59 58 -0.0001952114836730244
73 58 -0.0001952114836730219
43 59 5.478851632697909e-05
45 59 -0.0001952114836730154
46 59 5.478851632697916e-05
58 59 -0.0001952114836730244
59 59 0.001438308130615828
60 59 -0.000195211483673024
73 59 5.47885163269779e-05
75 59 -0.0001952114836730221
76 59 5.478851632697798e-05
46 60 -0.0001952114836730153
59 60 -0.000195211483673024
60 60 0.001219154065307914
61 60 -0.0001952114836730248
76 60 -0.0001952114836730219
46 61 5.478851632697902e-05
47 61 -0.0001952114836730151
48 61 5.478851632697907e-05
60 61 -0.0001952114836730248
61 61 0.001438308130615828
62 61 -0.0001952114836730245
76 61 5.478851632697783e-05
77 61 -0.0001952114836730217
78 61 5.47885163269779e-05
48 62 -0.0001952114836730155
61 62 -0.0001952114836730245
62 62 0.001219154065307915
63 62 -0.0001952114836730235
78 62 -0.0001952114836730222
48 63 5.478851632697926e-05
49 63 -0.0001952114836730153
50 63 5.478851632697895e-05
62 63 -0.0001952114836730235
63 63 0.001438308130615828
64 63 -0.0001952114836730251
78 63 5.478851632697806e-05
79 63 -0.000195211483673022
80 63 5.478851632697777e-05
50 64 -0.000195211483673015
63 64 -0.0001952114836730251
64 64 0.001219154065307914
65 64 -0.0001952114836730245
80 64 -0.0001952114836730216
50 65 5.478851632697907e-05
64 65 -0.0001952114836730245
65 65 0.001438308130615828
66 65 -0.0001952114836730153
80 65 5.47885163269779e-05
81 65 -0.0001952114836730218
82 65 5.47885163269779e-05
83 65 -0.0001952114836730245
84 65 5.478851632697907e-05
50 66 -0.0001952114836730224
65 66 -0.0001952114836730153
66 66 0.001219154065307912
67 66 -0.0001952114836730285
84 66 -0.0001952114836730224
50 67 5.47885163269767e-05
51 67 -0.0001952114836730202
52 67 5.47885163269779e-05
66 67 -0.0001952114836730285
67 67 0.001438308130615819
68 67 -0.0001952114836730218
84 67 5.47885163269767e-05
85 67 -0.0001952114836730202
86 67 5.47885163269779e-05
52 68 -0.0001952114836730219
67 68 -0.0001952114836730218
68 68 0.001219154065307911
69 68 -0.0001952114836730232
86 68 -0.0001952114836730219
52 69 5.478851632697764e-05
53 69 -0.0001952114836730232
54 69 5.478851632697861e-05
68 69 -0.0001952114836730232
69 69 0.001438308130615825
70 69 -0.0001952114836730179
86 69 5.478851632697764e-05
87 69 -0.0001952114836730232
88 69 5.478851632697861e-05
54 70 -0.0001952114836730224
69 70 -0.0001952114836730179
70 70 0.001219154065307911
71 70 -0.0001952114836730258
88 70 -0.0001952114836730224
54 71 5.478851632697718e-05
55 71 -0.0001952114836730211
56 71 0.0001797885163269777
70 71 -0.0001952114836730258
71 71  0.00143830813061582
72 71 5.478851632697781e-05
88 71 5.478851632697718e-05
89 71 -0.0001952114836730211
90 71 0.0001797885163269777
56 72    3813742685.451009
71 72 5.478851632697781e-05
72 72      15254970741.805
90 72    3813742685.451009
57 73 5.47885163269779e-05
58 73 -0.0001952114836730219
59 73 5.47885163269779e-05
73 73 0.001438308130615822
74 73 -0.0001952114836730218
75 73 -0.0001952114836730218
91 73 5.478851632697766e-05
92 73 -0.0001952114836730231
93 73 5.478851632697766e-05
57 74 -9.760574183651096e-05
73 74 -0.0001952114836730218
74 74 0.0006095770326539555
91 74 -9.760574183651156e-05
59 75 -0.0001952114836730221
73 75 -0.0001952114836730218
75 75 0.001219154065307911
76 75 -0.0001952114836730215
93 75 -0.0001952114836730233
59 76 5.478851632697798e-05
60 76 -0.0001952114836730219
61 76 5.478851632697783e-05
75 76 -0.0001952114836730215
76 76 0.001438308130615822
77 76 -0.0001952114836730223
93 76 5.478851632697773e-05
94 76 -0.0001952114836730232
95 76 5.47885163269776e-05
61 77 -0.0001952114836730217
76 77 -0.0001952114836730223
77 77 0.001219154065307911
78 77 -0.0001952114836730219
95 77 -0.000195211483673023
61 78 5.47885163269779e-05
62 78 -0.0001952114836730222
63 78 5.478851632697806e-05
77 78 -0.0001952114836730219
78 78 0.001438308130615823
79 78 -0.000195211483673021
95 78 5.478851632697764e-05
96 78 -0.0001952114836730234
97 78 5.478851632697783e-05
63 79 -0.000195211483673022
78 79 -0.000195211483673021
79 79 0.001219154065307911
80 79 -0.0001952114836730226
97 79 -0.0001952114836730233
63 80 5.478851632697777e-05
64 80 -0.0001952114836730216
65 80 5.47885163269779e-05
79 80 -0.0001952114836730226
80 80 0.001438308130615822
81 80 -0.0001952114836730219
97 80 5.478851632697754e-05
98 80 -0.000195211483673023
99 80 5.478851632697764e-05
65 81 -0.0001952114836730218
80 81 -0.0001952114836730219
81 81 0.001219154065307911
82 81 -0.0001952114836730219
99 81 -0.0001952114836730232
65 82 5.47885163269779e-05
81 82 -0.0001952114836730219
82 82 0.001438308130615822
83 82 -0.0001952114836730218
99 82 5.478851632697764e-05
100 82 -0.0001952114836730232
101 82 5.478851632697764e-05
102 82 -0.0001952114836730219
103 82 5.47885163269779e-05
65 83 -0.0001952114836730245
82 83 -0.0001952114836730218
83 83 0.001219154065307914
84 83 -0.0001952114836730152
103 83 -0.0001952114836730245
65 84 5.478851632697907e-05
66 84 -0.0001952114836730224
67 84 5.47885163269767e-05
83 84 -0.0001952114836730152
84 84 0.001438308130615823
85 84 -0.0001952114836730285
103 84 5.478851632697907e-05
104 84 -0.0001952114836730224
105 84 5.47885163269767e-05
67 85 -0.0001952114836730202
84 85 -0.0001952114836730285
85 85 0.001219154065307909
86 85 -0.0001952114836730218
105 85 -0.0001952114836730202
67 86 5.47885163269779e-05
68 86 -0.0001952114836730219
69 86 5.478851632697764e-05
85 86 -0.0001952114836730218
86 86 0.001438308130615822
87 86 -0.0001952114836730232
105 86 5.47885163269779e-05
106 86 -0.0001952114836730219
107 86 5.478851632697764e-05
69 87 -0.0001952114836730232
86 87 -0.0001952114836730232
87 87 0.001219154065307913
88 87 -0.0001952114836730179
107 87 -0.0001952114836730232
69 88 5.478851632697861e-05
70 88 -0.0001952114836730224
71 88 5.478851632697718e-05
87 88 -0.0001952114836730179
88 88 0.001438308130615823
89 88 -0.0001952114836730258
107 88 5.478851632697861e-05
108 88 -0.0001952114836730224
109 88 5.478851632697718e-05
71 89 -0.0001952114836730211
88 89 -0.0001952114836730258
89 89  0.00121915406530791
90 89 -0.0001952114836730218
109 89 -0.0001952114836730211
71 90 0.0001797885163269777
72 90    3813742685.451009
89 90 -0.0001952114836730218
90 90    15254970741.80561
109 90 0.0001797885163269777
110 90    3813742685.451009
73 91 5.478851632697766e-05
74 91 -9.760574183651156e-05
91 91 0.000719154065307911
92 91 -0.0001952114836730218
111 91 5.47885163269779e-05
112 91 -9.760574183651096e-05
73 92 -0.0001952114836730231
91 92 -0.0001952114836730218
92 92 0.001219154065307911
93 92 -0.0001952114836730218
111 92 -0.0001952114836730219
73 93 5.478851632697766e-05
75 93 -0.0001952114836730233
76 93 5.478851632697773e-05
92 93 -0.0001952114836730218
93 93 0.001438308130615823
94 93 -0.0001952114836730215
111 93 5.47885163269779e-05
113 93 -0.0001952114836730221
114 93 5.478851632697798e-05
76 94 -0.0001952114836730232
93 94 -0.0001952114836730215
94 94 0.001219154065307911
95 94 -0.0001952114836730223
114 94 -0.0001952114836730219
76 95 5.47885163269776e-05
77 95 -0.000195211483673023
78 95 5.478851632697764e-05
94 95 -0.0001952114836730223
95 95 0.001438308130615822
96 95 -0.0001952114836730219
114 95 5.478851632697783e-05
115 95 -0.0001952114836730217
116 95 5.47885163269779e-05
78 96 -0.0001952114836730234
95 96 -0.0001952114836730219
96 96 0.001219154065307911
97 96 -0.000195211483673021
116 96 -0.0001952114836730222
78 97 5.478851632697783e-05
79 97 -0.0001952114836730233
80 97 5.478851632697754e-05
96 97 -0.000195211483673021
97 97 0.001438308130615823
98 97 -0.0001952114836730226
116 97 5.478851632697806e-05
117 97 -0.000195211483673022
118 97 5.478851632697777e-05
80 98 -0.000195211483673023
97 98 -0.0001952114836730226
98 98 0.001219154065307911
99 98 -0.0001952114836730219
118 98 -0.0001952114836730216
80 99 5.478851632697764e-05
81 99 -0.0001952114836730232
82 99 5.478851632697764e-05
98 99 -0.0001952114836730219
99 99 0.001438308130615822
100 99 -0.0001952114836730219
118 99 5.47885163269779e-05
119 99 -0.0001952114836730218
120 99 5.47885163269779e-05
82 100 -0.0001952114836730232
99 100 -0.0001952114836730219
100 100 0.001219154065307911
101 100 -0.0001952114836730219
120 100 -0.0001952114836730218
82 101 5.478851632697764e-05
100 101 -0.0001952114836730219
101 101 0.001438308130615823
102 101 -0.0001952114836730233
120 101 5.47885163269779e-05
121 101 -0.0001952114836730219
122 101 5.478851632697795e-05
123 101 -0.0001952114836730217
124 101 5.478851632697771e-05
82 102 -0.0001952114836730219
101 102 -0.0001952114836730233
102 102 0.001219154065307911
103 102 -0.0001952114836730219
124 102 -0.0001952114836730217
82 103 5.47885163269779e-05
83 103 -0.0001952114836730245
84 103 5.478851632697907e-05
102 103 -0.0001952114836730219
103 103 0.001438308130615828
104 103 -0.0001952114836730153
124 103 5.478851632697795e-05
125 103 -0.0001952114836730242
126 103 5.478851632697913e-05
84 104 -0.0001952114836730224
103 104 -0.0001952114836730153
104 104 0.001219154065307912
105 104 -0.0001952114836730285
126 104 -0.0001952114836730221
84 105 5.47885163269767e-05
85 105 -0.0001952114836730202
86 105 5.47885163269779e-05
104 105 -0.0001952114836730285
105 105 0.001438308130615819
106 105 -0.000195211483673022
126 105 5.478851632697676e-05
127 105 -0.00019521148367302
128 105 5.478851632697795e-05
86 106 -0.0001952114836730219
105 106 -0.000195211483673022
106 106 0.001219154065307911
107 106 -0.0001952114836730233
128 106 -0.0001952114836730217
86 107 5.478851632697764e-05
87 107 -0.0001952114836730232
88 107 5.478851632697861e-05
106 107 -0.0001952114836730233
107 107 0.001438308130615825
108 107 -0.000195211483673018
128 107 5.478851632697771e-05
129 107 -0.000195211483673023
130 107 5.478851632697865e-05
88 108 -0.0001952114836730224
107 108 -0.000195211483673018
108 108 0.001219154065307912
109 108 -0.0001952114836730259
130 108 -0.0001952114836730221
88 109 5.478851632697718e-05
89 109 -0.0001952114836730211
90 109 0.0001797885163269777
108 109 -0.0001952114836730259
109 109  0.00143830813061582
110 109 5.478851632697781e-05
130 109 5.478851632697723e-05
131 109 -0.0001952114836730208
132 109 0.0001797885163269779
90 110    3813742685.451009
109 110 5.478851632697781e-05
110 110    15254970741.80502
132 110    3813742685.451017
91 111 5.47885163269779e-05
92 111 -0.0001952114836730219
93 111 5.47885163269779e-05
111 111 0.001438308130615823
112 111 -0.0001952114836730222
113 111 -0.0001952114836730222
133 111 5.47885163269779e-05
134 111 -0.0001952114836730219
135 111 5.47885163269779e-05
91 112 -9.760574183651096e-05
111 112 -0.0001952114836730222
112 112 0.0006095770326539559
133 112 -9.760574183651097e-05
93 113 -0.0001952114836730221
111 113 -0.0001952114836730222
113 113 0.001219154065307912
114 113 -0.0001952114836730219
135 113 -0.0001952114836730221
93 114 5.478851632697798e-05
94 114 -0.0001952114836730219
95 114 5.478851632697783e-05
113 114 -0.0001952114836730219
114 114 0.001438308130615823
115 114 -0.0001952114836730227
135 114 5.478851632697798e-05
136 114 -0.0001952114836730219
137 114 5.478851632697783e-05
95 115 -0.0001952114836730217
114 115 -0.0001952114836730227
115 115 0.001219154065307912
116 115 -0.0001952114836730223
137 115 -0.0001952114836730218
95 116 5.47885163269779e-05
96 116 -0.0001952114836730222
97 116 5.478851632697806e-05
115 116 -0.0001952114836730223
116 116 0.001438308130615824
117 116 -0.0001952114836730214
137 116 5.47885163269779e-05
138 116 -0.0001952114836730221
139 116 5.478851632697806e-05
97 117 -0.000195211483673022
116 117 -0.0001952114836730214
117 117 0.001219154065307912
118 117 -0.0001952114836730231
139 117 -0.000195211483673022
97 118 5.478851632697777e-05
98 118 -0.0001952114836730216
99 118 5.47885163269779e-05
117 118 -0.0001952114836730231
118 118 0.001438308130615823
119 118 -0.0001952114836730223
139 118 5.478851632697777e-05
140 118 -0.0001952114836730216
141 118 5.47885163269779e-05
99 119 -0.0001952114836730218
118 119 -0.0001952114836730223
119 119 0.001219154065307912
120 119 -0.0001952114836730223
141 119 -0.0001952114836730218
99 120 5.47885163269779e-05
100 120 -0.0001952114836730218
101 120 5.47885163269779e-05
119 120 -0.0001952114836730223
120 120 0.001438308130615823
121 120 -0.0001952114836730223
141 120 5.47885163269779e-05
142 120 -0.0001952114836730218
143 120 5.47885163269779e-05
101 121 -0.0001952114836730219
120 121 -0.0001952114836730223
121 121 0.001219154065307912
122 121 -0.0001952114836730221
143 121 -0.000195211483673022
101 122 5.478851632697795e-05
121 122 -0.0001952114836730221
122 122 0.001438308130615825
123 122 -0.0001952114836730225
143 122 5.478851632697795e-05
144 122 -0.0001952114836730225
145 122 5.478851632697819e-05
146 122 -0.0001952114836730207
147 122 5.478851632697819e-05
101 123 -0.0001952114836730217
122 123 -0.0001952114836730225
123 123 0.001219154065307912
124 123 -0.0001952114836730238
147 123 -0.0001952114836730203
101 124 5.478851632697771e-05
102 124 -0.0001952114836730217
103 124 5.478851632697795e-05
123 124 -0.0001952114836730238
124 124 0.001438308130615824
125 124 -0.0001952114836730225
147 124 5.478851632697795e-05
148 124 -0.0001952114836730203
149 124 5.478851632697819e-05
103 125 -0.0001952114836730242
124 125 -0.0001952114836730225
125 125 0.001219154065307915
126 125 -0.0001952114836730158
149 125 -0.0001952114836730228
103 126 5.478851632697913e-05
104 126 -0.0001952114836730221
105 126 5.478851632697676e-05
125 126 -0.0001952114836730158
126 126 0.001438308130615825
127 126 -0.0001952114836730291
149 126 5.478851632697937e-05
150 126 -0.0001952114836730207
151 126 5.478851632697699e-05
105 127 -0.00019521148367302
126 127 -0.0001952114836730291
127 127  0.00121915406530791
128 127 -0.0001952114836730225
151 127 -0.0001952114836730186
105 128 5.478851632697795e-05
106 128 -0.0001952114836730217
107 128 5.478851632697771e-05
127 128 -0.0001952114836730225
128 128 0.001438308130615824
129 128 -0.0001952114836730238
151 128 5.478851632697819e-05
152 128 -0.0001952114836730203
153 128 5.478851632697795e-05
107 129 -0.000195211483673023
128 129 -0.0001952114836730238
129 129 0.001219154065307913
130 129 -0.0001952114836730185
153 129 -0.0001952114836730216
107 130 5.478851632697865e-05
108 130 -0.0001952114836730221
109 130 5.478851632697723e-05
129 130 -0.0001952114836730185
130 130 0.001438308130615824
131 130 -0.0001952114836730264
153 130 5.47885163269789e-05
154 130 -0.0001952114836730207
155 130 5.478851632697748e-05
109 131 -0.0001952114836730208
130 131 -0.0001952114836730264
131 131 0.001219154065307911
132 131 -0.0001952114836730225
155 131 -0.0001952114836730195
109 132 0.0001797885163269779
110 132    3813742685.451017
131 132 -0.0001952114836730225
132 132    15254970741.80566
155 132 0.0001797885163269787
156 132    3813742685.451025
111 133 5.47885163269779e-05
112 133 -9.760574183651097e-05
133 133 0.0007191540653079117
134 133 -0.0001952114836730222
157 133 5.47885163269779e-05
158 133 -9.760574183651096e-05
111 134 -0.0001952114836730219
133 134 -0.0001952114836730222
134 134 0.001219154065307912
135 134 -0.0001952114836730222
157 134 -0.0001952114836730219
111 135 5.47885163269779e-05
113 135 -0.0001952114836730221
114 135 5.478851632697798e-05
134 135 -0.0001952114836730222
135 135 0.001438308130615824
136 135 -0.0001952114836730219
157 135 5.47885163269779e-05
159 135 -0.0001952114836730221
160 135 5.478851632697798e-05
114 136 -0.0001952114836730219
135 136 -0.0001952114836730219
136 136 0.001219154065307912
137 136 -0.0001952114836730227
160 136 -0.0001952114836730219
114 137 5.478851632697783e-05
115 137 -0.0001952114836730218
116 137 5.47885163269779e-05
136 137 -0.0001952114836730227
137 137 0.001438308130615823
138 137 -0.0001952114836730223
160 137 5.478851632697783e-05
161 137 -0.0001952114836730217
162 137 5.47885163269779e-05
116 138 -0.0001952114836730221
137 138 -0.0001952114836730223
138 138 0.001219154065307912
139 138 -0.0001952114836730214
162 138 -0.0001952114836730222
116 139 5.478851632697806e-05
117 139 -0.000195211483673022
118 139 5.478851632697777e-05
138 139 -0.0001952114836730214
139 139 0.001438308130615823
140 139 -0.0001952114836730231
162 139 5.478851632697806e-05
163 139 -0.000195211483673022
164 139 5.478851632697777e-05
118 140 -0.0001952114836730216
139 140 -0.0001952114836730231
140 140 0.001219154065307911
141 140 -0.0001952114836730223
164 140 -0.0001952114836730216
118 141 5.47885163269779e-05
119 141 -0.0001952114836730218
120 141 5.47885163269779e-05
140 141 -0.0001952114836730223
141 141 0.001438308130615823
142 141 -0.0001952114836730223
164 141 5.47885163269779e-05
165 141 -0.0001952114836730218
166 141 5.47885163269779e-05
120 142 -0.0001952114836730218
141 142 -0.0001952114836730223
142 142 0.001219154065307912
143 142 -0.0001952114836730223
166 142 -0.0001952114836730218
120 143 5.47885163269779e-05
121 143 -0.000195211483673022
122 143 5.478851632697795e-05
142 143 -0.0001952114836730223
143 143 0.001438308130615823
144 143 -0.0001952114836730221
166 143 5.47885163269779e-05
167 143 -0.0001952114836730219
168 143 5.478851632697795e-05
122 144 -0.0001952114836730225
143 144 -0.0001952114836730221
144 144 0.001219154065307912
145 144 -0.0001952114836730207
168 144 -0.0001952114836730225
122 145 5.478851632697819e-05
144 145 -0.0001952114836730207
145 145 0.001438308130615824
146 145 -0.0001952114836730221
168 145 5.478851632697819e-05
169 145 -0.0001952114836730221
170 145 5.478851632697771e-05
171 145 -0.0001952114836730234
172 145 5.478851632697771e-05
122 146 -0.0001952114836730207
145 146 -0.0001952114836730221
146 146 0.001219154065307912
147 146 -0.0001952114836730221
172 146 -0.0001952114836730234
122 147 5.478851632697819e-05
123 147 -0.0001952114836730203
124 147 5.478851632697795e-05
146 147 -0.0001952114836730221
147 147 0.001438308130615823
148 147 -0.0001952114836730234
172 147 5.478851632697771e-05
173 147 -0.000195211483673023
174 147 5.478851632697748e-05
124 148 -0.0001952114836730203
147 148 -0.0001952114836730234
148 148 0.001219154065307911
149 148 -0.0001952114836730221
174 148 -0.000195211483673023
124 149 5.478851632697819e-05
125 149 -0.0001952114836730228
126 149 5.478851632697937e-05
148 149 -0.0001952114836730221
149 149 0.001438308130615829
150 149 -0.0001952114836730154
174 149 5.478851632697771e-05
175 149 -0.0001952114836730255
176 149 5.47885163269789e-05
126 150 -0.0001952114836730207
149 150 -0.0001952114836730154
150 150 0.001219154065307912
151 150 -0.0001952114836730286
176 150 -0.0001952114836730234
126 151 5.478851632697699e-05
127 151 -0.0001952114836730186
128 151 5.478851632697819e-05
150 151 -0.0001952114836730286
151 151 0.001438308130615819
152 151 -0.0001952114836730221
176 151 5.478851632697654e-05
177 151 -0.0001952114836730213
178 151 5.478851632697771e-05
128 152 -0.0001952114836730203
151 152 -0.0001952114836730221
152 152 0.001219154065307911
153 152 -0.0001952114836730234
178 152 -0.000195211483673023
128 153 5.478851632697795e-05
129 153 -0.0001952114836730216
130 153 5.47885163269789e-05
152 153 -0.0001952114836730234
153 153 0.001438308130615825
154 153 -0.0001952114836730181
178 153 5.478851632697748e-05
179 153 -0.0001952114836730242
180 153 5.478851632697842e-05
130 154 -0.0001952114836730207
153 154 -0.0001952114836730181
154 154 0.001219154065307912
155 154 -0.000195211483673026
180 154 -0.0001952114836730234
130 155 5.478851632697748e-05
131 155 -0.0001952114836730195
132 155 0.0001797885163269787
154 155 -0.000195211483673026
155 155 0.001438308130615821
156 155 5.478851632697781e-05
180 155 5.478851632697699e-05
181 155 -0.0001952114836730221
182 155 0.0001797885163269771
132 156    3813742685.451025
155 156 5.478851632697781e-05
156 156    15254970741.80502
182 156       3813742685.451
133 157 5.47885163269779e-05
134 157 -0.0001952114836730219
135 157 5.47885163269779e-05
157 157 0.001438308130615823
158 157 -0.0001952114836730222
159 157 -0.0001952114836730222
183 157 5.47885163269779e-05
184 157 -0.0001952114836730219
185 157 5.47885163269779e-05
133 158 -9.760574183651096e-05
157 158 -0.0001952114836730222
158 158 0.0006095770326539559
183 158 -9.760574183651097e-05
135 159 -0.0001952114836730221
157 159 -0.0001952114836730222
159 159 0.001219154065307912
160 159 -0.0001952114836730219
185 159 -0.0001952114836730221
135 160 5.478851632697798e-05
136 160 -0.0001952114836730219
137 160 5.478851632697783e-05
159 160 -0.0001952114836730219
160 160 0.001438308130615823
161 160 -0.0001952114836730227
185 160 5.478851632697798e-05
186 160 -0.0001952114836730219
187 160 5.478851632697783e-05
137 161 -0.0001952114836730217
160 161 -0.0001952114836730227
161 161 0.001219154065307912
162 161 -0.0001952114836730223
187 161 -0.0001952114836730218
137 162 5.47885163269779e-05
138 162 -0.0001952114836730222
139 162 5.478851632697806e-05
161 162 -0.0001952114836730223
162 162 0.001438308130615824
163 162 -0.0001952114836730214
187 162 5.47885163269779e-05
188 162 -0.0001952114836730221
189 162 5.478851632697806e-05
139 163 -0.000195211483673022
162 163 -0.0001952114836730214
163 163 0.001219154065307912
164 163 -0.0001952114836730231
189 163 -0.000195211483673022
139 164 5.478851632697777e-05
140 164 -0.0001952114836730216
141 164 5.47885163269779e-05
163 164 -0.0001952114836730231
164 164 0.001438308130615823
165 164 -0.0001952114836730223
189 164 5.478851632697777e-05
190 164 -0.0001952114836730216
191 164 5.47885163269779e-05
141 165 -0.0001952114836730218
164 165 -0.0001952114836730223
165 165 0.001219154065307912
166 165 -0.0001952114836730223
191 165 -0.0001952114836730218
141 166 5.47885163269779e-05
142 166 -0.0001952114836730218
143 166 5.47885163269779e-05
165 166 -0.0001952114836730223
166 166 0.001438308130615823
167 166 -0.0001952114836730223
191 166 5.47885163269779e-05
192 166 -0.0001952114836730218
193 166 5.47885163269779e-05
143 167 -0.0001952114836730219
166 167 -0.0001952114836730223
167 167 0.001219154065307912
168 167 -0.0001952114836730221
193 167 -0.000195211483673022
143 168 5.478851632697795e-05
144 168 -0.0001952114836730225
145 168 5.478851632697819e-05
167 168 -0.0001952114836730221
168 168 0.001438308130615825
169 168 -0.0001952114836730207
193 168 5.478851632697795e-05
194 168 -0.0001952114836730225
195 168 5.478851632697819e-05
145 169 -0.0001952114836730221
168 169 -0.0001952114836730207
169 169 0.001219154065307912
170 169 -0.0001952114836730234
195 169 -0.0001952114836730221
145 170 5.478851632697771e-05
169 170 -0.0001952114836730234
170 170 0.001438308130615822
171 170 -0.0001952114836730215
195 170 5.478851632697771e-05
196 170 -0.0001952114836730214
197 170 5.478851632697783e-05
198 170 -0.0001952114836730227
199 170 5.478851632697783e-05
145 171 -0.0001952114836730234
170 171 -0.0001952114836730215
171 171 0.001219154065307911
172 171 -0.0001952114836730214
199 171 -0.0001952114836730227
145 172 5.478851632697771e-05
146 172 -0.0001952114836730234
147 172 5.478851632697771e-05
171 172 -0.0001952114836730214
172 172 0.001438308130615822
173 172 -0.0001952114836730215
199 172 5.478851632697783e-05
200 172 -0.0001952114836730227
201 172 5.478851632697783e-05
147 173 -0.000195211483673023
172 173 -0.0001952114836730215
173 173 0.001219154065307911
174 173 -0.0001952114836730227
201 173 -0.0001952114836730223
147 174 5.478851632697748e-05
148 174 -0.000195211483673023
149 174 5.478851632697771e-05
173 174 -0.0001952114836730227
174 174 0.001438308130615821
175 174 -0.0001952114836730215
201 174 5.47885163269776e-05
202 174 -0.0001952114836730223
203 174 5.478851632697783e-05
149 175 -0.0001952114836730255
174 175 -0.0001952114836730215
175 175 0.001219154065307914
176 175 -0.0001952114836730148
203 175 -0.0001952114836730248
149 176 5.47885163269789e-05
150 176 -0.0001952114836730234
151 176 5.478851632697654e-05
175 176 -0.0001952114836730148
176 176 0.001438308130615822
177 176 -0.000195211483673028
203 176 5.478851632697902e-05
204 176 -0.0001952114836730227
205 176 5.478851632697664e-05
151 177 -0.0001952114836730213
176 177 -0.000195211483673028
177 177 0.001219154065307909
178 177 -0.0001952114836730214
205 177 -0.0001952114836730206
151 178 5.478851632697771e-05
152 178 -0.000195211483673023
153 178 5.478851632697748e-05
177 178 -0.0001952114836730214
178 178 0.001438308130615821
179 178 -0.0001952114836730227
205 178 5.478851632697783e-05
206 178 -0.0001952114836730223
207 178 5.47885163269776e-05
153 179 -0.0001952114836730242
178 179 -0.0001952114836730227
179 179 0.001219154065307912
180 179 -0.0001952114836730174
207 179 -0.0001952114836730235
153 180 5.478851632697842e-05
154 180 -0.0001952114836730234
155 180 5.478851632697699e-05
179 180 -0.0001952114836730174
180 180 0.001438308130615822
181 180 -0.0001952114836730254
207 180 5.478851632697854e-05
208 180 -0.0001952114836730227
209 180 5.478851632697712e-05
155 181 -0.0001952114836730221
180 181 -0.0001952114836730254
181 181  0.00121915406530791
182 181 -0.0001952114836730214
209 181 -0.0001952114836730214
155 182 0.0001797885163269771
156 182    3813742685.450999
181 182 -0.0001952114836730214
182 182     15254970741.8056
209 182 0.0001797885163269775
210 182    3813742685.451011
157 183 5.47885163269779e-05
158 183 -9.760574183651097e-05
183 183 0.000719154065307911
184 183 -0.0001952114836730218
211 183 5.478851632697766e-05
212 183 -9.760574183651157e-05
157 184 -0.0001952114836730219
183 184 -0.0001952114836730218
184 184 0.001219154065307911
185 184 -0.0001952114836730218
211 184 -0.0001952114836730231
157 185 5.47885163269779e-05
159 185 -0.0001952114836730221
160 185 5.478851632697798e-05
184 185 -0.0001952114836730218
185 185 0.001438308130615822
186 185 -0.0001952114836730215
211 185 5.478851632697766e-05
213 185 -0.0001952114836730233
214 185 5.478851632697773e-05
160 186 -0.0001952114836730219
185 186 -0.0001952114836730215
186 186 0.001219154065307911
187 186 -0.0001952114836730223
214 186 -0.0001952114836730232
160 187 5.478851632697783e-05
161 187 -0.0001952114836730218
162 187 5.47885163269779e-05
186 187 -0.0001952114836730223
187 187 0.001438308130615822
188 187 -0.0001952114836730219
214 187 5.47885163269776e-05
215 187 -0.000195211483673023
216 187 5.478851632697764e-05
162 188 -0.0001952114836730221
187 188 -0.0001952114836730219
188 188 0.001219154065307912
189 188 -0.000195211483673021
216 188 -0.0001952114836730235
162 189 5.478851632697806e-05
163 189 -0.000195211483673022
164 189 5.478851632697777e-05
188 189 -0.000195211483673021
189 189 0.001438308130615823
190 189 -0.0001952114836730226
216 189 5.478851632697783e-05
217 189 -0.0001952114836730233
218 189 5.478851632697754e-05
164 190 -0.0001952114836730216
189 190 -0.0001952114836730226
190 190 0.001219154065307911
191 190 -0.0001952114836730219
218 190 -0.000195211483673023
164 191 5.47885163269779e-05
165 191 -0.0001952114836730218
166 191 5.47885163269779e-05
190 191 -0.0001952114836730219
191 191 0.001438308130615822
192 191 -0.0001952114836730219
218 191 5.478851632697764e-05
219 191 -0.0001952114836730232
220 191 5.478851632697764e-05
166 192 -0.0001952114836730218
191 192 -0.0001952114836730219
192 192 0.001219154065307911
193 192 -0.0001952114836730219
220 192 -0.0001952114836730232
166 193 5.47885163269779e-05
167 193 -0.000195211483673022
168 193 5.478851632697795e-05
192 193 -0.0001952114836730219
193 193 0.001438308130615823
194 193 -0.0001952114836730217
220 193 5.478851632697764e-05
221 193 -0.0001952114836730233
222 193 5.478851632697771e-05
168 194 -0.0001952114836730225
193 194 -0.0001952114836730217
194 194 0.001219154065307912
195 194 -0.0001952114836730203
222 194 -0.0001952114836730238
168 195 5.478851632697819e-05
169 195 -0.0001952114836730221
170 195 5.478851632697771e-05
194 195 -0.0001952114836730203
195 195 0.001438308130615823
196 195 -0.000195211483673023
222 195 5.478851632697795e-05
223 195 -0.0001952114836730234
224 195 5.478851632697748e-05
170 196 -0.0001952114836730214
195 196 -0.000195211483673023
196 196 0.001219154065307911
197 196 -0.0001952114836730223
224 196 -0.0001952114836730227
170 197 5.478851632697783e-05
196 197 -0.0001952114836730223
197 197 0.001438308130615822
198 197 -0.0001952114836730219
224 197 5.47885163269776e-05
225 197 -0.0001952114836730231
226 197 5.478851632697771e-05
227 197 -0.0001952114836730217
228 197 5.478851632697795e-05
170 198 -0.0001952114836730227
197 198 -0.0001952114836730219
198 198 0.001219154065307912
199 198 -0.0001952114836730219
228 198 -0.0001952114836730221
170 199 5.478851632697783e-05
171 199 -0.0001952114836730227
172 199 5.478851632697783e-05
198 199 -0.0001952114836730219
199 199 0.001438308130615823
200 199 -0.0001952114836730219
228 199 5.478851632697795e-05
229 199 -0.0001952114836730221
230 199 5.478851632697795e-05
172 200 -0.0001952114836730227
199 200 -0.0001952114836730219
200 200 0.001219154065307912
201 200 -0.0001952114836730219
230 200 -0.0001952114836730221
172 201 5.478851632697783e-05
173 201 -0.0001952114836730223
174 201 5.47885163269776e-05
200 201 -0.0001952114836730219
201 201 0.001438308130615822
202 201 -0.0001952114836730231
230 201 5.478851632697795e-05
231 201 -0.0001952114836730217
232 201 5.478851632697771e-05
174 202 -0.0001952114836730223
201 202 -0.0001952114836730231
202 202 0.001219154065307911
203 202 -0.0001952114836730219
232 202 -0.0001952114836730217
174 203 5.478851632697783e-05
175 203 -0.0001952114836730248
176 203 5.478851632697902e-05
202 203 -0.0001952114836730219
203 203 0.001438308130615828
204 203 -0.0001952114836730152
232 203 5.478851632697795e-05
233 203 -0.0001952114836730242
