%%MatrixMarket matrix coordinate real general
3360 3360 26963
1 1    4.499999999999998
4 1                -1.25
5 1  -0.5000000000000002
6 1   0.4999999999999999
7 1   -3.499999999999998
10 1                 1.25
11 1  -0.5000000000000002
12 1  -0.4999999999999999
2 2    4.500000000000001
3 2                -1.25
5 2   0.7499999999999999
6 2   -1.750000000000001
8 2  -0.9999999999999989
9 2                 1.25
11 2  -0.7499999999999999
12 2   -1.750000000000001
2 3                -1.25
3 3    170940175.4401698
5 3    42735040.98504281
6 3   0.7499999999999999
7 3  -0.9999999999999942
14 3                 1.25
15 3    42735040.98504225
16 3  -0.7499999999999999
1 4                -1.25
4 4    170940175.4401698
5 4   0.4999999999999999
6 4    42735042.23504281
8 4    -3.49999999999998
13 4                 1.25
15 4  -0.4999999999999999
16 4    42735042.23504225
1 5  -0.5000000000000002
2 5   0.7499999999999999
3 5    42735040.98504281
4 5   0.4999999999999999
5 5    85470087.72008544
6 5                -1.25
1 6   0.4999999999999999
2 6   -1.750000000000001
3 6   0.7499999999999999
4 6    42735042.23504281
5 6                -1.25
6 6    85470087.72008544
1 7   -3.499999999999998
3 7  -0.9999999999999942
7 7    9.000000000000028
9 7  -0.9999999999999942
13 7   -3.500000000000042
2 8  -0.9999999999999989
4 8    -3.49999999999998
8 8     8.99999999999997
10 8    -3.49999999999998
14 8   -1.000000000000012
2 9                 1.25
7 9  -0.9999999999999942
9 9    9.000000000000032
11 9                 -3.5
14 9                -1.25
17 9   -3.500000000000044
20 9                 1.25
21 9  -0.9999999999999931
22 9 5.551115123125783e-17
24 9                -1.25
1 10                 1.25
8 10    -3.49999999999998
10 10    8.999999999999968
11 10 5.551115123125783e-17
12 10  -0.9999999999999997
13 10                -1.25
18 10   -1.000000000000013
19 10                 1.25
22 10   -3.499999999999975
23 10                -1.25
1 11  -0.5000000000000002
2 11  -0.7499999999999999
9 11                 -3.5
10 11 5.551115123125783e-17
11 11                  4.5
12 11 2.220446049250313e-16
23 11  -0.4999999999999999
24 11   0.7499999999999999
1 12  -0.4999999999999999
2 12   -1.750000000000001
10 12  -0.9999999999999997
11 12 2.220446049250313e-16
12 12                  4.5
23 12                  0.5
24 12   -1.749999999999999
4 13                 1.25
7 13   -3.500000000000042
10 13                -1.25
13 13    8.999999999999995
15 13   -1.000000000000001
17 13   -1.000000000000001
26 13                -1.25
27 13   -3.499999999999952
30 13                 1.25
3 14                 1.25
8 14   -1.000000000000012
9 14                -1.25
14 14    9.000000000000002
16 14   -3.500000000000003
18 14   -3.500000000000003
25 14                -1.25
28 14  -0.9999999999999863
29 14                 1.25
3 15    42735040.98504225
4 15  -0.4999999999999999
13 15   -1.000000000000001
15 15    170940175.4401709
25 15    42735040.98504337
26 15   0.4999999999999999
3 16  -0.7499999999999999
4 16    42735042.23504225
14 16   -3.500000000000003
16 16    170940175.4401709
25 16   0.7499999999999999
26 16    42735042.23504337
9 17   -3.500000000000044
13 17   -1.000000000000001
17 17                    9
18 17 -2.220446049250313e-16
19 17  -0.9999999999999993
29 17   -3.499999999999955
10 18   -1.000000000000013
14 18   -3.500000000000003
17 18 -2.220446049250313e-16
18 18                    9
20 18   -3.499999999999997
30 18   -0.999999999999987
10 19                 1.25
17 19  -0.9999999999999993
19 19    8.999999999999996
21 19   -3.500000000000043
22 19 1.110223024625157e-16
30 19                -1.25
31 19   -3.499999999999952
34 19                 1.25
35 19   -1.000000000000002
38 19                -1.25
9 20                 1.25
18 20   -3.499999999999997
20 20    9.000000000000005
22 20   -1.000000000000012
29 20                -1.25
32 20  -0.9999999999999862
33 20                 1.25
35 20 1.110223024625157e-16
36 20   -3.500000000000008
37 20                -1.25
9 21  -0.9999999999999931
19 21   -3.500000000000043
21 21    9.000000000000028
23 21   -3.499999999999997
24 21 -1.110223024625157e-16
37 21  -0.9999999999999959
9 22 5.551115123125783e-17
10 22   -3.499999999999975
19 22 1.110223024625157e-16
20 22   -1.000000000000012
22 22    8.999999999999972
23 22 -1.110223024625157e-16
24 22   -0.999999999999999
37 22 -1.665334536937735e-16
38 22   -3.499999999999986
10 23                -1.25
11 23  -0.4999999999999999
12 23                  0.5
21 23   -3.499999999999997
22 23 -1.110223024625157e-16
23 23    4.499999999999998
38 23                 1.25
39 23  -0.5000000000000012
40 23  -0.5000000000000001
9 24                -1.25
11 24   0.7499999999999999
12 24   -1.749999999999999
21 24 -1.110223024625157e-16
22 24   -0.999999999999999
24 24    4.500000000000003
37 24                 1.25
39 24                -0.75
40 24   -1.750000000000004
14 25                -1.25
15 25    42735040.98504337
16 25   0.7499999999999999
25 25    170940175.4401716
27 25   -1.000000000000005
42 25                 1.25
43 25    42735040.98504262
44 25  -0.7499999999999998
13 26                -1.25
15 26   0.4999999999999999
16 26    42735042.23504337
26 26    170940175.4401716
28 26   -3.500000000000019
41 26                 1.25
43 26  -0.4999999999999999
44 26    42735042.23504262
13 27   -3.499999999999952
25 27   -1.000000000000005
26 27 1.110223024625157e-16
27 27    8.999999999999973
29 27   -1.000000000000005
30 27 -1.110223024625157e-16
41 27   -3.500000000000011
14 28  -0.9999999999999863
26 28   -3.500000000000019
28 28    9.000000000000025
30 28   -3.500000000000019
42 28   -1.000000000000003
14 29                 1.25
17 29   -3.499999999999955
20 29                -1.25
27 29   -1.000000000000005
29 29    8.999999999999977
31 29   -1.000000000000004
32 29 -5.551115123125783e-17
42 29                -1.25
45 29   -3.500000000000014
46 29 -1.110223024625157e-16
48 29                 1.25
13 30                 1.25
18 30   -0.999999999999987
19 30                -1.25
28 30   -3.500000000000019
30 30    9.000000000000023
32 30   -3.500000000000013
41 30                -1.25
45 30 -5.551115123125783e-17
46 30   -1.000000000000004
47 30                 1.25
19 31   -3.499999999999952
29 31   -1.000000000000004
31 31    8.999999999999972
33 31   -1.000000000000006
47 31   -3.500000000000012
48 31 -5.551115123125783e-17
20 32  -0.9999999999999862
29 32 -5.551115123125783e-17
30 32   -3.500000000000013
32 32    9.000000000000025
34 32   -3.500000000000021
48 32   -1.000000000000004
20 33                 1.25
31 33   -1.000000000000006
33 33    8.999999999999968
35 33   -3.499999999999949
48 33                -1.25
49 33   -3.500000000000009
50 33 -1.110223024625157e-16
52 33                 1.25
53 33   -1.000000000000005
56 33                -1.25
19 34                 1.25
32 34   -3.500000000000021
34 34     9.00000000000003
35 34 5.551115123125783e-17
36 34  -0.9999999999999856
47 34                -1.25
49 34 -5.551115123125783e-17
50 34   -1.000000000000003
51 34                 1.25
54 34   -3.500000000000019
55 34                -1.25
19 35   -1.000000000000002
20 35 1.110223024625157e-16
33 35   -3.499999999999949
34 35 5.551115123125783e-17
35 35    8.999999999999993
36 35 -4.440892098500626e-16
37 35    -3.50000000000004
55 35   -1.000000000000001
20 36   -3.500000000000008
33 36 1.110223024625157e-16
34 36  -0.9999999999999856
35 36 -4.440892098500626e-16
36 36    9.000000000000007
37 36 1.110223024625157e-16
38 36   -1.000000000000011
55 36 5.551115123125783e-17
56 36   -3.500000000000003
20 37                -1.25
21 37  -0.9999999999999959
22 37 -1.665334536937735e-16
24 37                 1.25
35 37    -3.50000000000004
36 37 1.110223024625157e-16
37 37    9.000000000000025
39 37   -3.499999999999994
40 37 -2.220446049250313e-16
56 37                 1.25
57 37  -0.9999999999999944
60 37                -1.25
19 38                -1.25
22 38   -3.499999999999986
23 38                 1.25
36 38   -1.000000000000011
38 38    8.999999999999977
39 38 -1.665334536937735e-16
40 38  -0.9999999999999981
55 38                 1.25
57 38 -1.110223024625157e-16
58 38    -3.49999999999998
59 38                -1.25
23 39  -0.5000000000000012
24 39                -0.75
37 39   -3.499999999999994
38 39 -1.665334536937735e-16
39 39    4.499999999999996
40 39 2.220446049250313e-16
59 39  -0.5000000000000006
60 39   0.7499999999999998
23 40  -0.5000000000000001
24 40   -1.750000000000004
37 40 -2.220446049250313e-16
38 40  -0.9999999999999981
39 40 2.220446049250313e-16
40 40    4.500000000000004
59 40   0.4999999999999999
60 40   -1.750000000000002
26 41                 1.25
27 41   -3.500000000000011
30 41                -1.25
41 41    9.000000000000005
43 41  -0.9999999999999983
45 41  -0.9999999999999983
62 41                -1.25
63 41   -3.499999999999998
66 41                 1.25
25 42                 1.25
28 42   -1.000000000000003
29 42                -1.25
42 42    8.999999999999993
44 42   -3.499999999999995
46 42   -3.499999999999995
61 42                -1.25
64 42  -0.9999999999999989
65 42                 1.25
25 43    42735040.98504262
26 43  -0.4999999999999999
41 43  -0.9999999999999983
42 43 1.110223024625157e-16
43 43    170940175.4401705
44 43 -2.220446049250313e-16
61 43    42735040.98504281
62 43   0.4999999999999999
25 44  -0.7499999999999999
26 44    42735042.23504262
42 44   -3.499999999999995
43 44 -2.220446049250313e-16
44 44    170940175.4401705
61 44   0.7499999999999999
62 44    42735042.23504281
29 45   -3.500000000000014
30 45 -5.551115123125783e-17
41 45  -0.9999999999999983
42 45 -1.110223024625157e-16
45 45    9.000000000000009
46 45 4.440892098500626e-16
47 45  -0.9999999999999973
65 45                 -3.5
66 45 5.551115123125783e-17
30 46   -1.000000000000004
42 46   -3.499999999999995
45 46 4.440892098500626e-16
46 46    8.999999999999989
48 46   -3.499999999999991
66 46  -0.9999999999999997
30 47                 1.25
31 47   -3.500000000000012
34 47                -1.25
45 47  -0.9999999999999973
47 47    9.000000000000005
49 47                   -1
50 47 -1.665334536937735e-16
66 47                -1.25
67 47   -3.499999999999997
68 47 -1.110223024625157e-16
70 47                 1.25
29 48                 1.25
31 48 -5.551115123125783e-17
32 48   -1.000000000000004
33 48                -1.25
46 48   -3.499999999999991
48 48    8.999999999999995
49 48 -1.110223024625157e-16
50 48                 -3.5
65 48                -1.25
67 48 -1.110223024625157e-16
68 48   -0.999999999999999
69 48                 1.25
33 49   -3.500000000000009
34 49 -5.551115123125783e-17
47 49                   -1
48 49 -1.110223024625157e-16
49 49    9.000000000000004
50 49 6.661338147750939e-16
51 49  -0.9999999999999991
52 49 -2.220446049250313e-16
69 49   -3.499999999999994
70 49 -1.665334536937735e-16
33 50 -1.110223024625157e-16
34 50   -1.000000000000003
47 50 -1.665334536937735e-16
48 50                 -3.5
49 50 6.661338147750939e-16
50 50    8.999999999999996
51 50 -5.551115123125783e-17
52 50   -3.499999999999996
69 50 -2.220446049250313e-16
70 50  -0.9999999999999981
34 51                 1.25
49 51  -0.9999999999999991
50 51 -5.551115123125783e-17
51 51    9.000000000000012
53 51   -3.500000000000016
54 51 -1.110223024625157e-16
70 51                -1.25
71 51   -3.500000000000001
72 51 -1.110223024625157e-16
74 51                 1.25
75 51  -0.9999999999999956
76 51 -5.551115123125783e-17
78 51                -1.25
33 52                 1.25
49 52 -2.220446049250313e-16
50 52   -3.499999999999996
52 52    8.999999999999988
53 52 -5.551115123125783e-17
54 52   -1.000000000000005
69 52                -1.25
71 52 -5.551115123125783e-17
72 52                   -1
73 52                 1.25
76 52   -3.499999999999986
77 52                -1.25
33 53   -1.000000000000005
34 53 -1.110223024625157e-16
51 53   -3.500000000000016
52 53 -5.551115123125783e-17
53 53     8.99999999999998
54 53 2.220446049250313e-16
55 53   -3.499999999999956
56 53 5.551115123125783e-17
77 53   -1.000000000000002
34 54   -3.500000000000019
51 54 -1.110223024625157e-16
52 54   -1.000000000000005
53 54 2.220446049250313e-16
54 54    9.000000000000018
55 54 1.110223024625157e-16
56 54  -0.9999999999999878
78 54   -3.500000000000008
34 55                -1.25
35 55   -1.000000000000001
36 55 5.551115123125783e-17
38 55                 1.25
53 55   -3.499999999999956
55 55    9.000000000000004
57 55   -3.500000000000047
78 55                 1.25
79 55   -0.999999999999998
82 55                -1.25
33 56                -1.25
35 56 1.110223024625157e-16
36 56   -3.500000000000003
37 56                 1.25
53 56 5.551115123125783e-17
54 56  -0.9999999999999878
56 56    8.999999999999996
58 56   -1.000000000000013
77 56                 1.25
80 56   -3.499999999999992
81 56                -1.25
37 57  -0.9999999999999944
38 57 -1.110223024625157e-16
55 57   -3.500000000000047
57 57    9.000000000000036
58 57 2.220446049250313e-16
59 57   -3.500000000000001
60 57 -5.551115123125783e-17
81 57  -0.9999999999999913
38 58    -3.49999999999998
56 58   -1.000000000000013
57 58 2.220446049250313e-16
58 58    8.999999999999961
59 58 -1.110223024625157e-16
60 58                   -1
81 58 -5.551115123125783e-17
82 58    -3.49999999999997
38 59                -1.25
39 59  -0.5000000000000006
40 59   0.4999999999999999
57 59   -3.500000000000001
58 59 -1.110223024625157e-16
59 59    4.500000000000001
82 59                 1.25
83 59  -0.4999999999999988
84 59                 -0.5
37 60                -1.25
39 60   0.7499999999999998
40 60   -1.750000000000002
57 60 -5.551115123125783e-17
58 60                   -1
60 60    4.499999999999999
81 60                 1.25
83 60  -0.7499999999999999
84 60   -1.749999999999997
42 61                -1.25
43 61    42735040.98504281
44 61   0.7499999999999999
61 61     170940175.440169
63 61  -0.9999999999999896
86 61                 1.25
87 61    42735040.98504189
88 61  -0.7499999999999999
41 62                -1.25
43 62   0.4999999999999999
44 62    42735042.23504281
62 62     170940175.440169
64 62   -3.499999999999964
85 62                 1.25
87 62  -0.4999999999999999
88 62    42735042.23504189
41 63   -3.499999999999998
61 63  -0.9999999999999896
63 63     9.00000000000005
65 63  -0.9999999999999896
85 63   -3.500000000000074
42 64  -0.9999999999999989
62 64   -3.499999999999964
64 64    8.999999999999947
66 64   -3.499999999999964
86 64    -1.00000000000002
42 65                 1.25
45 65                 -3.5
48 65                -1.25
63 65  -0.9999999999999896
65 65    9.000000000000053
67 65   -0.999999999999989
68 65 -1.110223024625157e-16
86 65                -1.25
89 65   -3.500000000000075
90 65 -1.110223024625157e-16
92 65                 1.25
41 66                 1.25
45 66 5.551115123125783e-17
46 66  -0.9999999999999997
47 66                -1.25
64 66   -3.499999999999964
66 66    8.999999999999947
67 66 -1.110223024625157e-16
68 66   -3.499999999999961
85 66                -1.25
89 66 -1.665334536937735e-16
90 66   -1.000000000000021
91 66                 1.25
47 67   -3.499999999999997
48 67 -1.110223024625157e-16
65 67   -0.999999999999989
66 67 -1.110223024625157e-16
67 67     9.00000000000005
68 67 4.440892098500626e-16
69 67  -0.9999999999999913
70 67 -1.110223024625157e-16
91 67   -3.500000000000072
92 67 -1.665334536937735e-16
47 68 -1.110223024625157e-16
48 68   -0.999999999999999
65 68 -1.110223024625157e-16
66 68   -3.499999999999961
67 68 4.440892098500626e-16
68 68     8.99999999999995
69 68 -1.665334536937735e-16
70 68    -3.49999999999997
91 68 -1.110223024625157e-16
92 68   -1.000000000000021
48 69                 1.25
49 69   -3.499999999999994
50 69 -2.220446049250313e-16
52 69                -1.25
67 69  -0.9999999999999913
68 69 -1.665334536937735e-16
69 69    9.000000000000046
71 69  -0.9999999999999905
72 69 -5.551115123125783e-17
92 69                -1.25
93 69   -3.500000000000069
96 69                 1.25
47 70                 1.25
49 70 -1.665334536937735e-16
50 70  -0.9999999999999981
51 70                -1.25
67 70 -1.110223024625157e-16
68 70    -3.49999999999997
70 70    8.999999999999956
71 70 -1.110223024625157e-16
72 70   -3.499999999999967
91 70                -1.25
93 70 -5.551115123125783e-17
94 70    -1.00000000000002
95 70                 1.25
51 71   -3.500000000000001
52 71 -5.551115123125783e-17
69 71  -0.9999999999999905
70 71 -1.110223024625157e-16
71 71    9.000000000000057
72 71 2.220446049250313e-16
73 71  -0.9999999999999869
74 71 1.110223024625157e-16
95 71   -3.500000000000077
96 71 1.110223024625157e-16
51 72 -1.110223024625157e-16
52 72                   -1
69 72 -5.551115123125783e-17
70 72   -3.499999999999967
71 72 2.220446049250313e-16
72 72    8.999999999999941
73 72 1.110223024625157e-16
74 72   -3.499999999999955
95 72 1.110223024625157e-16
96 72   -1.000000000000022
52 73                 1.25
71 73  -0.9999999999999869
72 73 1.110223024625157e-16
73 73    9.000000000000052
75 73   -3.499999999999997
76 73 1.110223024625157e-16
96 73                -1.25
97 73   -3.500000000000074
98 73 1.110223024625157e-16
100 73                 1.25
101 73  -0.9999999999999922
102 73 -5.551115123125783e-17
104 73                -1.25
51 74                 1.25
71 74 1.110223024625157e-16
72 74   -3.499999999999955
74 74    8.999999999999948
75 74 -5.551115123125783e-17
76 74  -0.9999999999999998
95 74                -1.25
97 74 1.110223024625157e-16
98 74   -1.000000000000021
99 74                 1.25
101 74 1.110223024625157e-16
102 74   -3.499999999999973
103 74                -1.25
51 75  -0.9999999999999956
73 75   -3.499999999999997
74 75 -5.551115123125783e-17
75 75    9.000000000000007
76 75 2.220446049250313e-16
77 75   -3.500000000000013
78 75 -5.551115123125783e-17
103 75   -1.000000000000001
51 76 -5.551115123125783e-17
52 76   -3.499999999999986
73 76 1.110223024625157e-16
74 76  -0.9999999999999998
75 76 2.220446049250313e-16
76 76    8.999999999999993
77 76 -1.110223024625157e-16
78 76   -1.000000000000004
103 76 -5.551115123125783e-17
104 76   -3.500000000000004
52 77                -1.25
53 77   -1.000000000000002
56 77                 1.25
75 77   -3.500000000000013
76 77 -1.110223024625157e-16
77 77    8.999999999999975
79 77   -3.499999999999953
104 77                 1.25
105 77   -1.000000000000008
106 77 1.110223024625157e-16
108 77                -1.25
51 78                -1.25
54 78   -3.500000000000008
55 78                 1.25
75 78 -5.551115123125783e-17
76 78   -1.000000000000004
78 78    9.000000000000025
79 78 1.665334536937735e-16
80 78  -0.9999999999999866
103 78                 1.25
106 78   -3.500000000000027
107 78                -1.25
55 79   -0.999999999999998
77 79   -3.499999999999953
78 79 1.665334536937735e-16
79 79    8.999999999999996
80 79 -2.220446049250313e-16
81 79   -3.500000000000043
107 79   -1.000000000000003
56 80   -3.499999999999992
77 80 1.110223024625157e-16
78 80  -0.9999999999999866
79 80 -4.440892098500626e-16
80 80    9.000000000000002
82 80   -1.000000000000012
107 80 1.665334536937735e-16
108 80   -3.500000000000012
56 81                -1.25
57 81  -0.9999999999999913
58 81 -5.551115123125783e-17
60 81                 1.25
79 81   -3.500000000000043
81 81    9.000000000000028
83 81   -3.499999999999997
84 81 1.110223024625157e-16
108 81                 1.25
109 81  -0.9999999999999967
112 81                -1.25
55 82                -1.25
58 82    -3.49999999999997
59 82                 1.25
80 82   -1.000000000000012
82 82     8.99999999999997
83 82 -5.551115123125783e-17
84 82  -0.9999999999999998
107 82                 1.25
109 82 1.110223024625157e-16
110 82   -3.499999999999988
111 82                -1.25
59 83  -0.4999999999999988
60 83  -0.7499999999999999
81 83   -3.499999999999997
82 83 -5.551115123125783e-17
83 83    4.499999999999998
111 83  -0.5000000000000016
112 83                 0.75
59 84                 -0.5
60 84   -1.749999999999997
81 84 1.110223024625157e-16
82 84  -0.9999999999999998
84 84    4.500000000000001
111 84   0.4999999999999999
112 84   -1.750000000000006
62 85                 1.25
63 85   -3.500000000000074
66 85                -1.25
85 85    8.999999999999996
87 85   -1.000000000000001
88 85 5.551115123125783e-17
89 85   -1.000000000000001
90 85 -5.551115123125783e-17
114 85                -1.25
115 85   -3.499999999999921
118 85                 1.25
61 86                 1.25
64 86    -1.00000000000002
65 86                -1.25
86 86    9.000000000000004
87 86 1.110223024625157e-16
88 86   -3.500000000000003
89 86 -1.110223024625157e-16
90 86   -3.500000000000003
113 86                -1.25
116 86  -0.9999999999999774
117 86                 1.25
61 87    42735040.98504189
62 87  -0.4999999999999999
85 87   -1.000000000000001
86 87 1.110223024625157e-16
87 87    170940175.4401709
88 87 -2.220446049250313e-16
113 87    42735040.98504374
114 87                  0.5
61 88  -0.7499999999999999
62 88    42735042.23504189
85 88 5.551115123125783e-17
86 88   -3.500000000000003
87 88 -2.220446049250313e-16
88 88    170940175.4401709
113 88                 0.75
114 88    42735042.23504374
65 89   -3.500000000000075
66 89 -1.665334536937735e-16
85 89   -1.000000000000001
86 89 -1.110223024625157e-16
89 89    8.999999999999998
90 89 4.440892098500626e-16
91 89  -0.9999999999999997
92 89 -1.110223024625157e-16
117 89   -3.499999999999923
118 89 -5.551115123125783e-17
65 90 -1.110223024625157e-16
66 90   -1.000000000000021
85 90 -5.551115123125783e-17
86 90   -3.500000000000003
89 90 2.220446049250313e-16
90 90                    9
91 90 -1.665334536937735e-16
92 90   -3.499999999999998
117 90 -1.110223024625157e-16
118 90   -0.999999999999978
66 91                 1.25
67 91   -3.500000000000072
68 91 -1.110223024625157e-16
70 91                -1.25
89 91  -0.9999999999999997
90 91 -1.665334536937735e-16
91 91    8.999999999999995
93 91   -1.000000000000002
94 91 -5.551115123125783e-17
118 91                -1.25
119 91    -3.49999999999992
122 91                 1.25
65 92                 1.25
67 92 -1.665334536937735e-16
68 92   -1.000000000000021
69 92                -1.25
89 92 -1.110223024625157e-16
90 92   -3.499999999999998
92 92    9.000000000000005
94 92   -3.500000000000008
117 92                -1.25
119 92 -5.551115123125783e-17
120 92  -0.9999999999999774
121 92                 1.25
69 93   -3.500000000000069
70 93 -5.551115123125783e-17
91 93   -1.000000000000002
93 93    8.999999999999991
94 93 4.440892098500626e-16
95 93   -1.000000000000001
121 93   -3.499999999999917
122 93 1.110223024625157e-16
70 94    -1.00000000000002
91 94 -5.551115123125783e-17
92 94   -3.500000000000008
93 94 2.220446049250313e-16
94 94    9.000000000000007
95 94 1.110223024625157e-16
96 94   -3.500000000000004
121 94 1.110223024625157e-16
122 94  -0.9999999999999767
70 95                 1.25
71 95   -3.500000000000077
72 95 1.110223024625157e-16
74 95                -1.25
93 95   -1.000000000000001
94 95 1.110223024625157e-16
95 95    9.000000000000002
97 95  -0.9999999999999976
98 95 1.665334536937735e-16
122 95                -1.25
123 95   -3.499999999999925
126 95                 1.25
69 96                 1.25
71 96 1.110223024625157e-16
72 96   -1.000000000000022
73 96                -1.25
93 96 1.110223024625157e-16
94 96   -3.500000000000004
96 96    8.999999999999998
97 96 2.220446049250313e-16
98 96   -3.499999999999992
121 96                -1.25
123 96 1.665334536937735e-16
124 96  -0.9999999999999787
125 96                 1.25
73 97   -3.500000000000074
74 97 1.110223024625157e-16
95 97  -0.9999999999999976
96 97 1.110223024625157e-16
97 97    8.999999999999996
99 97   -1.000000000000003
125 97   -3.499999999999922
73 98 1.110223024625157e-16
74 98   -1.000000000000021
95 98 1.665334536937735e-16
96 98   -3.499999999999992
98 98                    9
99 98 -5.551115123125783e-17
100 98   -3.500000000000011
125 98 1.110223024625157e-16
126 98  -0.9999999999999777
74 99                 1.25
97 99   -1.000000000000003
98 99 -5.551115123125783e-17
99 99    8.999999999999988
101 99   -3.500000000000068
126 99                -1.25
127 99   -3.499999999999917
130 99                 1.25
131 99   -1.000000000000001
132 99 -1.110223024625157e-16
134 99                -1.25
73 100                 1.25
98 100   -3.500000000000011
100 100    9.000000000000012
102 100    -1.00000000000002
125 100                -1.25
127 100 -1.665334536937735e-16
128 100  -0.9999999999999762
129 100                 1.25
131 100 -1.110223024625157e-16
132 100   -3.500000000000004
133 100                -1.25
73 101  -0.9999999999999922
74 101 1.110223024625157e-16
99 101   -3.500000000000068
101 101    9.000000000000043
102 101 -2.220446049250313e-16
103 101   -3.499999999999992
133 101  -0.9999999999999905
134 101 1.110223024625157e-16
73 102 -5.551115123125783e-17
74 102   -3.499999999999973
100 102    -1.00000000000002
101 102 -2.220446049250313e-16
102 102    8.999999999999956
103 102 2.220446049250313e-16
104 102  -0.9999999999999978
133 102 5.551115123125783e-17
134 102   -3.499999999999967
74 103                -1.25
75 103   -1.000000000000001
76 103 -5.551115123125783e-17
78 103                 1.25
101 103   -3.499999999999992
102 103 2.220446049250313e-16
103 103                    9
105 103   -3.500000000000008
134 103                 1.25
135 103  -0.9999999999999991
136 103 5.551115123125783e-17
138 103                -1.25
73 104                -1.25
76 104   -3.500000000000004
77 104                 1.25
102 104  -0.9999999999999978
104 104                    9
106 104   -1.000000000000002
133 104                 1.25
135 104 2.220446049250313e-16
136 104   -3.499999999999996
137 104                -1.25
77 105   -1.000000000000008
78 105 -1.110223024625157e-16
103 105   -3.500000000000008
105 105    8.999999999999968
106 105 -2.220446049250313e-16
107 105   -3.499999999999948
108 105 1.110223024625157e-16
137 105   -1.000000000000005
138 105 1.110223024625157e-16
77 106 1.110223024625157e-16
78 106   -3.500000000000027
104 106   -1.000000000000002
105 106 -4.440892098500626e-16
106 106    9.000000000000032
108 106  -0.9999999999999851
138 106   -3.500000000000019
78 107                -1.25
79 107   -1.000000000000003
80 107 1.665334536937735e-16
82 107                 1.25
105 107   -3.499999999999948
107 107    8.999999999999989
109 107   -3.500000000000037
138 107                 1.25
139 107   -1.000000000000001
140 107 -5.551115123125783e-17
142 107                -1.25
77 108                -1.25
79 108 1.110223024625157e-16
80 108   -3.500000000000012
81 108                 1.25
105 108 1.110223024625157e-16
106 108  -0.9999999999999851
108 108    9.000000000000009
110 108   -1.000000000000011
137 108                 1.25
139 108 -1.110223024625157e-16
140 108   -3.500000000000003
141 108                -1.25
81 109  -0.9999999999999967
82 109 1.110223024625157e-16
107 109   -3.500000000000037
109 109    9.000000000000021
110 109 -2.220446049250313e-16
111 109   -3.499999999999992
141 109  -0.9999999999999944
142 109 1.110223024625157e-16
82 110   -3.499999999999988
108 110   -1.000000000000011
109 110 -2.220446049250313e-16
110 110    8.999999999999975
111 110 2.220446049250313e-16
112 110  -0.9999999999999978
142 110    -3.49999999999998
82 111                -1.25
83 111  -0.5000000000000016
84 111   0.4999999999999999
109 111   -3.499999999999992
110 111 2.220446049250313e-16
111 111    4.499999999999994
142 111                 1.25
143 111  -0.5000000000000006
144 111  -0.4999999999999999
81 112                -1.25
83 112                 0.75
84 112   -1.750000000000006
110 112  -0.9999999999999978
112 112    4.500000000000005
141 112                 1.25
143 112  -0.7499999999999998
144 112   -1.750000000000002
86 113                -1.25
87 113    42735040.98504374
88 113                 0.75
113 113    170940175.4401727
115 113   -1.000000000000012
116 113 5.551115123125783e-17
146 113                 1.25
147 113    42735040.98504281
148 113  -0.7499999999999999
85 114                -1.25
87 114                  0.5
88 114    42735042.23504374
114 114    170940175.4401727
115 114 1.110223024625157e-16
116 114   -3.500000000000041
145 114                 1.25
147 114  -0.4999999999999999
148 114    42735042.23504281
85 115   -3.499999999999921
113 115   -1.000000000000012
114 115 1.110223024625157e-16
115 115    8.999999999999941
117 115   -1.000000000000012
118 115 -1.110223024625157e-16
145 115   -3.499999999999998
86 116  -0.9999999999999774
113 116 5.551115123125783e-17
114 116   -3.500000000000041
116 116    9.000000000000057
117 116 -5.551115123125783e-17
118 116   -3.500000000000041
146 116  -0.9999999999999989
86 117                 1.25
89 117   -3.499999999999923
90 117 -1.110223024625157e-16
92 117                -1.25
115 117   -1.000000000000012
116 117 -5.551115123125783e-17
117 117    8.999999999999945
119 117    -1.00000000000001
120 117 -5.551115123125783e-17
146 117                -1.25
149 117                 -3.5
152 117                 1.25
85 118                 1.25
89 118 -5.551115123125783e-17
90 118   -0.999999999999978
91 118                -1.25
115 118 -1.110223024625157e-16
116 118   -3.500000000000041
118 118    9.000000000000053
120 118   -3.500000000000036
145 118                -1.25
149 118 -5.551115123125783e-17
150 118  -0.9999999999999997
151 118                 1.25
91 119    -3.49999999999992
92 119 -5.551115123125783e-17
117 119    -1.00000000000001
119 119     8.99999999999994
121 119   -1.000000000000013
122 119 1.110223024625157e-16
151 119   -3.499999999999997
152 119 1.110223024625157e-16
92 120  -0.9999999999999774
117 120 -5.551115123125783e-17
118 120   -3.500000000000036
119 120 -2.220446049250313e-16
120 120    9.000000000000059
121 120 1.110223024625157e-16
122 120   -3.500000000000047
151 120 1.110223024625157e-16
152 120   -0.999999999999999
92 121                 1.25
93 121   -3.499999999999917
96 121                -1.25
119 121   -1.000000000000013
120 121 1.110223024625157e-16
121 121    8.999999999999936
123 121   -1.000000000000012
124 121 1.665334536937735e-16
152 121                -1.25
153 121   -3.499999999999994
154 121 2.220446049250313e-16
156 121                 1.25
91 122                 1.25
93 122 1.110223024625157e-16
94 122  -0.9999999999999767
95 122                -1.25
119 122 1.110223024625157e-16
120 122   -3.500000000000047
122 122    9.000000000000064
123 122 2.220446049250313e-16
124 122   -3.500000000000042
151 122                -1.25
153 122 1.665334536937735e-16
154 122  -0.9999999999999981
155 122                 1.25
95 123   -3.499999999999925
96 123 1.665334536937735e-16
121 123   -1.000000000000012
122 123 1.110223024625157e-16
123 123    8.999999999999947
124 123 -2.220446049250313e-16
125 123   -1.000000000000008
155 123   -3.500000000000001
156 123 5.551115123125783e-17
95 124 2.220446049250313e-16
96 124  -0.9999999999999787
121 124 1.665334536937735e-16
122 124   -3.500000000000042
123 124 -4.440892098500626e-16
124 124     9.00000000000005
125 124 5.551115123125783e-17
126 124   -3.500000000000031
155 124 1.110223024625157e-16
156 124                   -1
96 125                 1.25
97 125   -3.499999999999922
100 125                -1.25
123 125   -1.000000000000008
124 125 5.551115123125783e-17
125 125    8.999999999999943
127 125   -1.000000000000014
156 125                -1.25
157 125   -3.499999999999997
158 125 -1.110223024625157e-16
160 125                 1.25
95 126                 1.25
98 126  -0.9999999999999777
99 126                -1.25
123 126 1.110223024625157e-16
124 126   -3.500000000000031
126 126    9.000000000000057
127 126 -1.110223024625157e-16
128 126   -3.500000000000049
155 126                -1.25
157 126 5.551115123125783e-17
158 126  -0.9999999999999998
159 126                 1.25
99 127   -3.499999999999917
100 127 -1.665334536937735e-16
125 127   -1.000000000000014
126 127 -1.110223024625157e-16
127 127    8.999999999999934
128 127 2.220446049250313e-16
129 127   -1.000000000000012
130 127 -1.110223024625157e-16
159 127   -3.499999999999992
99 128 -1.110223024625157e-16
100 128  -0.9999999999999762
126 128   -3.500000000000049
127 128 4.440892098500626e-16
128 128    9.000000000000062
129 128 -1.665334536937735e-16
130 128   -3.500000000000042
159 128 -2.220446049250313e-16
160 128  -0.9999999999999978
100 129                 1.25
127 129   -1.000000000000012
128 129 -1.665334536937735e-16
129 129     8.99999999999994
131 129    -3.49999999999992
160 129                -1.25
161 129   -3.499999999999995
164 129                 1.25
165 129   -1.000000000000012
166 129 1.665334536937735e-16
168 129                -1.25
99 130                 1.25
127 130 -2.220446049250313e-16
128 130   -3.500000000000042
130 130     9.00000000000006
132 130  -0.9999999999999772
159 130                -1.25
162 130  -0.9999999999999987
163 130                 1.25
165 130 2.220446049250313e-16
166 130   -3.500000000000042
167 130                -1.25
99 131   -1.000000000000001
129 131    -3.49999999999992
131 131    8.999999999999996
133 131   -3.500000000000071
167 131   -1.000000000000001
99 132 -1.110223024625157e-16
100 132   -3.500000000000004
130 132  -0.9999999999999772
132 132    9.000000000000005
134 132    -1.00000000000002
167 132 1.110223024625157e-16
168 132   -3.500000000000004
100 133                -1.25
101 133  -0.9999999999999905
102 133 5.551115123125783e-17
104 133                 1.25
131 133   -3.500000000000071
133 133    9.000000000000048
135 133   -3.499999999999995
168 133                 1.25
169 133  -0.9999999999999905
170 133 -5.551115123125783e-17
172 133                -1.25
99 134                -1.25
101 134 1.110223024625157e-16
102 134   -3.499999999999967
103 134                 1.25
132 134    -1.00000000000002
134 134    8.999999999999952
136 134  -0.9999999999999987
167 134                 1.25
169 134 -1.110223024625157e-16
170 134   -3.499999999999967
171 134                -1.25
103 135  -0.9999999999999991
104 135 2.220446049250313e-16
133 135   -3.499999999999995
135 135    9.000000000000007
137 135   -3.500000000000011
171 135  -0.9999999999999991
172 135 -2.220446049250313e-16
103 136 5.551115123125783e-17
104 136   -3.499999999999996
134 136  -0.9999999999999987
136 136    8.999999999999993
138 136   -1.000000000000004
171 136 -5.551115123125783e-17
172 136   -3.499999999999996
104 137                -1.25
105 137   -1.000000000000005
108 137                 1.25
135 137   -3.500000000000011
137 137    8.999999999999973
139 137   -3.499999999999952
172 137                 1.25
173 137   -1.000000000000005
176 137                -1.25
103 138                -1.25
106 138   -3.500000000000019
107 138                 1.25
136 138   -1.000000000000004
138 138    9.000000000000027
140 138  -0.9999999999999862
171 138                 1.25
174 138   -3.500000000000019
175 138                -1.25
107 139   -1.000000000000001
137 139   -3.499999999999952
139 139    8.999999999999996
141 139   -3.500000000000042
175 139   -1.000000000000001
107 140 -5.551115123125783e-17
108 140   -3.500000000000003
138 140  -0.9999999999999862
140 140    9.000000000000004
142 140   -1.000000000000012
175 140 5.551115123125783e-17
176 140   -3.500000000000003
108 141                -1.25
109 141  -0.9999999999999944
112 141                 1.25
139 141   -3.500000000000042
141 141    9.000000000000027
143 141   -3.499999999999995
176 141                 1.25
177 141  -0.9999999999999944
180 141                -1.25
107 142                -1.25
109 142 1.110223024625157e-16
110 142    -3.49999999999998
111 142                 1.25
140 142   -1.000000000000012
142 142    8.999999999999973
144 142  -0.9999999999999987
175 142                 1.25
177 142 -1.110223024625157e-16
178 142    -3.49999999999998
179 142                -1.25
111 143  -0.5000000000000006
112 143  -0.7499999999999998
141 143   -3.499999999999995
143 143    4.499999999999996
179 143  -0.5000000000000006
180 143   0.7499999999999998
111 144  -0.4999999999999999
112 144   -1.750000000000002
142 144  -0.9999999999999987
144 144    4.500000000000001
179 144   0.4999999999999999
180 144   -1.750000000000002
114 145                 1.25
115 145   -3.499999999999998
118 145                -1.25
145 145    9.000000000000005
147 145  -0.9999999999999983
149 145  -0.9999999999999983
182 145                -1.25
183 145   -3.500000000000011
186 145                 1.25
113 146                 1.25
116 146  -0.9999999999999989
117 146                -1.25
146 146    8.999999999999993
148 146   -3.499999999999995
150 146   -3.499999999999995
181 146                -1.25
184 146   -1.000000000000003
185 146                 1.25
113 147    42735040.98504281
114 147  -0.4999999999999999
145 147  -0.9999999999999983
146 147 -1.110223024625157e-16
147 147    170940175.4401705
148 147 2.220446049250313e-16
181 147    42735040.98504263
182 147   0.4999999999999999
113 148  -0.7499999999999999
114 148    42735042.23504281
146 148   -3.499999999999995
147 148 2.220446049250313e-16
148 148    170940175.4401705
181 148   0.7499999999999999
182 148    42735042.23504263
117 149                 -3.5
118 149 -5.551115123125783e-17
145 149  -0.9999999999999983
146 149 1.110223024625157e-16
149 149    9.000000000000009
150 149 -4.440892098500626e-16
151 149  -0.9999999999999973
185 149   -3.500000000000014
186 149 5.551115123125783e-17
118 150  -0.9999999999999997
146 150   -3.499999999999995
149 150 -4.440892098500626e-16
150 150    8.999999999999989
152 150   -3.499999999999991
186 150   -1.000000000000004
118 151                 1.25
119 151   -3.499999999999997
120 151 1.110223024625157e-16
122 151                -1.25
149 151  -0.9999999999999973
151 151    9.000000000000005
153 151                   -1
154 151 1.665334536937735e-16
186 151                -1.25
187 151   -3.500000000000012
190 151                 1.25
117 152                 1.25
119 152 1.110223024625157e-16
120 152   -0.999999999999999
121 152                -1.25
150 152   -3.499999999999991
152 152    8.999999999999991
153 152 1.110223024625157e-16
154 152                 -3.5
185 152                -1.25
187 152 5.551115123125783e-17
188 152   -1.000000000000004
189 152                 1.25
121 153   -3.499999999999994
122 153 1.665334536937735e-16
151 153                   -1
152 153 1.110223024625157e-16
153 153    9.000000000000004
154 153 -6.661338147750939e-16
155 153  -0.9999999999999991
156 153 2.220446049250313e-16
189 153   -3.500000000000009
190 153 5.551115123125783e-17
121 154 2.220446049250313e-16
122 154  -0.9999999999999981
151 154 1.665334536937735e-16
152 154                 -3.5
153 154 -6.661338147750939e-16
154 154    8.999999999999996
155 154 5.551115123125783e-17
156 154   -3.499999999999996
189 154 1.110223024625157e-16
190 154   -1.000000000000003
122 155                 1.25
123 155   -3.500000000000001
124 155 1.110223024625157e-16
126 155                -1.25
153 155  -0.9999999999999991
154 155 5.551115123125783e-17
155 155    9.000000000000011
157 155  -0.9999999999999956
158 155 5.551115123125783e-17
190 155                -1.25
191 155   -3.500000000000016
192 155 1.110223024625157e-16
194 155                 1.25
121 156                 1.25
123 156 5.551115123125783e-17
124 156                   -1
125 156                -1.25
153 156 2.220446049250313e-16
154 156   -3.499999999999996
156 156    8.999999999999989
158 156   -3.499999999999986
189 156                -1.25
191 156 5.551115123125783e-17
192 156   -1.000000000000005
193 156                 1.25
125 157   -3.499999999999997
126 157 5.551115123125783e-17
155 157  -0.9999999999999956
157 157    9.000000000000007
158 157 -2.220446049250313e-16
159 157   -1.000000000000001
193 157   -3.500000000000013
