%%MatrixMarket matrix coordinate real general
2604 2604 84220
1 1                    1
2 2                    1
3 3                    1
4 4   0.2547350776470433
5 4 -0.001811511904977712
6 4 -0.02970767901013682
7 4 -0.09408246698057182
8 4  0.05174492939733929
9 4   0.0292868469816759
10 4 -0.01460134964726917
11 4 -0.01474602131691626
12 4 8.247461309248409e-06
16 4  -0.1067556562798792
17 4 -0.04096864659685849
18 4 0.007166903292984222
22 4 -0.01143049209879158
23 4 -0.006737392638016032
24 4 0.008673134369440536
25 4 -0.01684839846251271
26 4 -0.002126429352210204
27 4 -0.01023052416846609
28 4 0.004397508603601505
29 4  0.02004235935512236
30 4 -0.04091988029974482
31 4 0.009233148003408452
32 4 -0.0009339538268863509
33 4 -0.001216415472283881
4 5 -0.001811511904977681
5 5   0.2841434574140063
6 5  0.04840367957450212
7 5  0.05085133957428342
8 5  -0.1251198700511837
9 5 -0.03575101223287976
10 5 -0.02215261177713998
11 5 -0.05140880313573971
12 5 -0.00450874993921363
16 5 -0.04099279903026636
17 5 -0.02690495970539784
18 5 -0.002813739894503097
22 5 -0.01176905971158343
23 5 -0.04004099099605318
24 5  0.02647123545390911
25 5 0.002911488738610424
26 5 -0.03524607811360254
27 5 -0.04298338762238199
28 5  0.02004235935512237
29 5  0.04626949772339577
30 5  0.02108897758604604
31 5 0.007330407535256222
32 5 -0.03730248429098706
33 5 -0.01494301241464414
4 6 -0.02970767901013682
5 6  0.04840367957450212
6 6   0.2681940115472947
7 6  0.02722974433052955
8 6 -0.03384089332430823
9 6  -0.0716120925031299
10 6 5.502946379367585e-06
11 6 -0.003005828682319175
12 6 -0.01466891938297372
16 6 0.0001798764832360612
17 6 -0.003648648737046933
18 6 -0.02634558735462945
22 6  0.01388146770277386
23 6  0.02647331064922152
24 6 -0.02816691747737349
25 6 0.0001861424982004835
26 6 -0.04298391659373649
27 6  -0.1029472787025601
28 6 -0.04091988029974481
29 6  0.02108897758604605
30 6  0.01885568793660903
31 6 0.002866184426180896
32 6 -0.01670009164466157
33 6 0.006538330559650831
4 7 -0.09408246698057182
5 7  0.05085133957428342
6 7  0.02722974433052955
7 7   0.2534703331331208
8 7 -0.01439893723467831
9 7 0.008565920480055847
10 7 -0.05088160050321362
11 7 -0.02167451328019838
12 7 -0.00443560944364252
16 7 -1.289405740142156e-05
17 7 -0.02557171793318907
18 7 -0.01084142618678123
22 7  0.01181894927197959
23 7   0.0103731809671434
24 7  0.01217843894715678
28 7 -0.05473649240527072
29 7 -0.006630229165125604
30 7 -0.01771952590082257
34 7 -0.05030602890685626
35 7 0.006615678888059995
36 7 -0.01352455491054068
4 8  0.05174492939733929
5 8  -0.1251198700511837
6 8 -0.03384089332430823
7 8  -0.0143989372346783
8 8   0.2790102752759206
9 8  0.02675716448488607
10 8 -0.01445204460047389
11 8 -0.01454711689191117
12 8 -3.842386914771626e-06
16 8 -0.02413472738975775
17 8 -0.08151520197500774
18 8 -0.002204200521513979
22 8  0.01475515932000739
23 8  0.03437287842718083
24 8 -0.002651905690923244
28 8 -0.01361767118172759
29 8 -0.06084555409089402
30 8 -0.02597518026909346
34 8 -0.00240803191893443
35 8 0.006074652034962609
36 8 -0.004093292184832127
4 9   0.0292868469816759
5 9 -0.03575101223287976
6 9  -0.0716120925031299
7 9 0.008565920480055847
8 9  0.02675716448488607
9 9   0.2659206832313031
10 9 -0.002959567800608561
11 9 -5.041182501855876e-06
12 9 -0.01454157457728578
16 9 -0.01165577894958561
17 9 -0.009315989862641413
18 9 -0.008959880794244496
22 9  0.01216875470236531
23 9 0.002644969309077398
24 9 0.001903735446390638
28 9 -0.01773047153884325
29 9 -0.01538297649305193
30 9  -0.1235355043143104
34 9 -0.01551133281045705
35 9 -0.0001811719460244766
36 9 0.003568993206152236
4 10 -0.01460134964726917
5 10 -0.02215261177713998
6 10 5.502946379367585e-06
7 10 -0.05088160050321362
8 10 -0.01445204460047389
9 10 -0.002959567800608561
10 10  0.07090020752324608
11 10  0.03698375107466232
12 10  0.00858935580817612
22 10 -0.005146819264039006
23 10 -0.0006671944792167047
24 10 -0.008646206362426011
4 11 -0.01474602131691626
5 11 -0.05140880313573971
6 11 -0.003005828682319175
7 11 -0.02167451328019838
8 11 -0.01454711689191117
9 11 -5.041182501855876e-06
10 11  0.03698375107466232
11 11   0.0703198416733854
12 11 0.007528445887924072
22 11 -0.0009920388395679906
23 11 -0.003448929038683297
24 11 -0.007957085337076229
4 12 8.247461309248409e-06
5 12 -0.00450874993921363
6 12 -0.01466891938297372
7 12 -0.00443560944364252
8 12 -3.842386914771626e-06
9 12 -0.01454157457728578
10 12  0.00858935580817612
11 12 0.007528445887924071
12 12  0.04337858034354716
22 12 -0.006046881818155162
23 12 -0.005307610239420373
24 12 -0.01028117458530614
13 13                    1
14 14                    1
15 15                    1
4 16  -0.1067556562798792
5 16 -0.04099279903026636
6 16 0.0001798764832360612
7 16 -1.289405740142156e-05
8 16 -0.02413472738975775
9 16 -0.01165577894958561
16 16   0.6746041732335235
17 16  0.04019290828388316
18 16 -0.002095437081984624
25 16 -0.08323375815605326
26 16 -0.03175221465211043
27 16  0.05912026475613733
28 16 -0.02281066958056169
29 16 -0.02265559195689828
30 16  0.01791941699530299
31 16  -0.1297371439600939
32 16 -9.15218236752473e-06
33 16 -0.009074554534516551
34 16 -0.04457623049666012
35 16  0.03868103714357937
36 16  0.01284720878432116
40 16   -0.185409494654089
41 16 0.007248498205818856
42 16 0.006362344016782389
52 16   -0.015178678972947
53 16  0.03996691815633656
54 16  0.03495717598244349
55 16  0.02310986073408252
56 16  0.04848299421272691
57 16 -0.004145350200348496
58 16  -0.0889182127553034
59 16 -0.08267021229342518
60 16 -0.03331499153931339
61 16 -0.04933815267543974
62 16  0.01030357250024145
63 16 -0.07084091747570712
64 16  0.01940213655401304
65 16 0.000986269996016558
66 16  0.02029267729925121
67 16  0.01567896606355711
68 16  0.03754753275474668
69 16 -0.01496433892432159
70 16 -0.01748763130753488
71 16 -0.0007955982028184341
72 16 -0.01165924062759169
4 17  -0.0409686465968585
5 17 -0.02690495970539784
6 17 -0.00364864873704693
7 17 -0.02557171793318908
8 17 -0.08151520197500774
9 17 -0.009315989862641417
16 17  0.04019290828388315
17 17   0.6461085547363581
18 17 -0.02053320749791849
25 17 -0.03175221465211042
26 17 -0.01599191801173097
27 17  0.01995735517168547
28 17 -0.02265559195689829
29 17  -0.1229302391532101
30 17  0.07115056950635754
31 17 -9.179510219504726e-06
32 17 -0.03708042145201043
33 17 -4.623433411302118e-07
34 17  0.03816732647128343
35 17 -0.08366371032792148
36 17 -0.02286872017964991
40 17 0.006981009924226433
41 17 -0.01090880738693063
42 17 0.004094237429607226
52 17  0.03996691815633654
53 17 -0.02705773930797349
54 17 -0.02799186113894641
55 17  0.04977069846979593
56 17 -0.07301587570946937
57 17  0.02650715556946991
58 17 -0.08210302634016824
59 17  -0.1680072430410857
60 17 -0.05749425915855327
61 17  0.01030357250024144
62 17 -0.006333056190679795
63 17  0.01372567651182428
64 17 0.0009862699960165597
65 17  0.01780194194767797
66 17 -0.03812377166110418
67 17  0.03754753275474669
68 17 -0.004882091683234446
69 17  0.02447264287778647
70 17 -0.0007955982028184323
71 17  -0.0194335388056754
72 17  0.01198111466415762
4 18 0.007166903292984222
5 18 -0.002813739894503097
6 18 -0.02634558735462945
7 18 -0.01084142618678123
8 18 -0.002204200521513979
9 18 -0.008959880794244496
16 18 -0.002095437081984624
17 18 -0.02053320749791849
18 18   0.5556036073961106
25 18  0.05912026475613734
26 18  0.01995735517168547
27 18 -0.03573882742559917
28 18  0.01791941699530299
29 18  0.07115056950635751
30 18 -0.06399414581407134
31 18 -0.006059264749015058
32 18 -3.091695891287103e-07
33 18 -0.03707649840230114
34 18 0.006801486112108169
35 18 -0.01998935027694723
36 18 -0.03989997076394598
40 18 0.004098718680366585
41 18  0.00407364446873864
42 18 -0.004757821651411073
52 18  0.03495717598244348
53 18  -0.0279918611389464
54 18 -0.009380634937787242
55 18 -0.003717278274050212
56 18  0.01928951910336858
57 18  0.01749559536013591
58 18 -0.03421905829817417
59 18 -0.05940602449629397
60 18  -0.0537428726664178
61 18 -0.07084091747570709
62 18  0.01372567651182428
63 18 -0.07843610257318984
64 18  0.02029267729925121
65 18 -0.03812377166110419
66 18 -0.04805884519174465
67 18 -0.01496433892432159
68 18  0.02447264287778649
69 18  0.03203139446439367
70 18  -0.0116592406275917
71 18  0.01198111466415761
72 18  -0.1562839366233427
19 19                    1
20 20                    1
21 21                    1
4 22 -0.01143049209879158
5 22 -0.01176905971158343
6 22  0.01388146770277386
7 22  0.01181894927197959
8 22  0.01475515932000739
9 22  0.01216875470236531
10 22 -0.005146819264039006
11 22 -0.0009920388395679906
12 22 -0.006046881818155162
22 22   0.2249011141448478
23 22 0.007330679806034447
24 22 -0.02671816703841749
25 22 -0.07433208082183504
26 22 0.001700274831878134
27 22  0.01606922784900314
28 22   -0.144375485991025
29 22 -0.0007133791215367183
30 22  0.01580131658252302
70 22  0.04649570304445497
71 22 -0.02852488916222121
72 22 -0.01960175785849721
76 22 -0.04793088828559167
77 22  0.01821325287698939
78 22 -0.005553960121595466
4 23 -0.006737392638016032
5 23 -0.04004099099605318
6 23  0.02647331064922152
7 23   0.0103731809671434
8 23  0.03437287842718083
9 23 0.002644969309077399
10 23 -0.0006671944792167047
11 23 -0.003448929038683297
12 23 -0.005307610239420373
22 23 0.007330679806034447
23 23   0.2328293275413937
24 23  -0.0455526679068406
25 23  0.01177974769157852
26 23  -0.1288472742398939
27 23  0.01778915808415348
28 23 -0.01111769634158837
29 23 -0.09827794509535095
30 23  0.02820178525252223
70 23 -0.02852488916222122
71 23   0.0504441426235246
72 23 -0.02643475619970726
76 23  0.01756356415628596
77 23 -0.04703120922211781
78 23 0.002185811050993625
4 24 0.008673134369440536
5 24   0.0264712354539091
6 24 -0.02816691747737349
7 24  0.01217843894715678
8 24 -0.002651905690923244
9 24 0.001903735446390638
10 24 -0.008646206362426011
11 24 -0.007957085337076229
12 24 -0.01028117458530614
22 24 -0.02671816703841749
23 24  -0.0455526679068406
24 24   0.2806982887718558
25 24  0.01867339451566986
26 24  0.01778759151514303
27 24  -0.1107843792180807
28 24  0.01579647446012713
29 24  0.03085282691918852
30 24  -0.1201658895019314
70 24 -0.01960175785849721
71 24 -0.02643475619970727
72 24   0.0845796148491629
76 24 -0.0003553110330536263
77 24 0.007484761246306652
78 24 -0.09778327828471761
4 25 -0.01684839846251271
5 25 0.002911488738610423
6 25 0.0001861424982004831
16 25 -0.08323375815605326
17 25 -0.03175221465211042
18 25  0.05912026475613734
22 25 -0.07433208082183504
23 25  0.01177974769157852
24 25  0.01867339451566986
25 25   0.3158678003760623
26 25 0.005355956042786931
27 25 0.005880652907979492
28 25 -0.001373328418577348
29 25   0.0465732737025838
30 25 0.001693772400172287
31 25  0.01552907471649756
32 25 0.004117970481021102
33 25 0.006901358339095744
52 25 -0.02548956640279633
53 25 -0.01285132782084266
54 25 -0.003873808147127086
64 25 -0.01906656101360971
65 25 -0.04062681900850958
66 25 -0.01166510312356201
70 25  -0.1208748813219763
71 25  0.01168213278024399
72 25 -0.05611233745024018
76 25  0.01495273056814111
77 25  0.00149180132741159
78 25 -0.02098688795398083
79 25 -0.005131031063340377
80 25 0.001317990717226308
81 25   0.0001825512576549
4 26 -0.002126429352210204
5 26 -0.03524607811360254
6 26 -0.04298391659373649
16 26 -0.03175221465211043
17 26 -0.01599191801173097
18 26  0.01995735517168547
22 26 0.001700274831878134
23 26  -0.1288472742398939
24 26  0.01778759151514303
25 26 0.005355956042786931
26 26   0.3617843229176608
27 26 0.008683050631604752
28 26  0.04657327370258382
29 26 -0.003493763685541853
30 26   -0.022966616951167
31 26 0.009155156149966912
32 26 -7.648136742317499e-05
33 26  0.03031612317176004
52 26 -0.002784972433472782
53 26 -0.09675944921369853
54 26 -0.00382153436666945
64 26 -0.04062681900850959
65 26 -0.05327298665791712
66 26 -0.02477052582883502
70 26  0.01168213278024397
71 26 -0.01514947697349078
72 26   0.0128357853875626
76 26 -0.003536635969137671
77 26 -6.369080801596309e-06
78 26  0.02956873108590221
79 26 0.006360277907980894
80 26 -0.01294052557356036
81 26 -0.02460604322325016
4 27 -0.01023052416846609
5 27 -0.04298338762238199
6 27  -0.1029472787025601
16 27  0.05912026475613733
17 27  0.01995735517168547
18 27 -0.03573882742559917
22 27  0.01606922784900314
23 27  0.01778915808415348
24 27  -0.1107843792180807
25 27 0.005880652907979489
26 27 0.008683050631604752
27 27   0.3917070388994727
28 27 0.001693772400172282
29 27   -0.022966616951167
30 27  0.07788281067734854
31 27 -0.0009111416609043667
32 27  0.03031455660274901
33 27 -0.01572671364182272
52 27 -0.001269641480460427
53 27 -0.003824667504690769
54 27 -0.02573499459344081
64 27 -0.01166510312356201
65 27 -0.02477052582883502
66 27 0.003386070920779331
70 27 -0.05611233745024018
71 27   0.0128357853875626
72 27 -0.09688357681695428
76 27 -0.01317438795398092
77 27  0.02957133525256904
78 27 -0.01538255310212094
79 27  0.01059921792432173
80 27 -0.02460604322324957
81 27 -0.06977759699702199
4 28 0.004397508603601505
5 28  0.02004235935512237
6 28 -0.04091988029974483
7 28 -0.05473649240527072
8 28 -0.01361767118172759
9 28 -0.01773047153884325
16 28 -0.02281066958056169
17 28 -0.02265559195689829
18 28  0.01791941699530299
22 28   -0.144375485991025
23 28 -0.01111769634158837
24 28  0.01579647446012713
25 28 -0.001373328418577348
26 28  0.04657327370258382
27 28 0.001693772400172282
28 28   0.4018298392505685
29 28 0.002172589601771965
30 28 0.009354216830131861
34 28  0.01686346579918005
35 28 0.005577004730883415
36 28  0.02922501378348848
61 28 -0.02139785426529813
62 28 -0.04326369772059618
63 28 -0.02142289018943721
67 28  -0.1249077685067256
68 28 0.004365190069133339
69 28 0.006417078732094655
70 28 -0.02240110677936291
71 28 0.009487498556651708
72 28  0.01342245909974155
76 28  0.01115409035761348
77 28 -0.008413386156691642
78 28   0.0286131227380787
82 28 -0.04224219806414226
83 28  0.01085012734135544
84 28 -0.04236831301111234
4 29  0.02004235935512236
5 29  0.04626949772339577
6 29  0.02108897758604605
7 29 -0.006630229165125604
8 29 -0.06084555409089402
9 29 -0.01538297649305193
16 29 -0.02265559195689829
17 29  -0.1229302391532101
18 29  0.07115056950635751
22 29 -0.0007133791215367183
23 29 -0.09827794509535095
24 29  0.03085282691918852
25 29   0.0465732737025838
26 29 -0.003493763685541853
27 29   -0.022966616951167
28 29 0.002172589601771968
29 29   0.3744568460647584
30 29 -0.01292582597101058
34 29 0.001947783132576104
35 29  0.01870215435271121
36 29   0.0123400417071157
61 29 -0.04326369772059617
62 29  0.01047037972683896
63 29 -0.007133273025028433
67 29 -0.006676156162962976
68 29 -0.05089777677391268
69 29 -0.01021872771471526
70 29 0.009487498556651718
71 29  -0.1121474490045398
72 29 -0.05973895806264636
76 29 -0.004359481941197313
77 29  0.02202975685285639
78 29 -0.01788161606123041
82 29 0.004075031719611084
83 29 -0.02333590691711139
84 29  0.01081557856014215
4 30 -0.04091988029974482
5 30  0.02108897758604604
6 30  0.01885568793660902
7 30 -0.01771952590082257
8 30 -0.02597518026909346
9 30  -0.1235355043143104
16 30  0.01791941699530299
17 30  0.07115056950635752
18 30 -0.06399414581407134
22 30  0.01580131658252302
23 30  0.02820178525252223
24 30  -0.1201658895019314
25 30 0.001693772400172288
26 30 -0.02296661695116699
27 30  0.07788281067734854
28 30 0.009354216830131861
29 30 -0.01292582597101058
30 30    0.452415117260031
34 30  0.02923392491630104
35 30 0.004397333373782331
36 30 -0.01220211990614776
61 30 -0.02142289018943721
62 30 -0.007133273025028431
63 30  0.04257664948459331
67 30 0.006420669633787327
68 30 -0.007572365410027979
69 30 -0.05845340067569796
70 30  0.01342245909974155
71 30 -0.05973895806264635
72 30   -0.101400625121033
76 30  0.02859858619836534
77 30 -0.009935774589876161
78 30 -0.01225568726817645
82 30 -0.04238206626632077
83 30  0.02140932856014182
84 30 -0.09972289275721347
4 31 0.009233148003408452
5 31 0.007330407535256222
6 31 0.002866184426180896
16 31  -0.1297371439600938
17 31 -9.179510219504726e-06
18 31 -0.006059264749015058
25 31  0.01552907471649756
26 31 0.009155156149966912
27 31 -0.0009111416609043736
31 31   0.2929024609363843
32 31  0.08179837505030646
33 31 0.009119671405475142
52 31 -0.02260674840775082
53 31 -0.00918478073214464
54 31 -0.03367330425668108
55 31  -0.1349986483164896
56 31  -0.0891163802102107
57 31 -0.002272644863390774
4 32 -0.0009339538268863526
5 32 -0.03730248429098706
6 32 -0.01670009164466157
16 32 -9.152182367524729e-06
17 32 -0.03708042145201043
18 32 -3.091695891287103e-07
25 32 0.004117970481021102
26 32 -7.648136742317499e-05
27 32  0.03031455660274901
31 32  0.08179837505030646
32 32   0.2831922041674977
33 32  0.02023849453658852
52 32 -0.004149512584358115
53 32 -0.01994082851438656
54 32 -0.03031776286164166
55 32 -0.08084989676468768
56 32  -0.1674536705918588
57 32 -0.003534391624319747
4 33 -0.001216415472283881
5 33 -0.01494301241464414
6 33 0.006538330559650831
16 33 -0.009074554534516551
17 33 -4.623433411302099e-07
18 33 -0.03707649840230114
25 33 0.006901358339095744
26 33  0.03031612317176004
27 33 -0.01572671364182272
31 33 0.009119671405475142
32 33  0.02023849453658852
33 33    0.246362346123425
52 33 -0.02586090598194153
53 33 -0.03031880045929804
54 33 -0.06696310839927577
55 33 -0.003398482526068222
56 33 -0.005291633248093522
57 33 -0.06721384378428374
7 34 -0.05030602890685626
8 34 -0.00240803191893443
9 34 -0.01551133281045705
16 34 -0.04457623049666012
17 34  0.03816732647128343
18 34 0.006801486112108169
28 34  0.01686346579918005
29 34 0.001947783132576103
30 34  0.02923392491630104
34 34   0.4766110920783571
35 34 -0.01055052819524283
36 34  0.04387727221684211
40 34  -0.1374636906450284
41 34 -0.05479448572695243
42 34 -0.02184879757854266
43 34  -0.1014534995953322
44 34  0.02507751532389631
45 34 -0.00221617479690962
67 34 -0.04397882163639232
68 34  0.00520912621734905
69 34 -0.03432317933807656
7 35 0.006615678888059995
8 35 0.006074652034962609
9 35 -0.0001811719460244766
16 35  0.03868103714357934
17 35 -0.08366371032792148
18 35 -0.01998935027694723
28 35 0.005577004730883415
29 35  0.01870215435271121
30 35 0.004397333373782331
34 35 -0.01055052819524284
35 35   0.2799959964786443
36 35  0.01888729066276262
40 35  -0.0545077530659524
41 35  -0.0755497995103661
42 35 -0.03053209835964311
43 35  0.01679668065790029
44 35 -0.02916080508934712
45 35 0.001268924588201146
67 35 -0.001430400149838335
68 35 -0.03631142626215111
69 35 -0.007369417404119857
7 36 -0.01352455491054068
8 36 -0.004093292184832127
9 36 0.003568993206152236
16 36  0.01284720878432116
17 36 -0.02286872017964991
18 36 -0.03989997076394598
28 36  0.02922501378348848
29 36   0.0123400417071157
30 36 -0.01220211990614776
34 36  0.04387727221684211
35 36  0.01888729066276263
36 36   0.3617286068690506
40 36 -0.02773793605192618
41 36 -0.03213924697213018
42 36 -0.06920395856730421
43 36 -0.00331667667923244
44 36 0.001903343396043249
45 36 -0.02902687133157202
67 36 -0.03432444073130586
68 36 0.0005102823029111015
69 36  -0.1096686810135802
37 37                    1
38 38                    1
39 39                    1
16 40   -0.185409494654089
17 40 0.006981009924226433
18 40 0.004098718680366585
34 40  -0.1374636906450285
35 40  -0.0545077530659524
36 40 -0.02773793605192618
40 40   0.8020335977007967
41 40  0.07775991237936135
42 40 -0.06734551047086323
43 40  -0.1400013817995347
44 40   0.0335805507557205
45 40  0.04535646129217281
49 40  -0.2373283815323216
50 40 -0.05267557189964128
51 40  0.08482016315595359
58 40 -0.01969533712249946
59 40 -0.01810867899323909
60 40 -0.004247671830228336
61 40 -0.04248837419424376
62 40  0.00708981213563839
63 40  0.04220634162878711
67 40 -0.03857607983317297
68 40 -0.04545079588188068
69 40  0.03280683017105621
100 40  -0.0455149803807261
101 40  0.04935571471878555
102 40 -0.01897492619917192
103 40 -0.05536530315537391
104 40 -0.01474374186065069
105 40  -0.0659767416763858
16 41 0.007248498205818856
17 41 -0.01090880738693063
18 41  0.00407364446873864
34 41 -0.05479448572695243
35 41  -0.0755497995103661
36 41 -0.03213924697213018
40 41  0.07775991237936136
41 41   0.6464641770540611
42 41  0.00185642931614111
43 41  0.03332957650640112
44 41  -0.1341939662700625
45 41 -0.04815585588236779
49 41 -0.05230263436149013
50 41  -0.1122492081273685
51 41  0.02220054046821487
58 41  -0.0182771816098824
59 41  -0.1308271761467273
60 41 -0.03996036501812556
61 41  0.00708981213563839
62 41 -0.03166021824961031
63 41 0.009875706073964326
67 41  -0.0454507958818807
68 41  -0.0845425340721442
69 41  0.04365544672477898
100 41  0.04935571471878555
101 41  -0.0970525175581414
102 41  0.03735427820730848
103 41  -0.0147437418606507
104 41 0.006078318092597918
105 41 -0.02737609221638283
16 42 0.006362344016782389
17 42 0.004094237429607226
18 42 -0.004757821651411073
34 42 -0.02184879757854266
35 42 -0.03053209835964311
36 42 -0.06920395856730421
40 42 -0.06734551047086323
41 42  0.00185642931614111
42 42   0.6657984617118834
43 42  0.04000451097462294
44 42 -0.04674913466979736
45 42  -0.1187697978718237
49 42  0.08241951188876745
50 42  0.02165575175222532
51 42  -0.1097909563548368
58 42 -0.004745881540055771
59 42 -0.04123578718473575
60 42 -0.01738570245626024
61 42  0.04220634162878713
62 42 0.009875706073964326
63 42  -0.2279409345276694
67 42  0.03280683017105622
68 42  0.04365544672477896
69 42 -0.01670906648566379
100 42 -0.01897492619917192
101 42   0.0373542782073085
102 42 -0.04110654550398843
103 42  -0.0659767416763858
104 42 -0.02737609221638282
105 42 -0.03026008723953937
34 43  -0.1014534995953322
35 43  0.01679668065790029
36 43 -0.003316676679232437
40 43  -0.1400013817995347
41 43  0.03332957650640112
42 43  0.04000451097462293
43 43    0.467938030134522
44 43 -0.01920287314651244
45 43 -0.03695228530469141
49 43 -0.07426102550132131
50 43 -0.04974508679567845
51 43  0.00358330852538992
67 43 0.008124520309068078
68 43 -0.005843603239710904
69 43  0.01923551076863441
100 43 -0.02801426068242825
101 43 0.003967916553276699
102 43 -0.03352960865904284
106 43 -0.03060148045426364
107 43  0.01345592560631782
108 43 -0.008597204415417311
34 44  0.02507751532389631
35 44 -0.02916080508934712
36 44 0.001903343396043241
40 44   0.0335805507557205
41 44  -0.1341939662700625
42 44 -0.04674913466979736
43 44 -0.01920287314651244
44 44   0.2986610536048227
45 44  0.02939913296627023
49 44 -0.04854195068240298
50 44 -0.09140236100938007
51 44 -0.004062711414510284
67 44 -0.001209595467900799
68 44  0.01721567559114413
69 44 -0.006361064597110273
100 44 -0.003130624706489085
101 44 -0.002019478801472571
102 44 -0.001896980511518113
106 44 0.004438847559534834
107 44  0.01452250294888142
108 44 -0.000221152792980045
34 45 -0.00221617479690962
35 45 0.001268924588201146
36 45 -0.02902687133157202
40 45  0.04535646129217281
41 45 -0.04815585588236779
42 45  -0.1187697978718237
43 45 -0.03695228530469141
44 45  0.02939913296627023
45 45   0.3196573296798285
49 45 -0.00275464482430126
50 45 -0.01167204869721613
51 45 -0.03789256979192153
67 45  0.01923270315144687
68 45 -0.001189718568464353
69 45 -0.006665456979053441
100 45 -0.03355304615904281
101 45 0.008561332476763548
102 45 -0.06466311625182382
106 45 -0.01016530394589805
107 45 0.003905325186193804
108 45 0.004728254440704559
46 46                    1
47 47                    1
48 48                    1
40 49  -0.2373283815323216
41 49 -0.05230263436149013
42 49  0.08241951188876745
43 49 -0.07426102550132131
44 49 -0.04854195068240298
45 49 -0.002754644824301261
49 49    0.758836507720595
50 49  0.09817516406748601
51 49 -0.02871471476425686
58 49  0.03089305291795249
59 49  0.03217630693354204
60 49   0.0101558359793749
91 49  -0.2523369145543795
92 49 -0.09816610566850142
93 49 -0.02328308075925431
100 49 -0.007664728892879935
101 49 -0.02615108585166655
102 49  0.01510222161861426
103 49  -0.0375614852273929
104 49 0.001045845049758668
105 49 -0.03758837193704542
106 49  -0.1358203589210917
107 49  0.05006873378580658
108 49  0.02660556658004568
118 49 -0.04406636403976379
119 49  0.04415913708104836
120 49 -0.03449252872610602
40 50 -0.05267557189964128
41 50  -0.1122492081273685
42 50  0.02165575175222532
43 50 -0.04974508679567843
44 50 -0.09140236100938007
45 50 -0.01167204869721613
49 50  0.09817516406748601
50 50    0.724425631268405
51 50 -0.006910351780601112
58 50  0.03258476058492822
59 50 -0.01448154623130188
60 50 -0.04383164067965646
91 50 -0.09700619553058215
92 50  -0.2371141269001137
93 50 -0.02110586738197407
100 50 -0.02615108585166656
101 50 -0.07172307459770236
102 50  0.04886631995124323
103 50 0.001045845049758667
104 50 -0.03523510522093728
105 50 -0.01723490970419069
106 50  0.04933505688645577
107 50  -0.1448042813959772
108 50 -0.01783610826858276
118 50  0.04415913708104836
119 50  -0.0110399327552681
120 50  0.03282669404400773
40 51  0.08482016315595357
41 51  0.02220054046821487
42 51  -0.1097909563548368
43 51  0.00358330852538992
44 51 -0.004062711414510284
45 51 -0.03789256979192153
49 51 -0.02871471476425686
50 51 -0.006910351780601112
51 51   0.5858354380949871
58 51  0.01070344765896298
59 51 -0.04483230355503481
60 51  0.01087884516038646
91 51 -0.02590463414512779
92 51 -0.02751659025303642
93 51   -0.103887721487579
100 51  0.01510222161861425
101 51  0.04886631995124324
102 51 -0.03184876088237684
103 51 -0.03758837193704542
104 51 -0.01723490970419068
105 51  -0.2228953447479925
106 51  0.01962289339966593
107 51 -0.01466075575044349
108 51 -0.06671729971780653
118 51 -0.03449252872610603
119 51  0.03282669404400773
120 51 -0.003683923747203421
16 52   -0.015178678972947
17 52  0.03996691815633654
18 52  0.03495717598244349
25 52 -0.02548956640279633
26 52 -0.002784972433472782
27 52 -0.001269641480460427
31 52 -0.02260674840775082
32 52 -0.004149512584358115
33 52 -0.02586090598194153
52 52   0.3395578125997974
53 52 0.003213951498353181
54 52  0.08913919093286213
55 52 -0.02916863108208233
56 52 -0.004257267383063852
57 52  0.01428804442852544
58 52  -0.0192062324883598
59 52 -0.03000876650347521
60 52 0.007308717180963258
64 52  -0.2061846888570487
65 52  0.02247705006185887
66 52  -0.0946477166487502
79 52  0.01948576541566502
80 52 0.002510427200878388
81 52 -0.002600735223638469
121 52  0.01319674858792064
122 52 -0.002518801629739054
123 52 -0.01040701718717766
124 52 -0.05440578039239816
125 52 -0.02444902638331796
126 52 -0.01090711200282603
16 53  0.03996691815633656
17 53 -0.02705773930797349
18 53  -0.0279918611389464
25 53 -0.01285132782084266
26 53 -0.09675944921369853
27 53 -0.003824667504690769
31 53 -0.00918478073214464
32 53 -0.01994082851438656
33 53 -0.03031880045929804
52 53 0.003213951498353181
53 53   0.4249983608108017
54 53  0.02142610427483337
55 53 0.0007688760088632894
56 53 -0.03459978762642544
57 53  0.05734098527809972
58 53 -0.03000876650347521
59 53  0.02889192980540908
60 53  0.01079661037304958
64 53  0.02247705006185888
65 53  -0.1307184527352322
66 53  0.01904005904813098
79 53 -0.002525608972624186
80 53 0.003303278955586471
81 53  0.01520377147118692
121 53 0.002521410365703704
122 53 -0.002987584590609977
123 53 -0.01522035659415677
124 53 -0.01437772206202888
125 53   -0.145129727583471
126 53 -0.04645184474820858
16 54  0.03495717598244349
17 54 -0.02799186113894641
18 54 -0.009380634937787242
25 54 -0.003873808147127086
26 54 -0.00382153436666945
27 54 -0.02573499459344081
31 54 -0.03367330425668108
32 54 -0.03031776286164166
33 54 -0.06696310839927577
52 54  0.08913919093286213
53 54  0.02142610427483339
54 54   0.5280346355586504
55 54 0.009079914545712942
56 54  0.05733838111143229
57 54  -0.1113213418228096
58 54 0.007308717180963271
59 54  0.01079661037304958
60 54  0.05850420280139067
64 54 -0.09464771664875024
65 54  0.01904005904813097
66 54  -0.2667773980950748
79 54 0.002607598109694786
80 54  0.01520533804019692
81 54 -0.004547519888348115
121 54 -0.00259472063769849
122 54 -0.01522088556551067
123 54 -0.02656910770989971
124 54 -0.00830304706141973
125 54 -0.04645444891487496
126 54 -0.07524473291340497
16 55  0.02310986073408252
17 55  0.04977069846979593
18 55 -0.003717278274050212
31 55  -0.1349986483164896
32 55 -0.08084989676468768
33 55 -0.003398482526068222
52 55 -0.02916863108208233
53 55 0.0007688760088632894
54 55 0.009079914545712942
55 55   0.3741087084181454
56 55  0.03670045553814595
57 55  0.04119167085234855
58 55   -0.123645577972944
59 55  0.01361708240882869
60 55 -0.07679859066523091
124 55 -0.06175800158598001
125 55  0.00081364468919506
126 55  0.01755731950352904
127 55  0.02962592854565834
128 55 -0.05048246047071054
129 55 -0.02818854491046122
130 55 -0.03625942792444956
131 55  0.03192436605356029
132 55 0.009409684400839736
16 56  0.04848299421272691
17 56 -0.07301587570946937
18 56  0.01928951910336858
31 56  -0.0891163802102107
32 56  -0.1674536705918588
33 56 -0.005291633248093522
52 56 -0.004257267383063852
53 56 -0.03459978762642544
54 56  0.05733838111143229
55 56  0.03670045553814595
56 56   0.4559296761855736
57 56  0.02274992178193993
58 56  0.01353954685036205
59 56 0.005693448891703326
60 56  0.01645227131830624
124 56 0.005850408198309849
125 56 -0.06314271898082367
126 56 -0.05259865646943668
127 56 -0.04924122986007433
128 56 -0.02212255994433564
129 56 -0.03655703185201059
130 56  0.04002014900168738
131 56 -0.06653195401842824
132 56 -0.02136874606784123
16 57 -0.004145350200348496
17 57   0.0265071555694699
18 57  0.01749559536013591
31 57 -0.002272644863390774
32 57 -0.003534391624319747
33 57 -0.06721384378428374
52 57  0.01428804442852544
53 57  0.05734098527809972
54 57  -0.1113213418228096
55 57  0.04119167085234855
56 57  0.02274992178193993
57 57   0.4560447699991236
58 57 -0.08344828584805686
59 57  0.01688686138130938
60 57 -0.07466327066696141
124 57   0.0279738844449352
125 57 -0.05259969406709322
126 57   -0.221445598244453
127 57 -0.02925236781839799
128 57 -0.04277485171709366
129 57  0.02841694260402688
130 57  0.01495895631744323
131 57 -0.02355029256947563
132 57 -0.005164699119142867
16 58  -0.0889182127553034
17 58 -0.08210302634016824
18 58 -0.03421905829817417
40 58 -0.01969533712249946
41 58  -0.0182771816098824
42 58 -0.004745881540055771
49 58  0.03089305291795249
50 58  0.03258476058492822
51 58  0.01070344765896298
52 58  -0.0192062324883598
53 58 -0.03000876650347521
54 58 0.007308717180963271
55 58   -0.123645577972944
56 58  0.01353954685036205
57 58 -0.08344828584805686
58 58    1.071250354022291
59 58 -0.03412913428418352
60 58 -0.08632422540009646
61 58   -0.048728917094727
62 58 -0.001780266789885758
63 58  0.01083008452974202
64 58  -0.1088676585197015
65 58 -0.01661697841778405
66 58  0.05823971240663255
70 58  0.01792060464601438
71 58 -0.03665291308998064
72 58  0.01592624034514314
88 58  -0.2512691508160627
89 58 -0.04212465723901477
90 58   0.0800575994591082
91 58 -0.007201935962526296
92 58  0.02848270367930351
93 58  0.05144643396276898
103 58 -0.04452075601475605
104 58   0.0814027414696107
105 58 -0.03055342668162957
124 58 -0.04489762135009034
125 58  0.03782230520051774
126 58  0.02671338909155815
127 58  -0.1820947621862242
128 58    0.121733220444871
129 58  0.02534007281542861
133 58 -0.05622303892810496
134 58 -0.02597888120822965
135 58  0.04751100872298977
136 58 -0.04250940707376548
137 58  0.04816592030938159
138 58 -0.08955939342618005
139 58  0.08180860287601051
140 58  0.02765455084346647
141 58  0.01208934286970942
142 58 -0.03429325845982553
143 58  -0.0610117904594486
144 58 -0.05724510751383848
145 58  -0.1558660661856534
146 58  0.04339482933080272
147 58  0.06724213374236455
148 58  0.07694489097491936
149 58 -0.07761121110942729
150 58 -0.02662614621002803
16 59 -0.08267021229342517
17 59  -0.1680072430410857
18 59 -0.05940602449629397
40 59 -0.01810867899323909
41 59  -0.1308271761467273
42 59 -0.04123578718473575
49 59  0.03217630693354204
50 59 -0.01448154623130188
51 59 -0.04483230355503481
52 59 -0.03000876650347521
53 59  0.02889192980540908
54 59  0.01079661037304958
55 59  0.01361708240882869
56 59 0.005693448891703328
57 59  0.01688686138130938
58 59 -0.03412913428418352
59 59    1.212750242543335
60 59 -0.01614376513074393
61 59 -0.001780266789885744
62 59  -0.2077817943043671
63 59  0.07913774375198097
64 59 -0.01661697841778405
65 59 -0.02815348363146902
66 59   0.0328689075198287
70 59 -0.03665291308998064
71 59 -0.03090666371347468
72 59   0.0332322843691041
88 59 -0.04203235786751303
89 59 -0.02392902901200413
90 59  0.03174264382192778
91 59  0.02823855195869787
92 59  0.05745531713873943
93 59 -0.03561492880059169
103 59  0.08140274146961071
104 59 -0.07799692674149544
105 59  0.02143133109649378
124 59  0.03782230520051773
125 59 0.008505200899985726
126 59 -0.02155427810826912
127 59   0.1227340321277332
128 59  -0.3539352604935753
129 59 -0.0009115512746362547
133 59 -0.02597888120822964
134 59 -0.04306696999531146
135 59  0.06207864193881688
136 59  0.04816592030938156
137 59 0.004449686338631046
138 59  0.06113461298519521
139 59  0.02765455084346648
140 59  0.01451696028866115
141 59  -0.0771867469968667
142 59 -0.06101179045944861
143 59 -0.04450077538235735
144 59 -0.07566656785655405
145 59   0.0433948293308027
146 59 -0.06856530156143123
147 59 -0.05853623036518488
148 59 -0.07799379301155934
149 59 -0.07026602129811191
150 59   0.0444942416281274
16 60 -0.03331499153931339
17 60 -0.05749425915855327
18 60  -0.0537428726664178
40 60 -0.004247671830228335
41 60 -0.03996036501812556
42 60 -0.01738570245626024
49 60   0.0101558359793749
50 60 -0.04383164067965646
51 60  0.01087884516038646
52 60 0.007308717180963258
53 60  0.01079661037304958
54 60  0.05850420280139067
55 60 -0.07679859066523091
56 60  0.01645227131830624
57 60 -0.07466327066696141
58 60 -0.08632422540009646
59 60 -0.01614376513074392
60 60    1.146094737889328
61 60  0.01083008452974201
62 60  0.07913774375198099
63 60 -0.07316865849440435
64 60  0.05823971240663258
65 60   0.0328689075198287
66 60  -0.1113071578452238
70 60  0.01592624034514314
71 60  0.03323228436910411
72 60  0.01039621932579617
88 60  0.07658931461358032
89 60  0.03140020714848164
90 60 -0.08526957499856047
91 60  0.05054110511697189
92 60 -0.03569449556432678
93 60  0.05617698358401916
103 60 -0.03055342668162958
104 60  0.02143133109649377
105 60 -0.004853130116354369
124 60  0.02671338909155815
125 60 -0.02155427810826911
126 60  0.05966569305454844
127 60  0.02640420857791562
128 60 -0.002349847196995485
129 60  -0.1344416304742557
133 60  0.04751100872298977
134 60   0.0620786419388169
135 60  -0.2690601321618208
136 60 -0.08955939342618009
137 60  0.06113461298519519
138 60 -0.04245665730322612
139 60  0.01208934286970943
140 60 -0.07718674699686671
141 60 -0.01488040016462391
142 60 -0.05724510751383844
143 60 -0.07566656785655405
144 60  -0.0761836541749531
145 60  0.06724213374236454
146 60 -0.05853623036518486
147 60  -0.1187985131868487
148 60 -0.02685239750626729
149 60  0.04387498653195632
150 60  0.09378097525423726
16 61 -0.04933815267543974
17 61  0.01030357250024144
18 61 -0.07084091747570709
28 61 -0.02139785426529813
29 61 -0.04326369772059617
30 61 -0.02142289018943721
40 61 -0.04248837419424376
41 61  0.00708981213563839
42 61  0.04220634162878713
58 61   -0.048728917094727
59 61 -0.001780266789885744
60 61  0.01083008452974201
61 61   0.9191535951412937
62 61  0.01333779384098784
63 61 -0.06621690831497087
67 61 -0.04665768181647426
68 61 -0.01246752299841246
69 61 -0.007746796679003684
70 61  -0.3565547268109786
71 61  0.03986214525422795
72 61  0.06490950123070428
82 61   0.0528389414277611
83 61 -0.005335134953339426
84 61  0.04656215290183136
100 61 -0.001049300911080385
101 61  0.02979448622369843
102 61  0.01814918767697854
103 61  -0.1509191092396885
104 61 -0.03571706766493817
105 61  0.09778470787931982
133 61 -0.04635344710031233
134 61  0.01362345651489996
135 61  0.01790978382427435
136 61 0.009678000634556167
137 61 -0.03552598625707327
138 61 -0.05173170783108759
151 61  -0.1062461321583212
152 61  0.06130436611904835
153 61 -0.05809244983980982
154 61  0.05170963514393798
155 61  0.01719971833600052
156 61   0.0305384801340406
157 61  -0.1636464760809851
158 61 -0.05842567454049764
159 61 -0.05283856947566177
16 62  0.01030357250024145
17 62 -0.006333056190679794
18 62  0.01372567651182428
28 62 -0.04326369772059618
29 62  0.01047037972683896
30 62 -0.007133273025028432
40 62 0.007089812135638389
41 62 -0.03166021824961031
42 62 0.009875706073964326
58 62 -0.001780266789885758
59 62  -0.2077817943043671
60 62  0.07913774375198099
61 62  0.01333779384098784
62 62   0.9291264770289388
63 62 -0.03037765293855996
67 62 -0.01246752299841246
68 62  -0.1240931008718888
69 62 -0.07165446411413721
70 62  0.03986214525422795
71 62  -0.1286059969757966
72 62 -0.03783528695634565
82 62 -0.005335134953339423
83 62  0.03433128534267362
84 62  0.05929800605430978
100 62  0.02979448622369842
101 62 -0.04302200089254634
102 62 -0.04331287348503843
103 62 -0.03571706766493818
104 62 -0.02367341733606346
105 62  0.02067834616427156
133 62  0.01362345651489995
134 62  -0.1093326897822664
135 62 -0.03635616630816201
136 62 -0.03552598625707327
137 62  0.05001818530829791
138 62 -0.04753215940010207
151 62  0.06130436611904834
152 62 -0.09686424715667188
153 62   0.0711710377601586
154 62  0.01719971833600051
155 62  0.04633886396835227
156 62  0.06180655537562775
157 62 -0.05842567454049761
158 62  -0.2989186696152109
159 62 -0.04149119546476356
16 63 -0.07084091747570712
17 63  0.01372567651182427
18 63 -0.07843610257318984
28 63 -0.02142289018943721
29 63 -0.007133273025028431
30 63   0.0425766494845933
40 63  0.04220634162878711
41 63 0.009875706073964322
42 63  -0.2279409345276694
58 63  0.01083008452974202
59 63  0.07913774375198099
60 63 -0.07316865849440435
61 63 -0.06621690831497087
62 63 -0.03037765293855996
63 63    1.050305794639647
67 63 -0.007746796679003695
68 63  -0.0716544641141372
69 63 -0.08819421127967972
70 63  0.06490950123070426
71 63 -0.03783528695634564
72 63  -0.1758885499106874
82 63  0.04656215290183133
83 63  0.05929800605430977
84 63   0.1158981512656484
100 63  0.01814918767697855
101 63 -0.04331287348503843
102 63 -0.005152479047636669
103 63   0.0977847078793198
104 63  0.02067834616427157
105 63 -0.07795415082697481
133 63  0.01790978382427436
134 63 -0.03635616630816201
135 63  -0.2184622250669924
136 63  -0.0517317078310876
137 63 -0.04753215940010205
138 63   0.1082068619694798
151 63 -0.05809244983980982
152 63  0.07117103776015861
153 63  -0.1028203215625389
154 63   0.0305384801340406
155 63  0.06180655537562776
156 63 -0.03244412071950652
157 63 -0.05283856947566174
158 63 -0.04149119546476358
159 63  -0.2365257033500885
16 64  0.01940213655401304
17 64 0.0009862699960165597
18 64  0.02029267729925121
25 64 -0.01906656101360971
26 64 -0.04062681900850959
27 64 -0.01166510312356201
52 64  -0.2061846888570487
53 64  0.02247705006185887
54 64 -0.09464771664875024
58 64  -0.1088676585197015
59 64 -0.01661697841778405
60 64  0.05823971240663258
64 64    1.085199921806133
65 64 -0.09563717161688517
66 64   0.1007861499988699
70 64  -0.2204696486190947
71 64   0.1218327057741723
72 64 -0.01712648515908857
79 64 -0.09240255151719493
80 64 -0.05454917317818414
81 64   0.0281992998649105
121 64  -0.5091889289251126
122 64  0.04433305575991082
123 64 -0.03617618075387386
124 64 -0.05654630010439363
125 64  0.03589745853557207
126 64 -0.04723027795917102
133 64  -0.0606108178730653
134 64 -0.01285304447578999
135 64 -0.05407323916094606
145 64 -0.06095077546578737
146 64 -0.02277236538424636
147 64 -0.06366042679320884
160 64  0.05880877333816412
161 64 0.003116124925261086
162 64  0.01157009249269626
163 64   0.1708770991966985
164 64  0.01441288702860758
165 64   0.1054914975362401
16 65 0.000986269996016558
17 65  0.01780194194767797
18 65 -0.03812377166110419
25 65 -0.04062681900850958
