%%MatrixMarket matrix coordinate real general
2604 2604 84228
1 1                    1
2 2                    1
3 3                    1
4 4   0.3508365218191676
5 4 -0.003185841587661968
6 4 -0.07238423536762631
7 4  -0.1041615675481183
8 4  0.06584691143716566
9 4  0.02694227348708895
10 4 -0.02020354566290303
11 4  -0.0199020155817251
12 4 2.617634686418441e-07
16 4   -0.161401540918918
17 4 -0.04632739105638953
18 4  0.02150234856547836
22 4 -0.01143049209879478
23 4 -0.006737392638018005
24 4  0.00867313436944122
25 4 -0.01684839846251864
26 4 -0.002126429352211163
27 4 -0.01023052416846748
28 4 0.004397508603598627
29 4   0.0200423593551223
30 4 -0.04091988029974333
31 4  0.01176313785124743
32 4 -0.0009560631052521941
33 4 -0.004536565996229205
4 5 -0.003185841587661968
5 5    0.350399579172456
6 5  0.05115953467653957
7 5  0.06576263967429416
8 5   -0.133258193277942
9 5 -0.03703364502346725
10 5 -0.02989947961999811
11 5 -0.07112283581241374
12 5 -0.0001390806223603071
16 5 -0.04630268881907766
17 5 -0.04021510394049011
18 5 -0.002253101090824287
22 5 -0.01176905971158553
23 5 -0.04004099099605667
24 5  0.02647123545390745
25 5   0.0029114887386093
26 5 -0.03524607811360944
27 5 -0.04298338762238711
28 5  0.02004235935512229
29 5   0.0462694977233863
30 5  0.02108897758605118
31 5 0.009079287834682707
32 5 -0.04372204596282429
33 5 -0.02011874390314112
4 6 -0.07238423536762631
5 6  0.05115953467653957
6 6    0.351509009691482
7 6  0.02694227348708896
8 6 -0.03703362766777331
9 6 -0.07122566011676877
10 6 1.807702303834711e-07
11 6 -9.271403648860189e-05
12 6 -0.02029475133228869
16 6  0.02027795981508338
17 6 -0.002253108513363846
18 6 -0.04337285074288684
22 6   0.0138814677027745
23 6  0.02647331064921963
24 6 -0.02816691747737766
25 6 0.0001861424981992195
26 6 -0.04298391659374215
27 6  -0.1029472787025746
28 6 -0.04091988029974333
29 6  0.02108897758605118
30 6  0.01885568793660937
31 6 0.0006530983300138855
32 6 -0.02015094423214303
33 6 0.005671903522564307
4 7  -0.1041615675481183
5 7  0.06576263967429416
6 7  0.02694227348708896
7 7   0.3293299700107664
8 7 -0.02492430377503956
9 7  0.01934383964706443
10 7  -0.0686764974907788
11 7 -0.02998568425547419
12 7 -0.0001407803529027739
16 7 -0.01426480066685843
17 7 -0.02706008743889873
18 7 -0.01073866634765653
22 7  0.01181894927197472
23 7  0.01037318096714015
24 7  0.01217843894715824
28 7 -0.05473649240526215
29 7 -0.006630229165123186
30 7 -0.01771952590082516
34 7 -0.06045236809877373
35 7 0.008307628873057844
36 7 -0.01948548070468439
4 8  0.06584691143716567
5 8   -0.133258193277942
6 8 -0.03703362766777331
7 8 -0.02492430377503956
8 8   0.3915350384950446
9 8 -0.02026982134393092
10 8 -0.01999365382555045
11 8 -0.01963443445323049
12 8 -4.143233615514576e-06
16 8 -0.02677417418404318
17 8  -0.1421565985746435
18 8   0.0120411261756176
22 8  0.01475515932000456
23 8  0.03437287842717414
24 8 -0.002651905690921883
28 8 -0.01361767118172482
29 8 -0.06084555409088088
30 8 -0.02597518026909343
34 8 -0.003274148063791337
35 8 0.009264787216277744
36 8 -0.008241445084295133
4 9  0.02694227348708895
5 9 -0.03703364502346725
6 9 -0.07122566011676877
7 9  0.01934383964706443
8 9 -0.02026982134393092
9 9   0.3552230192733291
10 9 -9.722096425795589e-05
11 9 -6.192565541578589e-06
12 9 -0.01962470891218437
16 9 -0.01073759131887728
17 9  0.01064049418656421
18 9 -0.02739375545378258
22 9  0.01216875470236673
23 9 0.002644969309078387
24 9  0.00190373544638901
28 9 -0.01773047153884584
29 9 -0.01538297649305131
30 9  -0.1235355043143077
34 9 -0.01948392430820118
35 9 -0.002947682877264512
36 9 0.002028927207802385
4 10 -0.02020354566290303
5 10 -0.02989947961999811
6 10 1.807702303834711e-07
7 10  -0.0686764974907788
8 10 -0.01999365382555045
9 10 -9.722096425795589e-05
10 10  0.09464070022376786
11 10   0.0499064018229905
12 10  0.00190909985555365
22 10 -0.005146819264036501
23 10 -0.0006671944792144049
24 10 -0.008646206362426011
4 11  -0.0199020155817251
5 11 -0.07112283581241374
6 11 -9.271403648860189e-05
7 11 -0.02998568425547419
8 11 -0.01963443445323049
9 11 -6.192565541578589e-06
10 11   0.0499064018229905
11 11  0.09628304068260657
12 11 0.0002490269328451408
22 11 -0.0009920388395659222
23 11 -0.003448929038679503
24 11 -0.007957085337074418
4 12 2.617634686418441e-07
5 12 -0.0001390806223603071
6 12 -0.02029475133228869
7 12 -0.0001407803529027739
8 12 -4.143233615514576e-06
9 12 -0.01962470891218437
10 12  0.00190909985555365
11 12 0.0002490269328451408
12 12  0.05902310967116946
22 12 -0.006046881818154982
23 12 -0.005307610239418708
24 12 -0.01028117458530614
13 13                    1
14 14                    1
15 15                    1
4 16   -0.161401540918918
5 16 -0.04630268881907766
6 16  0.02027795981508338
7 16 -0.01426480066685843
8 16 -0.02677417418404318
9 16 -0.01073759131887728
16 16   0.8493992446039811
17 16  0.04125627986272103
18 16 0.006944620787825605
25 16 -0.08323375815605411
26 16 -0.03175221465210841
27 16  0.05912026475613903
28 16 -0.02281066958055833
29 16 -0.02265559195689917
30 16  0.01791941699530153
31 16  -0.1507549276526772
32 16 9.423579095777144e-05
33 16 -0.0002377424621316064
34 16  -0.1191420968941797
35 16  0.04691240476393898
36 16 -0.001550401141087196
40 16  -0.2010097728800463
41 16 0.007275315837970408
42 16 0.003955006779412674
52 16 -0.01517867897294119
53 16   0.0399669181563365
54 16  0.03495717598244437
55 16  0.02019119788407537
56 16  0.05609843693006666
57 16 -0.003229240405195325
58 16 -0.09370939885881555
59 16 -0.08750934911333488
60 16 -0.03425031099799473
61 16 -0.04933815267545028
62 16  0.01030357250024332
63 16 -0.07084091747571139
64 16  0.01940213655401321
65 16 0.000986269996018193
66 16  0.02029267729925171
67 16  0.01567896606355395
68 16  0.03754753275474423
69 16 -0.01496433892431754
70 16 -0.01748763130753291
71 16 -0.0007955982028186744
72 16 -0.01165924062759335
4 17 -0.04632739105638953
5 17 -0.04021510394049011
6 17 -0.002253108513363846
7 17 -0.02706008743889873
8 17  -0.1421565985746435
9 17   0.0106404941865642
16 17  0.04125627986272102
17 17    0.803060858981952
18 17 -0.03369889379677835
25 17 -0.03175221465210841
26 17 -0.01599191801173654
27 17  0.01995735517168308
28 17 -0.02265559195689917
29 17  -0.1229302391531958
30 17  0.07115056950635393
31 17 5.919005661307507e-05
32 17 -0.04308603955562591
33 17 -5.472986777837808e-10
34 17  0.04689678701388312
35 17  -0.1186175025767902
36 17 -0.01774929742312839
40 17 0.007345390804624602
41 17 -0.01255823126993304
42 17 0.005388952417269085
52 17  0.03996691815633651
53 17 -0.02705773930795959
54 17 -0.02799186113894489
55 17   0.0563656370995436
56 17  -0.1146444666924622
57 17  0.02509260585532518
58 17 -0.08748622124791709
59 17  -0.1789961799984884
60 17 -0.06097532287175731
61 17  0.01030357250024332
62 17 -0.00633305619068484
63 17  0.01372567651182484
64 17 0.0009862699960181873
65 17  0.01780194194767763
66 17 -0.03812377166110126
67 17  0.03754753275474425
68 17  -0.0048820916832452
69 17   0.0244726428777919
70 17 -0.0007955982028186783
71 17 -0.01943353880567496
72 17  0.01198111466415602
4 18  0.02150234856547836
5 18 -0.002253101090824287
6 18 -0.04337285074288684
7 18 -0.01073866634765653
8 18   0.0120411261756176
9 18 -0.02739375545378258
16 18 0.006944620787825599
17 18 -0.03369889379677835
18 18   0.7140940658827637
25 18  0.05912026475613905
26 18  0.01995735517168308
27 18  -0.0357388274256084
28 18  0.01791941699530154
29 18  0.07115056950635396
30 18 -0.06399414581407042
31 18 -0.0001695939483026786
32 18 1.645147345090466e-08
33 18 -0.04307616828435758
34 18 -0.00323242279701534
35 18 -0.01775232795360222
36 18 -0.06707136512706251
40 18 0.003937665393166395
41 18 0.005387473785715741
42 18   -0.005017972117676
52 18  0.03495717598244437
53 18 -0.02799186113894488
54 18 -0.009380634937777717
55 18 -0.00320085436809405
56 18  0.02359493767852159
57 18    0.016237592335234
58 18 -0.03432046200706911
59 18 -0.06110495552917931
60 18 -0.05518575567347864
61 18 -0.07084091747571136
62 18  0.01372567651182484
63 18 -0.07843610257320173
64 18  0.02029267729925171
65 18 -0.03812377166110124
66 18 -0.04805884519174662
67 18 -0.01496433892431755
68 18  0.02447264287779189
69 18     0.03203139446439
70 18 -0.01165924062759336
71 18  0.01198111466415602
72 18  -0.1562839366233422
19 19                    1
20 20                    1
21 21                    1
4 22 -0.01143049209879478
5 22 -0.01176905971158553
6 22   0.0138814677027745
7 22  0.01181894927197472
8 22  0.01475515932000456
9 22  0.01216875470236673
10 22 -0.005146819264036501
11 22 -0.0009920388395659222
12 22 -0.006046881818154982
22 22   0.2249011141448271
23 22 0.007330679806026023
24 22 -0.02671816703842249
25 22 -0.07433208082183973
26 22 0.001700274831883727
27 22  0.01606922784900573
28 22  -0.1443754859910122
29 22 -0.0007133791215259908
30 22  0.01580131658252474
70 22  0.04649570304446662
71 22 -0.02852488916222566
72 22 -0.01960175785849993
76 22 -0.04793088828558513
77 22  0.01821325287698879
78 22 -0.005553960121594301
4 23 -0.006737392638018005
5 23 -0.04004099099605667
6 23  0.02647331064921963
7 23  0.01037318096714015
8 23  0.03437287842717414
9 23 0.002644969309078387
10 23 -0.0006671944792144049
11 23 -0.003448929038679503
12 23 -0.005307610239418708
22 23 0.007330679806026023
23 23   0.2328293275413689
24 23 -0.04555266790683137
25 23  0.01177974769158425
26 23  -0.1288472742398987
27 23  0.01778915808415119
28 23 -0.01111769634157804
29 23  -0.0982779450953333
30 23  0.02820178525251591
70 23 -0.02852488916222564
71 23  0.05044414262353971
72 23 -0.02643475619970484
76 23  0.01756356415628565
77 23  -0.0470312092221146
78 23 0.002185811050989812
4 24  0.00867313436944122
5 24  0.02647123545390745
6 24 -0.02816691747737766
7 24  0.01217843894715824
8 24 -0.002651905690921883
9 24  0.00190373544638901
10 24 -0.008646206362426011
11 24 -0.007957085337074418
12 24 -0.01028117458530614
22 24 -0.02671816703842249
23 24 -0.04555266790683137
24 24   0.2806982887718256
25 24  0.01867339451567234
26 24  0.01778759151514082
27 24   -0.110784379218087
28 24  0.01579647446012912
29 24  0.03085282691918199
30 24  -0.1201658895019181
70 24 -0.01960175785849991
71 24 -0.02643475619970484
72 24  0.08457961484917859
76 24 -0.0003553110330525265
77 24 0.007484761246302259
78 24 -0.09778327828470434
4 25 -0.01684839846251864
5 25   0.0029114887386093
6 25 0.0001861424981992193
16 25 -0.08323375815605411
17 25 -0.03175221465210841
18 25  0.05912026475613905
22 25 -0.07433208082183973
23 25  0.01177974769158425
24 25  0.01867339451567234
25 25   0.3158678003760858
26 25 0.005355956042775424
27 25 0.005880652907975566
28 25 -0.001373328418581628
29 25  0.04657327370258377
30 25 0.001693772400170338
31 25  0.01552907471649746
32 25 0.004117970481022449
33 25 0.006901358339094999
52 25 -0.02548956640279595
53 25 -0.01285132782084182
54 25 -0.003873808147126904
64 25 -0.01906656101360805
65 25 -0.04062681900850919
66 25 -0.01166510312356251
70 25  -0.1208748813219917
71 25  0.01168213278025006
72 25 -0.05611233745023672
76 25  0.01495273056814569
77 25 0.001491801327408533
78 25 -0.02098688795398149
79 25 -0.005131031063339149
80 25 0.001317990717225626
81 25 0.0001825512576560918
4 26 -0.002126429352211163
5 26 -0.03524607811360945
6 26 -0.04298391659374215
16 26 -0.03175221465210841
17 26 -0.01599191801173654
18 26  0.01995735517168308
22 26 0.001700274831883727
23 26  -0.1288472742398987
24 26  0.01778759151514082
25 26 0.005355956042775424
26 26   0.3617843229176985
27 26 0.008683050631610756
28 26  0.04657327370258377
29 26 -0.003493763685558818
30 26 -0.02296661695116686
31 26 0.009155156149967914
32 26 -7.648136741978621e-05
33 26  0.03031612317176183
52 26 -0.002784972433472135
53 26 -0.09675944921369686
54 26 -0.003821534366670286
64 26  -0.0406268190085092
65 26 -0.05327298665791775
66 26 -0.02477052582883513
70 26  0.01168213278025006
71 26 -0.01514947697350681
72 26  0.01283578538756695
76 26 -0.003536635969140665
77 26 -6.369080794737213e-06
78 26  0.02956873108590304
79 26 0.006360277907980686
80 26 -0.01294052557355903
81 26  -0.0246060432232521
4 27 -0.01023052416846748
5 27 -0.04298338762238711
6 27  -0.1029472787025746
16 27  0.05912026475613903
17 27  0.01995735517168308
18 27  -0.0357388274256084
22 27  0.01606922784900573
23 27  0.01778915808415119
24 27   -0.110784379218087
25 27 0.005880652907975566
26 27 0.008683050631610756
27 27   0.3917070388995124
28 27 0.001693772400170337
29 27 -0.02296661695116685
30 27  0.07788281067734683
31 27 -0.0009111416609051482
32 27  0.03031455660275096
33 27 -0.01572671364182204
52 27 -0.001269641480460135
53 27 -0.00382466750469088
54 27 -0.02573499459344057
64 27 -0.01166510312356251
65 27 -0.02477052582883512
66 27  0.00338607092078122
70 27 -0.05611233745023671
71 27  0.01283578538756697
72 27 -0.09688357681697365
76 27 -0.01317438795398158
77 27  0.02957133525256862
78 27 -0.01538255310211575
79 27  0.01059921792432286
80 27 -0.02460604322325157
81 27 -0.06977759699701855
4 28 0.004397508603598627
5 28  0.02004235935512229
6 28 -0.04091988029974333
7 28 -0.05473649240526215
8 28 -0.01361767118172482
9 28 -0.01773047153884584
16 28 -0.02281066958055833
17 28 -0.02265559195689917
18 28  0.01791941699530154
22 28  -0.1443754859910122
23 28 -0.01111769634157801
24 28  0.01579647446012912
25 28 -0.001373328418581628
26 28  0.04657327370258377
27 28  0.00169377240017034
28 28    0.401829839250571
29 28 0.002172589601750478
30 28 0.009354216830135341
34 28  0.01686346579918494
35 28 0.005577004730884596
36 28  0.02922501378349024
61 28 -0.02139785426530212
62 28 -0.04326369772059543
63 28 -0.02142289018943449
67 28  -0.1249077685067354
68 28 0.004365190069140608
69 28 0.006417078732090992
70 28  -0.0224011067793696
71 28 0.009487498556650157
72 28  0.01342245909974254
76 28  0.01115409035761212
77 28 -0.008413386156690081
78 28  0.02861312273807799
82 28 -0.04224219806414521
83 28  0.01085012734135566
84 28 -0.04236831301111448
4 29   0.0200423593551223
5 29   0.0462694977233863
6 29  0.02108897758605118
7 29 -0.006630229165123186
8 29 -0.06084555409088088
9 29 -0.01538297649305131
16 29 -0.02265559195689917
17 29  -0.1229302391531958
18 29  0.07115056950635394
22 29 -0.0007133791215259908
23 29  -0.0982779450953333
24 29  0.03085282691918199
25 29  0.04657327370258377
26 29 -0.003493763685558818
27 29 -0.02296661695116685
28 29 0.002172589601750458
29 29   0.3744568460647539
30 29 -0.01292582597099923
34 29 0.001947783132577462
35 29  0.01870215435271352
36 29   0.0123400417071135
61 29 -0.04326369772059543
62 29  0.01047037972684813
63 29 -0.007133273025023832
67 29 -0.006676156162955676
68 29 -0.05089777677392174
69 29 -0.01021872771471985
70 29  0.00948749855665016
71 29  -0.1121474490045566
72 29 -0.05973895806264749
76 29 -0.004359481941195427
77 29  0.02202975685285647
78 29 -0.01788161606123367
82 29 0.004075031719610751
83 29  -0.0233359069171112
84 29  0.01081557856014164
4 30 -0.04091988029974333
5 30  0.02108897758605117
6 30  0.01885568793660937
7 30 -0.01771952590082516
8 30 -0.02597518026909343
9 30  -0.1235355043143077
16 30  0.01791941699530153
17 30  0.07115056950635393
18 30 -0.06399414581407042
22 30  0.01580131658252474
23 30  0.02820178525251591
24 30  -0.1201658895019181
25 30 0.001693772400170334
26 30 -0.02296661695116686
27 30  0.07788281067734683
28 30 0.009354216830135355
29 30 -0.01292582597099923
30 30   0.4524151172600259
34 30  0.02923392491630263
35 30  0.00439733337378029
36 30 -0.01220211990614276
61 30 -0.02142289018943449
62 30 -0.007133273025023831
63 30  0.04257664948459569
67 30 0.006420669633783875
68 30 -0.007572365410032493
69 30 -0.05845340067571071
70 30  0.01342245909974254
71 30 -0.05973895806264749
72 30  -0.1014006251210397
76 30   0.0285985861983644
77 30 -0.009935774589878913
78 30 -0.01225568726817787
82 30 -0.04238206626632247
83 30  0.02140932856014093
84 30 -0.09972289275721037
4 31  0.01176313785124743
5 31 0.009079287834682707
6 31 0.0006530983300138855
16 31  -0.1507549276526772
17 31 5.919005661307507e-05
18 31 -0.0001695939483026786
25 31  0.01552907471649746
26 31 0.009155156149967914
27 31 -0.0009111416609051482
31 31   0.3470640841397203
32 31  0.09557148926005232
33 31 -0.008948877651026324
52 31 -0.02260674840775522
53 31 -0.009184780732146854
54 31 -0.03367330425668218
55 31   -0.158634972349002
56 31  -0.1047334850646032
57 31 -0.0001162622384411807
4 32 -0.0009560631052521949
5 32 -0.04372204596282429
6 32 -0.02015094423214303
16 32 9.423579095777491e-05
17 32 -0.04308603955562591
18 32 1.645147345090466e-08
25 32 0.004117970481022448
26 32 -7.648136741978621e-05
27 32  0.03031455660275096
31 32  0.09557148926005232
32 32   0.3317643782770554
33 32  0.02045265010763439
52 32 -0.004149512584360306
53 32 -0.01994082851439261
54 32 -0.03031776286164476
55 32 -0.09473919419409291
56 32  -0.1951140597501525
57 32 -0.0001719544158727358
4 33 -0.004536565996229204
5 33 -0.02011874390314112
6 33 0.005671903522564307
16 33 -0.0002377424621316064
17 33 -5.472986777837808e-10
18 33 -0.04307616828435758
25 33 0.006901358339094999
26 33  0.03031612317176183
27 33 -0.01572671364182204
31 33 -0.008948877651026324
32 33   0.0204526501076344
33 33   0.2908644928420804
52 33 -0.02586090598194254
53 33 -0.03031880045930078
54 33 -0.06696310839928039
55 33 -0.0001620290965050151
56 33 -0.0002463749718399043
57 33 -0.07861108733041761
7 34 -0.06045236809877373
8 34 -0.003274148063791337
9 34 -0.01948392430820118
16 34  -0.1191420968941797
17 34  0.04689678701388313
18 34 -0.003232422797015341
28 34  0.01686346579918494
29 34 0.001947783132577462
30 34  0.02923392491630263
34 34   0.8550333281139857
35 34  -0.0112226304099153
36 34  0.05827430866545996
40 34  -0.2735889666672437
41 34 -0.06353296698708386
42 34 -0.01554918556906176
43 34  -0.1150811874992619
44 34  0.02670856902151887
45 34 -6.114567605196991e-06
67 34 -0.04397882163640268
68 34 0.005209126217346514
69 34 -0.03432317933808149
7 35 0.008307628873057844
8 35 0.009264787216277744
9 35 -0.002947682877264512
16 35  0.04691240476393898
17 35  -0.1186175025767902
18 35 -0.01775232795360222
28 35 0.005577004730884596
29 35  0.01870215435271352
30 35  0.00439733337378029
34 35 -0.01122263040991531
35 35   0.4270737732587208
36 35  0.01187426757361599
40 35 -0.06354683660302447
41 35  -0.1242982813920972
42 35 -0.03409264918792181
43 35  0.01620762297659691
44 35 -0.02933664338053254
45 35 -3.033249505446194e-06
67 35 -0.001430400149840798
68 35  -0.0363114262621605
69 35 -0.007369417404119474
7 36 -0.01948548070468439
8 36 -0.008241445084295133
9 36 0.002028927207802385
16 36 -0.001550401141087199
17 36  -0.0177492974231284
18 36 -0.06707136512706251
28 36  0.02922501378349024
29 36   0.0123400417071135
30 36 -0.01220211990614276
34 36  0.05827430866545998
35 36    0.011874267573616
36 36    0.548304596123375
40 36 -0.01704293430274259
41 36 -0.03409534050348278
42 36  -0.1157160200958252
43 36 -4.891607045844071e-07
44 36 -4.070847160703682e-06
45 36 -0.03209291757332167
67 36 -0.03432444073131072
68 36 0.0005102823029118405
69 36  -0.1096686810135983
37 37                    1
38 38                    1
39 39                    1
16 40  -0.2010097728800463
17 40 0.007345390804624601
18 40  0.00393766539316639
34 40  -0.2735889666672437
35 40 -0.06354683660302447
36 40 -0.01704293430274259
40 40    1.031620982816266
41 40  0.08619731608973961
42 40  -0.1015472757498079
43 40  -0.3003179449437383
44 40  0.03950795608091544
45 40  0.08753158155794544
49 40   -0.261975543584582
50 40 -0.05745219538959036
51 40  0.09110283511007125
58 40 -0.02245368283096151
59 40 -0.02048606646590283
60 40 -0.00525144322267252
61 40  -0.0424883741942444
62 40 0.007089812135637003
63 40  0.04220634162878711
67 40 -0.03857607983316159
68 40 -0.04545079588187491
69 40   0.0328068301710548
100 40 -0.04551498038072997
101 40  0.04935571471878519
102 40 -0.01897492619917134
103 40 -0.05536530315537098
104 40 -0.01474374186065336
105 40 -0.06597674167638379
16 41 0.007275315837970409
17 41 -0.01255823126993304
18 41 0.005387473785715741
34 41 -0.06353296698708386
35 41  -0.1242982813920972
36 41 -0.03409534050348278
40 41  0.08619731608973961
41 41   0.7440997660621058
42 41 0.006698590050138467
43 41  0.03949442942771981
44 41  -0.1956952670834304
45 41 -0.05323179147728654
49 41 -0.05738031268887897
50 41  -0.1226472577948658
51 41  0.02322676287053843
58 41 -0.02047195836029373
59 41  -0.1396808585530918
60 41 -0.04199684989201503
61 41 0.007089812135637003
62 41  -0.0316602182496119
63 41 0.009875706073964109
67 41 -0.04545079588187489
68 41 -0.08454253407211933
69 41  0.04365544672477523
100 41  0.04935571471878519
101 41 -0.09705251755814399
102 41  0.03735427820731078
103 41 -0.01474374186065337
104 41 0.006078318092597429
105 41 -0.02737609221638476
16 42 0.003955006779412674
17 42 0.005388952417269085
18 42 -0.005017972117675998
34 42 -0.01554918556906176
35 42 -0.03409264918792181
36 42  -0.1157160200958252
40 42  -0.1015472757498079
41 42 0.006698590050138467
42 42   0.7822746838419213
43 42  0.08607476969165376
44 42 -0.05323441624299197
45 42  -0.1954889343395139
49 42   0.0910850463655726
50 42  0.02322524609451301
51 42  -0.1197901526111102
58 42 -0.005267042518080051
59 42 -0.04207592641672423
60 42 -0.01867727467369382
61 42   0.0422063416287871
62 42 0.009875706073964114
63 42  -0.2279409345276823
67 42  0.03280683017105479
68 42  0.04365544672477523
69 42 -0.01670906648564684
100 42 -0.01897492619917133
101 42   0.0373542782073108
102 42 -0.04110654550399322
103 42 -0.06597674167638376
104 42 -0.02737609221638478
105 42 -0.03026008723953279
34 43  -0.1150811874992619
35 43  0.01620762297659691
36 43 -4.891607045844071e-07
40 43  -0.3003179449437383
41 43  0.03949442942771981
42 43  0.08607476969165376
43 43    0.908695022570835
44 43  -0.0295103085062142
45 43  -0.1490433957488183
49 43  -0.1785646851311302
50 43 -0.05473093693376767
51 43  0.03751709351813252
67 43 0.008124520309067363
68 43 -0.005843603239709575
69 43  0.01923551076863438
100 43 -0.02801426068242498
101 43 0.003967916553273833
102 43 -0.03352960865904112
106 43 -0.03696888934639951
107 43  0.01672218465665059
108 43 -0.01296228232247424
34 44  0.02670856902151887
35 44 -0.02933664338053254
36 44 -4.070847160703682e-06
40 44  0.03950795608091544
41 44  -0.1956952670834304
42 44 -0.05323441624299197
43 44  -0.0295103085062142
44 44    0.574252118379612
45 44 -0.008595497177187147
49 44 -0.05453212232762313
50 44  -0.2106285202649636
51 44 0.008661116151787411
67 44 -0.001209595467899625
68 44  0.01721567559114676
69 44 -0.006361064597115136
100 44 -0.003130624706491554
101 44 -0.002019478801469693
102 44 -0.001896980511520453
106 44 0.004975615310472531
107 44  0.02126404001807338
108 44 -0.003515486563563228
34 45 -6.114567605196991e-06
35 45 -3.033249505446194e-06
36 45 -0.03209291757332167
40 45  0.08753158155794544
41 45 -0.05323179147728654
42 45  -0.1954889343395139
43 45  -0.1490433957488183
44 45 -0.008595497177187147
45 45   0.6268474244812159
49 45  0.03584343125816635
50 45 0.006910040989244477
51 45  -0.1209442300800556
67 45  0.01923270315144696
68 45 -0.001189718568468772
69 45 -0.006665456979052276
100 45 -0.03355304615904137
101 45 0.008561332476761132
102 45 -0.06466311625181864
106 45 -0.01309229681214436
107 45  0.00173206279183166
108 45 0.004741525517993264
46 46                    1
47 47                    1
48 48                    1
40 49   -0.261975543584582
41 49 -0.05738031268887897
42 49  0.09108504636557262
43 49  -0.1785646851311302
44 49 -0.05453212232762311
45 49  0.03584343125816635
49 49    1.015846681973625
50 49   0.1086701292838933
51 49 -0.04365179857709398
58 49  0.03377448722162477
59 49  0.03594257090664613
60 49   0.0111301337059741
91 49  -0.3021906409336522
92 49  -0.1099840551213276
93 49 -0.02853656451997481
100 49 -0.007664728892870383
101 49 -0.02615108585166336
102 49  0.01510222161861174
103 49 -0.03756148522739226
104 49 0.001045845049759703
105 49 -0.03758837193704579
106 49  -0.2508980852475429
107 49  0.06092036958721697
108 49   0.0129380519345293
118 49 -0.04406636403975922
119 49  0.04415913708104585
120 49 -0.03449252872610361
40 50 -0.05745219538959036
41 50  -0.1226472577948658
42 50  0.02322524609451301
43 50 -0.05473093693376767
44 50  -0.2106285202649636
45 50 0.006910040989244477
49 50   0.1086701292838933
50 50   0.9830804135406759
51 50 0.007939034364756353
58 50  0.03595503145278695
59 50 -0.01500667945757076
60 50 -0.04620836309477482
91 50  -0.1096403969797915
92 50  -0.3283362119072601
93 50 -0.04839608077190455
100 50 -0.02615108585166336
101 50 -0.07172307459768199
102 50  0.04886631995124196
103 50 0.001045845049759705
104 50  -0.0352351052209403
105 50 -0.01723490970419009
106 50  0.06072524793243123
107 50  -0.2002084497656401
108 50 -0.01129700809956337
118 50  0.04415913708104585
119 50 -0.01103993275526224
120 50  0.03282669404400222
40 51  0.09110283511007125
41 51  0.02322676287053843
42 51  -0.1197901526111102
43 51  0.03751709351813252
44 51 0.008661116151787411
45 51  -0.1209442300800556
49 51 -0.04365179857709398
50 51 0.007939034364756353
51 51   0.7870975295738522
58 51   0.0111551754229976
59 51 -0.04627820497945707
60 51  0.01273649339041237
91 51 -0.02855468958365612
92 51 -0.04972890981307015
93 51  -0.1477653027985425
100 51  0.01510222161861174
101 51  0.04886631995124196
102 51 -0.03184876088237347
103 51  -0.0375883719370458
104 51 -0.01723490970419009
105 51  -0.2228953447479967
106 51   0.0109285873921863
107 51 -0.01111793832122964
108 51  -0.1061505351435732
118 51  -0.0344925287261036
119 51  0.03282669404400222
120 51 -0.00368392374718752
16 52  -0.0151786789729412
17 52  0.03996691815633651
18 52  0.03495717598244437
25 52 -0.02548956640279595
26 52 -0.002784972433472133
27 52 -0.001269641480460135
31 52 -0.02260674840775522
32 52 -0.004149512584360306
33 52 -0.02586090598194254
52 52   0.3395578125997781
53 52 0.003213951498353775
54 52  0.08913919093285699
55 52 -0.02916863108207966
56 52 -0.004257267383062539
57 52  0.01428804442852623
58 52 -0.01920623248835892
59 52 -0.03000876650347663
60 52 0.007308717180964244
64 52  -0.2061846888570324
65 52  0.02247705006185753
66 52  -0.0946477166487449
79 52  0.01948576541566622
80 52 0.002510427200880196
81 52 -0.002600735223639884
121 52  0.01319674858791631
122 52 -0.002518801629739905
123 52 -0.01040701718717794
124 52  -0.0544057803923972
125 52 -0.02444902638331649
126 52 -0.01090711200282642
16 53   0.0399669181563365
17 53 -0.02705773930795959
18 53 -0.02799186113894488
25 53 -0.01285132782084182
26 53 -0.09675944921369686
27 53 -0.00382466750469088
31 53 -0.009184780732146854
32 53 -0.01994082851439261
33 53 -0.03031880045930078
52 53 0.003213951498353775
53 53   0.4249983608107686
54 53  0.02142610427483069
55 53 0.0007688760088647574
56 53 -0.03459978762642527
57 53   0.0573409852781001
58 53 -0.03000876650347664
59 53  0.02889192980541168
60 53  0.01079661037304994
64 53  0.02247705006185754
65 53  -0.1307184527352083
66 53  0.01904005904813266
79 53 -0.002525608972622412
80 53 0.003303278955587218
81 53  0.01520377147118722
121 53  0.00252141036570246
122 53 -0.002987584590614888
123 53  -0.0152203565941569
124 53 -0.01437772206202734
125 53  -0.1451297275834699
126 53 -0.04645184474820717
16 54  0.03495717598244437
17 54  -0.0279918611389449
18 54 -0.009380634937777717
25 54 -0.003873808147126904
26 54 -0.003821534366670289
27 54 -0.02573499459344057
31 54 -0.03367330425668218
32 54 -0.03031776286164476
33 54 -0.06696310839928039
52 54  0.08913919093285699
53 54  0.02142610427483069
54 54    0.528034635558618
55 54 0.009079914545713844
56 54  0.05733838111143323
57 54  -0.1113213418228058
58 54 0.007308717180964239
59 54  0.01079661037304994
60 54  0.05850420280139408
64 54 -0.09464771664874491
65 54  0.01904005904813267
66 54  -0.2667773980950495
79 54 0.002607598109693466
80 54  0.01520533804019752
81 54 -0.004547519888346864
121 54 -0.002594720637698786
122 54 -0.01522088556551058
123 54 -0.02656910770990368
124 54 -0.008303047061420141
125 54 -0.04645444891487348
126 54  -0.0752447329134075
16 55  0.02019119788407537
17 55   0.0563656370995436
18 55 -0.00320085436809405
31 55   -0.158634972349002
32 55 -0.09473919419409291
33 55 -0.0001620290965050151
52 55 -0.02916863108207966
53 55 0.0007688760088647574
54 55 0.009079914545713844
55 55   0.5096039989964747
56 55   0.0479126281329076
57 55  0.06279581732214046
58 55  -0.1574436367994268
59 55  0.01475618424526345
60 55 -0.09504720481920464
124 55 -0.06175800158597584
125 55 0.0008136446891965797
126 55  0.01755731950353279
127 55  0.02775621589499797
128 55 -0.05851408643555932
129 55 -0.03018026605803909
130 55  -0.0414534946136961
131 55  0.03694727883021039
132 55  0.01043140613587116
16 56  0.05609843693006666
17 56  -0.1146444666924622
18 56  0.02359493767852159
31 56  -0.1047334850646032
32 56  -0.1951140597501525
33 56 -0.0002463749718399078
52 56 -0.004257267383062539
53 56 -0.03459978762642527
54 56  0.05733838111143323
55 56  0.04791262813290759
56 56   0.6420843822733154
57 56  0.04022196755558448
58 56  0.01475233830562757
59 56 0.0007798526899576779
60 56  0.01785455112017428
124 56 0.005850408198311605
125 56 -0.06314271898081467
126 56 -0.05259865646943052
127 56 -0.05833598177178605
128 56 -0.04279132446351649
129 56 -0.05057542953141533
130 56  0.04700612689336214
131 56 -0.07702939705475587
132 56 -0.02790062366858744
16 57 -0.003229240405195325
17 57  0.02509260585532518
18 57    0.016237592335234
31 57 -0.0001162622384411807
32 57 -0.0001719544158727358
33 57 -0.07861108733041761
52 57  0.01428804442852623
53 57   0.0573409852781001
54 57  -0.1113213418228058
55 57  0.06279581732214044
56 57  0.04022196755558448
57 57   0.6366216369753057
58 57  -0.0962800781776412
59 57  0.01788093553642908
60 57 -0.08518240758608328
124 57  0.02797388444493877
125 57 -0.05259969406708718
126 57  -0.2214455982444308
127 57 -0.03025444878114769
128 57 -0.05184126626652698
129 57  0.02621277051085137
130 57  0.01563994291972549
131 57 -0.02790477405921236
132 57 -0.008651111514528123
16 58 -0.09370939885881555
17 58 -0.08748622124791709
18 58 -0.03432046200706911
40 58 -0.02245368283096151
41 58 -0.02047195836029373
42 58 -0.005267042518080051
49 58  0.03377448722162477
50 58  0.03595503145278695
51 58   0.0111551754229976
52 58 -0.01920623248835892
53 58 -0.03000876650347664
54 58 0.007308717180964236
55 58  -0.1574436367994268
56 58  0.01475233830562758
57 58  -0.0962800781776412
58 58    1.136742742924774
59 58 -0.03367855373242477
60 58  -0.0776436049909264
61 58 -0.04872891709471951
62 58 -0.001780266789886331
63 58  0.01083008452974085
64 58  -0.1088676585197017
65 58 -0.01661697841778262
66 58   0.0582397124066347
70 58   0.0179206046460144
71 58  -0.0366529130899785
72 58  0.01592624034514354
88 58   -0.264607575610549
89 58 -0.04317943743508315
90 58  0.08624322453127556
91 58 -0.008614792338740854
92 58  0.02949417815308051
93 58  0.05295586834874937
103 58 -0.04452075601474895
104 58  0.08140274146960753
105 58 -0.03055342668162851
124 58  -0.0448976213500961
125 58  0.03782230520051727
126 58  0.02671338909156409
127 58  -0.1858619768031641
128 58   0.1259331630096129
129 58  0.02781628539127599
133 58 -0.05622303892813017
134 58 -0.02597888120823171
135 58  0.04751100872299129
136 58 -0.04250940707375486
137 58  0.04816592030937849
138 58 -0.08955939342617808
139 58  0.08180860287603622
140 58  0.02765455084346925
141 58  0.01208934286970397
142 58 -0.03429325845982932
143 58 -0.06101179045944606
144 58 -0.05724510751383935
145 58  -0.1558660661856902
146 58  0.04339482933079081
147 58   0.0672421337423721
148 58  0.07709094277254395
149 58 -0.07852103851919265
150 58 -0.02739888938863842
16 59 -0.08750934911333488
17 59  -0.1789961799984884
18 59 -0.06110495552917931
40 59 -0.02048606646590283
41 59  -0.1396808585530918
42 59 -0.04207592641672423
49 59  0.03594257090664613
50 59 -0.01500667945757076
51 59 -0.04627820497945707
52 59 -0.03000876650347663
53 59  0.02889192980541168
54 59  0.01079661037304993
55 59  0.01475618424526345
56 59 0.0007798526899576814
57 59  0.01788093553642908
58 59 -0.03367855373242477
59 59    1.265573980224385
60 59 -0.01107169056371862
61 59 -0.001780266789886336
62 59  -0.2077817943043592
63 59  0.07913774375197949
64 59 -0.01661697841778262
65 59 -0.02815348363147569
66 59  0.03286890751982987
70 59 -0.03665291308997851
71 59 -0.03090666371347453
72 59  0.03323228436910569
88 59 -0.04317336992024717
89 59 -0.02786812470299825
90 59  0.03288164128411007
91 59  0.02949129166430263
92 59  0.06009459836212962
93 59 -0.03596696628563592
103 59  0.08140274146960755
104 59 -0.07799692674147168
105 59  0.02143133109648727
124 59  0.03782230520051727
125 59 0.008505200899979456
126 59 -0.02155427810827309
127 59    0.126002996086131
128 59  -0.3624793055596308
129 59 -0.00276462850922795
133 59 -0.02597888120823172
134 59 -0.04306696999533918
135 59  0.06207864193882306
136 59  0.04816592030937848
137 59 0.004449686338635619
138 59  0.06113461298518774
139 59  0.02765455084346926
140 59  0.01451696028868354
141 59 -0.07718674699686309
142 59 -0.06101179045944607
143 59 -0.04450077538235689
144 59 -0.07566656785654814
145 59  0.04339482933079081
146 59  -0.0685653015614433
147 59  -0.0585362303651835
148 59 -0.07855717100950363
149 59 -0.07169665826349861
150 59  0.04455946105607483
16 60 -0.03425031099799473
17 60 -0.06097532287175731
18 60 -0.05518575567347864
40 60 -0.00525144322267252
41 60 -0.04199684989201503
42 60 -0.01867727467369382
49 60   0.0111301337059741
50 60 -0.04620836309477482
51 60  0.01273649339041237
52 60 0.007308717180964244
53 60  0.01079661037304994
54 60  0.05850420280139408
55 60 -0.09504720481920464
56 60  0.01785455112017428
57 60 -0.08518240758608328
58 60  -0.0776436049909264
59 60 -0.01107169056371862
60 60    1.235720543837878
61 60  0.01083008452974084
62 60  0.07913774375197952
63 60 -0.07316865849439402
64 60  0.05823971240663468
65 60  0.03286890751982987
66 60  -0.1113071578452366
70 60  0.01592624034514355
71 60  0.03323228436910568
72 60  0.01039621932579771
88 60  0.08553476294643017
89 60  0.03284763260852115
90 60 -0.09021831457952839
91 60  0.05288872352105551
92 60 -0.03595078739476162
93 60  0.05657289977763524
103 60 -0.03055342668162852
104 60  0.02143133109648726
105 60 -0.00485313011634392
124 60   0.0267133890915641
125 60 -0.02155427810827309
126 60    0.059665693054537
127 60  0.02789053699664888
128 60 -0.002864987678613908
129 60  -0.1352361963610239
133 60  0.04751100872299133
134 60  0.06207864193882308
135 60  -0.2690601321618497
136 60 -0.08955939342617809
137 60  0.06113461298518774
138 60 -0.04245665730320751
139 60  0.01208934286970397
140 60 -0.07718674699686312
141 60 -0.01488040016461629
142 60 -0.05724510751383934
143 60 -0.07566656785654811
144 60 -0.07618365417494319
145 60   0.0672421337423721
146 60 -0.05853623036518351
147 60  -0.1187985131868778
148 60 -0.02742025742179417
149 60  0.04450097624893035
150 60  0.09507138140949786
16 61 -0.04933815267545028
17 61  0.01030357250024332
18 61 -0.07084091747571136
28 61 -0.02139785426530212
29 61 -0.04326369772059543
30 61 -0.02142289018943449
40 61  -0.0424883741942444
41 61 0.007089812135637004
42 61   0.0422063416287871
58 61 -0.04872891709471951
59 61 -0.001780266789886336
60 61  0.01083008452974084
61 61   0.9191535951413321
62 61  0.01333779384100798
63 61 -0.06621690831492542
67 61 -0.04665768181647312
68 61 -0.01246752299841766
69 61 -0.007746796679008718
70 61  -0.3565547268110011
71 61  0.03986214525421831
72 61  0.06490950123067951
82 61  0.05283894142783328
83 61 -0.005335134953315942
84 61  0.04656215290187781
100 61 -0.001049300911084644
101 61  0.02979448622369828
102 61  0.01814918767698026
103 61  -0.1509191092396795
104 61 -0.03571706766494029
105 61  0.09778470787931243
133 61 -0.04635344710031838
134 61  0.01362345651489548
135 61  0.01790978382427729
136 61 0.009678000634560969
137 61 -0.03552598625706878
138 61 -0.05173170783109377
151 61  -0.1062461321583259
152 61  0.06130436611904827
153 61 -0.05809244983980773
154 61  0.05170963514394201
155 61  0.01719971833599967
156 61  0.03053848013404209
157 61  -0.1636464760810694
158 61 -0.05842567454052394
159 61 -0.05283856947571584
16 62  0.01030357250024332
17 62 -0.00633305619068484
18 62  0.01372567651182484
28 62 -0.04326369772059543
29 62  0.01047037972684813
30 62 -0.007133273025023831
40 62 0.007089812135637001
41 62 -0.03166021824961189
42 62 0.009875706073964112
58 62 -0.001780266789886331
59 62  -0.2077817943043592
60 62  0.07913774375197952
61 62  0.01333779384100798
62 62   0.9291264770289775
63 62 -0.03037765293852764
67 62 -0.01246752299841764
68 62  -0.1240931008718945
69 62 -0.07165446411414111
70 62  0.03986214525421832
71 62  -0.1286059969758296
72 62 -0.03783528695637214
82 62 -0.005335134953315929
83 62  0.03433128534274534
84 62  0.05929800605434678
100 62  0.02979448622369828
101 62 -0.04302200089255383
102 62 -0.04331287348504184
103 62 -0.03571706766494029
104 62 -0.02367341733605552
105 62  0.02067834616427202
133 62  0.01362345651489547
134 62  -0.1093326897822675
135 62 -0.03635616630816176
136 62 -0.03552598625706876
137 62  0.05001818530829543
138 62 -0.04753215940010257
151 62  0.06130436611904827
152 62  -0.0968642471566771
153 62  0.07117103776016677
154 62  0.01719971833599967
155 62  0.04633886396835009
156 62  0.06180655537562431
157 62 -0.05842567454052395
158 62  -0.2989186696152826
159 62 -0.04149119546480745
16 63 -0.07084091747571138
17 63  0.01372567651182484
18 63 -0.07843610257320173
28 63 -0.02142289018943449
29 63 -0.007133273025023832
30 63  0.04257664948459569
40 63  0.04220634162878711
41 63 0.009875706073964109
42 63  -0.2279409345276822
58 63  0.01083008452974085
59 63  0.07913774375197949
60 63 -0.07316865849439401
61 63 -0.06621690831492542
62 63 -0.03037765293852764
63 63    1.050305794639751
67 63 -0.007746796679008714
68 63 -0.07165446411414111
69 63 -0.08819421127968285
70 63  0.06490950123067947
71 63 -0.03783528695637214
72 63  -0.1758885499107604
82 63  0.04656215290187783
83 63  0.05929800605434676
84 63   0.1158981512657804
100 63  0.01814918767698025
101 63 -0.04331287348504182
102 63 -0.005152479047636379
103 63  0.09778470787931243
104 63  0.02067834616427202
105 63 -0.07795415082695004
133 63  0.01790978382427729
134 63 -0.03635616630816176
135 63  -0.2184622250670095
136 63 -0.05173170783109377
137 63 -0.04753215940010257
138 63   0.1082068619694809
151 63 -0.05809244983980775
152 63  0.07117103776016678
153 63  -0.1028203215625477
154 63  0.03053848013404208
155 63  0.06180655537562431
156 63 -0.03244412071950511
157 63 -0.05283856947571584
158 63 -0.04149119546480746
159 63  -0.2365257033502381
16 64  0.01940213655401321
17 64 0.0009862699960181873
18 64  0.02029267729925171
25 64 -0.01906656101360805
26 64  -0.0406268190085092
27 64 -0.01166510312356251
52 64  -0.2061846888570324
53 64  0.02247705006185754
54 64 -0.09464771664874491
58 64  -0.1088676585197017
59 64 -0.01661697841778262
60 64  0.05823971240663468
64 64    1.085199921806141
65 64 -0.09563717161688065
66 64    0.100786149998888
70 64   -0.220469648619083
71 64   0.1218327057741694
72 64 -0.01712648515908692
79 64 -0.09240255151720678
80 64 -0.05454917317819302
81 64  0.02819929986491133
121 64  -0.5091889289251412
122 64  0.04433305575991595
123 64 -0.03617618075390874
124 64 -0.05654630010439601
125 64  0.03589745853557356
126 64  -0.0472302779591728
133 64 -0.06061081787306999
134 64 -0.01285304447578998
135 64 -0.05407323916094534
145 64 -0.06095077546580811
146 64 -0.02277236538424351
147 64 -0.06366042679322349
160 64   0.0588087733381642
161 64 0.003116124925263753
162 64  0.01157009249269602
163 64   0.1708770991967283
164 64  0.01441288702860061
165 64   0.1054914975362629
16 65 0.000986269996018193
17 65  0.01780194194767763
18 65 -0.03812377166110124
