%%MatrixMarket matrix coordinate real general
2604 2604 79995
1 1    1.000001000911966
4 1 5.004559828847954e-07
7 1 5.004559828847954e-07
10 1 5.004559828847954e-07
2 2    1.000001000911966
5 2 5.004559828847954e-07
8 2 5.004559828847954e-07
11 2 5.004559828847954e-07
3 3    1.000001000911966
6 3 5.004559828847954e-07
9 3 5.004559828847954e-07
12 3 5.004559828847954e-07
1 4 5.004559828847954e-07
4 4    1.000001000911966
7 4 5.004559828847954e-07
10 4 5.004559828847954e-07
2 5 5.004559828847954e-07
5 5    1.000001000911966
8 5 5.004559828847954e-07
11 5 5.004559828847954e-07
3 6 5.004559828847954e-07
6 6    1.000001000911966
9 6 5.004559828847954e-07
12 6 5.004559828847954e-07
1 7 5.004559828847954e-07
4 7 5.004559828847954e-07
7 7    1.000001000911966
10 7 5.004559828847954e-07
2 8 5.004559828847954e-07
5 8 5.004559828847954e-07
8 8    1.000001000911966
11 8 5.004559828847954e-07
3 9 5.004559828847954e-07
6 9 5.004559828847954e-07
9 9    1.000001000911966
12 9 5.004559828847954e-07
1 10 5.004559828847954e-07
4 10 5.004559828847954e-07
7 10 5.004559828847954e-07
10 10    1.000001000911966
2 11 5.004559828847954e-07
5 11 5.004559828847954e-07
8 11 5.004559828847954e-07
11 11    1.000001000911966
3 12 5.004559828847954e-07
6 12 5.004559828847954e-07
9 12 5.004559828847954e-07
12 12    1.000001000911966
13 13                    1
14 14                    1
15 15                    1
16 16   0.3529691922029743
17 16  0.02108859661634156
18 16  0.01591575658959167
25 16 -0.07193234671121715
26 16 -0.03001451298564405
27 16  0.04353062916863994
28 16 -0.01609096202460249
29 16 -0.02113814906459581
30 16  0.01255195297577892
40 16 -0.09440897781203728
41 16 0.002010151936043187
42 16  0.01747041774129849
52 16 -0.01346228029069686
53 16  0.03724322984830598
54 16  0.02693994662208961
58 16 -0.05739874211310834
59 16   -0.050615476509091
60 16 -0.02262201035653091
61 16 -0.04933815267544654
62 16  0.01030357250024147
63 16 -0.07084091747571089
64 16  0.01940213655401902
65 16 0.0009862699960159023
66 16  0.02029267729925556
67 16  0.01461419552802675
68 16  0.03440524933180338
69 16 -0.01207287720306256
70 16 -0.01748763130753484
71 16 -0.0007955982028180655
72 16 -0.01165924062759075
16 17  0.02108859661634156
17 17    0.354768767336096
18 17 0.000310194200922603
25 17 -0.03003197301393402
26 17 -0.01448121684667884
27 17  0.01848677618395827
28 17 -0.02232464259423678
29 17  -0.1014347031508062
30 17  0.05089704216890164
40 17 0.003191367310721737
41 17 -0.003673389019570251
42 17 0.0001539084266383247
52 17    0.037485072195669
53 17  -0.0265000959188944
54 17 -0.02427637033565798
58 17 -0.04993125411185469
59 17  -0.1076015424774866
60 17 -0.03946985724239849
61 17  0.01030357250024147
62 17 -0.006333056190684597
63 17  0.01372567651182448
64 17 0.0009862699960159053
65 17  0.01780194194768155
66 17 -0.03812377166110444
67 17   0.0343124917286259
68 17 -0.004485498866515972
69 17  0.02082996591384667
70 17 -0.0007955982028180613
71 17 -0.01943353880567579
72 17  0.01198111466415554
16 18  0.01591575658959167
17 18 0.0003101942009225995
18 18   0.3797921778670632
25 18  0.04843745262543084
26 18  0.01926733921531578
27 18 -0.03098482310348054
28 18  0.01447460789489139
29 18  0.05691435368812955
30 18 -0.05135331621275806
40 18 0.005635341067759624
41 18 -2.378277654215867e-05
42 18 0.003155465493820354
52 18  0.02926803472362265
53 18  -0.0256333409401146
54 18 -0.004816785682054944
58 18 -0.02894950404570359
59 18 -0.04984486481997778
60 18 -0.04191294654543212
61 18 -0.07084091747571085
62 18  0.01372567651182448
63 18 -0.07843610257320195
64 18  0.02029267729925556
65 18 -0.03812377166110445
66 18 -0.04805884519173357
67 18 -0.01303605847036013
68 18  0.02204418999768436
69 18   0.0318863079839431
70 18 -0.01165924062759077
71 18  0.01198111466415553
72 18  -0.1562839366233405
19 19    1.000015948995157
37 19 7.97449757873986e-06
55 19 7.974497578739862e-06
73 19 7.97449757873986e-06
20 20    1.000015948995157
38 20 7.97449757873986e-06
56 20 7.974497578739862e-06
74 20 7.97449757873986e-06
21 21    1.000015948995157
39 21 7.97449757873986e-06
57 21 7.974497578739862e-06
75 21 7.97449757873986e-06
22 22   0.2123962904092267
23 22 0.001765186492896489
24 22 -0.02451211162304084
25 22 -0.07369728281145366
26 22 0.002679570726657676
27 22  0.01653137927174895
28 22  -0.1350830938408657
29 22 0.004187024590952739
30 22  0.01575523661122292
70 22    0.046495703044462
71 22  -0.0285248891622222
72 22 -0.01960175785849856
76 22  -0.0479308882855814
77 22  0.01821325287698648
78 22 -0.005553960121594936
22 23   0.0017651864928965
23 23   0.2194504195475167
24 23 -0.04242493416870971
25 23   0.0124678648235105
26 23  -0.1266078110892656
27 23  0.01796471684412651
28 23 -0.005772224036426625
29 23  -0.0903379656911838
30 23  0.02865298893453522
70 23 -0.02852488916222221
71 23  0.05044414262353072
72 23 -0.02643475619970862
76 23  0.01756356415628334
77 23 -0.04703120922210802
78 23 0.002185811050992217
22 24 -0.02451211162304084
23 24 -0.04242493416870971
24 24   0.2663486693079076
25 24  0.01896327174766891
26 24  0.01761140286314672
27 24   -0.110701051995408
28 24  0.01469128017294163
29 24  0.03040063148248858
30 24  -0.1177631085619628
70 24 -0.01960175785849856
71 24 -0.02643475619970863
72 24   0.0845796148491704
76 24 -0.0003553110330532724
77 24  0.00748476124630473
78 24 -0.09778327828469946
16 25 -0.07193234671121715
17 25 -0.03003197301393402
18 25  0.04843745262543084
22 25 -0.07369728281145366
23 25  0.01246786482351051
24 25  0.01896327174766891
25 25   0.2949081048062467
26 25 0.004058623657598402
27 25  0.01347652416158125
28 25 6.006014033015442e-06
29 25  0.04432680582954929
30 25 0.001189441683484219
52 25 -0.02243399893591008
53 25 -0.01069503443801383
54 25 -0.002340366868322517
64 25 -0.01906656101360699
65 25 -0.04062681900851027
66 25 -0.01166510312356208
70 25  -0.1208748813219883
71 25  0.01168213278024616
72 25 -0.05611233745024091
76 25   0.0149527305681412
77 25 0.001491801327411897
78 25 -0.02098688795397986
79 25 -0.005131031063339122
80 25  0.00131799071722639
81 25 0.0001825512576555431
16 26 -0.03001451298564405
17 26 -0.01448121684667883
18 26  0.01926733921531578
22 26 0.002679570726657678
23 26  -0.1266078110892656
24 26  0.01761140286314676
25 26 0.004058623657598402
26 26   0.3379152781698574
27 26 0.005510890381806573
28 26  0.04416750874570526
29 26 -0.001137355561787051
30 26 -0.02217739640285715
52 26 -0.0007847335615136387
53 26 -0.09093986874606401
54 26 -0.001431479862215502
64 26 -0.04062681900851028
65 26 -0.05327298665791252
66 26 -0.02477052582883531
70 26  0.01168213278024618
71 26 -0.01514947697350076
72 26  0.01283578538756638
76 26 -0.003536635969137578
77 26 -6.369080801731618e-06
78 26  0.02956873108590078
79 26 0.006360277907981601
80 26 -0.01294052557356119
81 26    -0.02460604322325
16 27  0.04353062916863994
17 27  0.01848677618395827
18 27 -0.03098482310348054
22 27  0.01653137927174895
23 27  0.01796471684412651
24 27   -0.110701051995408
25 27  0.01347652416158125
26 27  0.00551089038180658
27 27   0.3428280362993364
28 27 0.000438558117659223
29 27 -0.02128452955475391
30 27   0.0765197025975093
52 27 -0.0002472349326399399
53 27 -0.002231041768778422
54 27 -0.02376176745368227
64 27 -0.01166510312356207
65 27 -0.02477052582883531
66 27 0.003386070920778982
70 27 -0.05611233745024092
71 27  0.01283578538756637
72 27 -0.09688357681696899
76 27 -0.01317438795397986
77 27  0.02957133525256746
78 27  -0.0153825531021229
79 27   0.0105992179243222
80 27    -0.02460604322325
81 27  -0.0697775969970157
16 28 -0.01609096202460249
17 28 -0.02232464259423678
18 28  0.01447460789489139
22 28  -0.1350830938408657
23 28 -0.005772224036426625
24 28  0.01469128017294163
25 28 6.006014033015442e-06
26 28  0.04416750874570527
27 28 0.0004385581176592213
28 28   0.3603645778982443
29 28 -0.001937549552893408
30 28 0.001729579948048615
61 28 -0.02139785426530184
62 28 -0.04326369772059709
63 28 -0.02142289018943642
67 28  -0.1177091000516404
68 28 0.006570573583927361
69 28 0.008854630343534196
70 28 -0.02240110677937362
71 28 0.009487498556653286
72 28  0.01342245909974414
76 28  0.01115409035761159
77 28 -0.008413386156689927
78 28  0.02861312273807858
82 28 -0.04224219806414267
83 28  0.01085012734135481
84 28 -0.04236831301111252
16 29 -0.02113814906459581
17 29  -0.1014347031508062
18 29  0.05691435368812955
22 29 0.004187024590952739
23 29  -0.0903379656911838
24 29  0.03040063148248858
25 29  0.04432680582954929
26 29 -0.001137355561787051
27 29 -0.02128452955475391
28 29 -0.001937549552893408
29 29   0.3324778797705887
30 29 -0.0009594731652761042
61 29 -0.04326369772059709
62 29  0.01047037972683748
63 29 -0.007133273025029597
67 29 -0.004079263890587794
68 29 -0.04756969273980536
69 29 -0.00852308890144614
70 29 0.009487498556653273
71 29  -0.1121474490045574
72 29 -0.05973895806264422
76 29 -0.004359481941195145
77 29  0.02202975685285558
78 29 -0.01788161606123229
82 29 0.004075031719610018
83 29 -0.02333590691710878
84 29  0.01081557856013938
16 30  0.01255195297577892
17 30  0.05089704216890164
18 30 -0.05135331621275806
22 30  0.01575523661122292
23 30  0.02865298893453522
24 30  -0.1177631085619628
25 30 0.001189441683484218
26 30 -0.02217739640285715
27 30   0.0765197025975093
28 30 0.001729579948048615
29 30 -0.0009594731652761042
30 30   0.3767992478893739
61 30 -0.02142289018943642
62 30 -0.007133273025029599
63 30  0.04257664948458884
67 30 0.008044944660095144
68 30 -0.006442161789581255
69 30 -0.05611645084685538
70 30  0.01342245909974415
71 30 -0.05973895806264423
72 30  -0.1014006251210473
76 30  0.02859858619836504
77 30 -0.009935774589878123
78 30 -0.01225568726817516
82 30 -0.04238206626632082
83 30  0.02140932856013941
84 30 -0.09972289275721094
31 31                    1
32 32                    1
33 33                    1
34 34                    1
35 35                    1
36 36                    1
19 37 7.97449757873986e-06
37 37    1.000031735275681
55 37 1.58676378404307e-05
73 37 1.58676378404307e-05
85 37 7.893140261690843e-06
20 38 7.97449757873986e-06
38 38    1.000031735275681
56 38 1.58676378404307e-05
74 38 1.58676378404307e-05
86 38 7.893140261690843e-06
21 39 7.97449757873986e-06
39 39    1.000031735275681
57 39 1.58676378404307e-05
75 39 1.58676378404307e-05
87 39 7.893140261690843e-06
16 40 -0.09440897781203728
17 40 0.003191367310721736
18 40 0.005635341067759624
40 40   0.4320031329912123
41 40  0.05138406771879794
42 40 -0.04200387807824395
49 40  -0.1390834287232866
50 40 -0.03410805440572139
51 40  0.05968263331130071
58 40 -0.01243042641424887
59 40 -0.01497775172722932
60 40 -0.005603476844563881
61 40  -0.0424883741942359
62 40 0.007089812135638389
63 40  0.04220634162878496
67 40  -0.0327827251768909
68 40 -0.04165001535969908
69 40  0.02820077766533759
100 40 -0.04343691289289293
101 40  0.04685751435227987
102 40 -0.01777804568595952
103 40 -0.05536530315536958
104 40 -0.01474374186064987
105 40 -0.06597674167638801
16 41 0.002010151936043187
17 41 -0.003673389019570251
18 41 -2.378277654215867e-05
40 41  0.05138406771879794
41 41   0.4085997584204967
42 41 -0.01520653062009995
49 41 -0.03310878240729642
50 41 -0.07220253673974446
51 41  0.01871283893241365
58 41 -0.01269673100405119
59 41 -0.08612833241805862
60 41 -0.02946012475492401
61 41 0.007089812135638397
62 41 -0.03166021824960305
63 41 0.009875706073965819
67 41 -0.04210717760030609
68 41 -0.07087590525184131
69 41  0.03596275455229127
100 41   0.0465317083775405
101 41 -0.09366941747185788
102 41  0.03575336988388906
103 41 -0.01474374186064987
104 41 0.006078318092601206
105 41 -0.02737609221638442
16 42  0.01747041774129849
17 42 0.0001539084266383247
18 42 0.003155465493820352
40 42 -0.04200387807824395
41 42 -0.01520653062009995
42 42   0.4289582441839329
49 42  0.04825264207113541
50 42   0.0157587791500273
51 42 -0.06987858414469934
58 42 -0.006535331958650693
59 42 -0.03708816457407628
60 42 -0.01286957901234955
61 42  0.04220634162878498
62 42 0.009875706073965825
63 42  -0.2279409345276557
67 42  0.02973564811177085
68 42  0.03852516811939163
69 42 -0.01237533979395401
100 42 -0.01837555482148703
101 42  0.03660860752899805
102 42 -0.04142028770068271
103 42 -0.06597674167638803
104 42 -0.02737609221638444
105 42 -0.03026008723954049
43 43                    1
44 44                    1
45 45                    1
46 46    1.000039304039642
97 46 1.088178933883475e-05
106 46 2.118619945734804e-06
109 46 1.753339987527573e-05
112 46 8.770230482175784e-06
115 46 1.965201982101054e-05
47 47    1.000039304039642
98 47 1.088178933883475e-05
107 47 2.118619945734804e-06
110 47 1.753339987527573e-05
113 47 8.770230482175784e-06
116 47 1.965201982101054e-05
48 48    1.000039304039642
99 48 1.088178933883475e-05
108 48 2.118619945734804e-06
111 48 1.753339987527573e-05
114 48 8.770230482175784e-06
117 48 1.965201982101054e-05
40 49  -0.1390834287232866
41 49 -0.03310878240729642
42 49  0.04825264207113541
49 49    0.369954375090744
50 49  0.06051785683615088
51 49 0.006756692206963403
58 49  0.01897076537975032
59 49  0.01695134945786765
60 49 0.008913709018039633
91 49  -0.1231856530397303
92 49 -0.05687909179373264
93 49 -0.01437789825626829
100 49 -0.002845896952260963
101 49 -0.02549509014002144
102 49  0.01401638267067981
103 49 -0.03756148522740239
104 49 0.001045845049757357
105 49 -0.03758837193704303
118 49 -0.03993407264116359
119 49  0.03937016994258993
120 49 -0.02811861940490671
40 50 -0.03410805440572139
41 50 -0.07220253673974446
42 50   0.0157587791500273
49 50  0.06051785683615088
50 50   0.3383597732863687
51 50 -0.002211341639054742
58 50  0.01765697648179852
59 50 -0.005774422918300241
60 50 -0.02870260401000114
91 50 -0.05443822633869651
92 50  -0.0950683755942299
93 50 -0.01134528350894187
100 50 -0.02601613766152108
101 50 -0.05117333422575402
102 50   0.0343834880190358
103 50 0.001045845049757358
104 50 -0.03523510522094828
105 50 -0.01723490970418948
118 50  0.03915095938189524
119 50 -0.01023592151479617
120 50  0.02910957646852706
40 51  0.05968263331130071
41 51  0.01871283893241365
42 51 -0.06987858414469934
49 51 0.006756692206963403
50 51 -0.002211341639054745
51 51   0.3761925887806015
58 51  0.01098957198828971
59 51 -0.03575997490885105
60 51 0.001813691796556537
91 51 -0.02647716063449712
92 51 -0.02184599639422802
93 51 -0.03767266062796319
100 51  0.01456611333863828
101 51  0.03891215816811249
102 51 -0.02479744262020907
103 51 -0.03758837193704304
104 51 -0.01723490970418948
105 51  -0.2228953447480124
118 51 -0.03023812214961453
119 51  0.03033826087174072
120 51 -0.002503566024578303
16 52 -0.01346228029069686
17 52    0.037485072195669
18 52  0.02926803472362265
25 52 -0.02243399893591008
26 52 -0.0007847335615136404
27 52 -0.0002472349326399399
52 52     0.32637639473277
53 52 0.001254749824277954
54 52  0.09189754672271817
58 52 -0.01823612421274269
59 52 -0.02915091698462868
60 52 0.006211320829389448
64 52  -0.2061846888570445
65 52  0.02247705006185859
66 52 -0.09464771664875196
79 52  0.01948576541566941
80 52 0.002510427200877953
81 52 -0.002600735223637463
121 52  0.01319674858792411
122 52 -0.002518801629737934
123 52 -0.01040701718717366
124 52 -0.05440578039238843
125 52 -0.02444902638331508
126 52 -0.01090711200282429
16 53  0.03724322984830598
17 53  -0.0265000959188944
18 53  -0.0256333409401146
25 53 -0.01069503443801383
26 53 -0.09093986874606401
27 53 -0.002231041768778422
52 53 0.001254749824277954
53 53   0.4097944624942963
54 53  0.01831454121608526
58 53 -0.02930711606758359
59 53  0.02912886988275157
60 53 0.009414841279288698
64 53  0.02247705006185861
65 53  -0.1307184527352205
66 53  0.01904005904813503
79 53 -0.002525608972624652
80 53 0.003303278955591716
81 53  0.01520377147118612
121 53 0.002521410365704774
122 53 -0.002987584590609849
123 53 -0.01522035659415521
124 53  -0.0143777220620259
125 53  -0.1451297275834557
126 53 -0.04645184474820489
16 54  0.02693994662208961
17 54 -0.02427637033565798
18 54 -0.004816785682054979
25 54 -0.002340366868322515
26 54  -0.0014314798622155
27 54 -0.02376176745368227
52 54  0.09189754672271817
53 54  0.01831454121608526
54 54   0.4944664126296079
58 54 0.005360037661914917
59 54 0.008620150950805075
60 54  0.05639224570902847
64 54 -0.09464771664875192
65 54  0.01904005904813506
66 54  -0.2667773980950617
79 54  0.00260759810969587
80 54  0.01520533804019655
81 54 -0.004547519888344708
121 54 -0.002594720637694502
122 54  -0.0152208855655094
123 54 -0.02656910770989748
124 54 -0.008303047061418071
125 54 -0.04645444891487167
126 54  -0.0752447329133886
19 55 7.974497578739862e-06
37 55 1.58676378404307e-05
55 55    1.000031735275681
73 55 1.58676378404307e-05
85 55 7.893140261690844e-06
20 56 7.974497578739862e-06
38 56 1.58676378404307e-05
56 56    1.000031735275681
74 56 1.58676378404307e-05
86 56 7.893140261690844e-06
21 57 7.974497578739862e-06
39 57 1.58676378404307e-05
57 57    1.000031735275681
75 57 1.58676378404307e-05
87 57 7.893140261690844e-06
16 58 -0.05739874211310834
17 58 -0.04993125411185469
18 58 -0.02894950404570361
40 58 -0.01243042641424887
41 58 -0.01269673100405119
42 58 -0.006535331958650692
49 58  0.01897076537975032
50 58  0.01765697648179852
51 58  0.01098957198828971
52 58  -0.0182361242127427
53 58 -0.02930711606758359
54 58 0.005360037661914913
58 58   0.8686358410944628
59 58 -0.03407511154156651
60 58 -0.08690816317273824
61 58 -0.04872891709472522
62 58  -0.0017802667898838
63 58  0.01083008452974151
64 58  -0.1088676585197009
65 58 -0.01661697841778296
66 58  0.05823971240663489
70 58  0.01792060464601735
71 58 -0.03665291308998081
72 58   0.0159262403451436
88 58  -0.2068819195612143
89 58 -0.03317441439705342
90 58  0.05917254991475598
91 58 0.001001703603405892
92 58  0.01984158239379784
93 58  0.04258239289198582
103 58 -0.04452075601475562
104 58  0.08140274146960877
105 58 -0.03055342668162976
124 58  -0.0448903475860731
125 58  0.03781765787373281
126 58  0.02669558601732098
127 58  -0.1392903034706015
128 58  0.08657387923373136
129 58   0.0140777532055835
133 58 -0.05622303892811322
134 58 -0.02597888120823071
135 58  0.04751100872298859
136 58 -0.04250940707376658
137 58  0.04816592030938212
138 58  -0.0895593934261803
139 58  0.08180860287602315
140 58  0.02765455084346597
141 58   0.0120893428697067
142 58 -0.03429325845983162
143 58 -0.06101179045944803
144 58 -0.05724510751383703
145 58  -0.1558660661856724
146 58  0.04339482933080207
147 58  0.06724213374236877
148 58  0.06261620469182302
149 58 -0.06389274986201397
150 58 -0.02404956636509543
16 59   -0.050615476509091
17 59  -0.1076015424774866
18 59 -0.04984486481997778
40 59 -0.01497775172722932
41 59  -0.0861283324180586
42 59 -0.03708816457407629
49 59  0.01695134945786765
50 59 -0.005774422918300241
51 59 -0.03575997490885105
52 59 -0.02915091698462868
53 59  0.02912886988275157
54 59 0.008620150950805075
58 59 -0.03407511154156651
59 59   0.9925054890463375
60 59  -0.0368986433365047
61 59 -0.001780266789883812
62 59  -0.2077817943043683
63 59  0.07913774375198246
64 59 -0.01661697841778297
65 59  -0.0281534836314662
66 59  0.03286890751982725
70 59 -0.03665291308998081
71 59   -0.030906663713471
72 59  0.03323228436910361
88 59  -0.0326137280111642
89 59 -0.009133397113698127
90 59  0.02210623722671191
91 59  0.01917416497597921
92 59  0.03939075289356413
93 59 -0.02992986245464515
103 59   0.0814027414696088
104 59 -0.07799692674149146
105 59  0.02143133109649326
124 59   0.0378154869786251
125 59  0.00850238372148272
126 59  -0.0215327978222079
127 59  0.08726981065034967
128 59  -0.2903750685891156
129 59  0.01201130441380627
133 59  -0.0259788812082307
134 59 -0.04306696999532016
135 59  0.06207864193881955
136 59  0.04816592030938213
137 59 0.004449686338630176
138 59  0.06113461298519393
139 59  0.02765455084346594
140 59  0.01451696028866824
141 59 -0.07718674699686512
142 59 -0.06101179045944805
143 59 -0.04450077538236054
144 59 -0.07566656785655268
145 59  0.04339482933080206
146 59 -0.06856530156143992
147 59 -0.05853623036518515
148 59  -0.0622359802519887
149 59 -0.05735260409709898
150 59  0.04591449021593774
16 60 -0.02262201035653091
17 60 -0.03946985724239849
18 60 -0.04191294654543212
40 60 -0.005603476844563883
41 60 -0.02946012475492401
42 60 -0.01286957901234955
49 60 0.008913709018039633
50 60 -0.02870260401000114
51 60 0.001813691796556537
52 60 0.006211320829389449
53 60 0.009414841279288698
54 60  0.05639224570902847
58 60 -0.08690816317273825
59 60 -0.03689864333650471
60 60   0.8987877769135024
61 60  0.01083008452974152
62 60  0.07913774375198245
63 60 -0.07316865849440315
64 60  0.05823971240663488
65 60  0.03286890751982727
66 60  -0.1113071578452164
70 60   0.0159262403451436
71 60  0.03323228436910361
72 60   0.0103962193257994
88 60  0.04837050925185325
89 60  0.01896356647555088
90 60 -0.06130223683790188
91 60  0.03616451637123585
92 60 -0.02895138026224406
93 60  0.05065098673580039
103 60 -0.03055342668162975
104 60  0.02143133109649325
105 60 -0.004853130116353166
124 60   0.0267034476992774
125 60 -0.02154001444038167
126 60  0.05964394188790666
127 60  0.02206462822231436
128 60 0.001852220562856768
129 60  -0.1225270852680695
133 60   0.0475110087229886
134 60  0.06207864193881956
135 60  -0.2690601321618301
136 60 -0.08955939342618027
137 60  0.06113461298519395
138 60 -0.04245665730322343
139 60  0.01208934286970667
140 60 -0.07718674699686512
141 60 -0.01488040016461906
142 60 -0.05724510751383705
143 60 -0.07566656785655268
144 60  -0.0761836541749531
145 60  0.06724213374236877
146 60 -0.05853623036518513
147 60  -0.1187985131868603
148 60 -0.02643706009257691
149 60  0.04003868996192047
150 60  0.08040061486714756
16 61 -0.04933815267544654
17 61  0.01030357250024147
18 61 -0.07084091747571085
28 61 -0.02139785426530183
29 61 -0.04326369772059709
30 61 -0.02142289018943642
40 61  -0.0424883741942359
41 61 0.007089812135638396
42 61  0.04220634162878498
58 61 -0.04872891709472522
59 61 -0.001780266789883809
60 61  0.01083008452974152
61 61   0.9191535951413363
62 61  0.01333779384099893
63 61 -0.06621690831492832
67 61  -0.0466576818164728
68 61 -0.01246752299841648
69 61 -0.00774679667900665
70 61  -0.3565547268110191
71 61  0.03986214525421573
72 61  0.06490950123067869
82 61  0.05283894142782804
83 61 -0.005335134953317158
84 61  0.04656215290187283
100 61 -0.001049300911078525
101 61   0.0297944862237001
102 61  0.01814918767697934
103 61  -0.1509191092396781
104 61 -0.03571706766493636
105 61   0.0977847078793157
133 61 -0.04635344710031331
134 61  0.01362345651490035
135 61  0.01790978382427516
136 61 0.009678000634556157
137 61 -0.03552598625707392
138 61 -0.05173170783108708
151 61  -0.1062461321583235
152 61     0.06130436611905
153 61  -0.0580924498398107
154 61  0.05170963514393402
155 61   0.0171997183359975
156 61  0.03053848013404101
157 61  -0.1636464760810598
158 61 -0.05842567454051765
159 61 -0.05283856947570929
16 62  0.01030357250024147
17 62 -0.006333056190684597
18 62  0.01372567651182448
28 62 -0.04326369772059709
29 62  0.01047037972683748
30 62 -0.007133273025029597
40 62 0.007089812135638391
41 62 -0.03166021824960305
42 62 0.009875706073965818
58 62  -0.0017802667898838
59 62  -0.2077817943043683
60 62  0.07913774375198245
61 62  0.01333779384099893
62 62   0.9291264770289902
63 62 -0.03037765293852932
67 62 -0.01246752299841648
68 62  -0.1240931008718917
69 62 -0.07165446411413964
70 62  0.03986214525421575
71 62  -0.1286059969758427
72 62 -0.03783528695637079
82 62 -0.005335134953317154
83 62  0.03433128534273647
84 62  0.05929800605434966
100 62   0.0297944862237001
101 62 -0.04302200089254061
102 62 -0.04331287348503748
103 62 -0.03571706766493636
104 62 -0.02367341733605532
105 62  0.02067834616426921
133 62  0.01362345651490033
134 62   -0.109332689782264
135 62  -0.0363561663081652
136 62 -0.03552598625707392
137 62  0.05001818530829733
138 62 -0.04753215940010071
151 62  0.06130436611905001
152 62 -0.09686424715667066
153 62  0.07117103776016211
154 62   0.0171997183359975
155 62  0.04633886396834389
156 62  0.06180655537562764
157 62 -0.05842567454051767
158 62   -0.298918669615284
159 62 -0.04149119546480869
16 63 -0.07084091747571089
17 63  0.01372567651182448
18 63 -0.07843610257320195
28 63 -0.02142289018943642
29 63 -0.007133273025029597
30 63  0.04257664948458884
40 63  0.04220634162878496
41 63 0.009875706073965819
42 63  -0.2279409345276557
58 63  0.01083008452974151
59 63  0.07913774375198245
60 63 -0.07316865849440315
61 63 -0.06621690831492827
62 63 -0.03037765293852932
63 63    1.050305794639745
67 63 -0.007746796679006647
68 63 -0.07165446411413964
69 63 -0.08819421127967834
70 63  0.06490950123067868
71 63 -0.03783528695637078
72 63  -0.1758885499107717
82 63  0.04656215290187284
83 63  0.05929800605434966
84 63   0.1158981512657805
100 63  0.01814918767697934
101 63 -0.04331287348503746
102 63 -0.005152479047632659
103 63  0.09778470787931573
104 63  0.02067834616426921
105 63 -0.07795415082696341
133 63  0.01790978382427517
134 63  -0.0363561663081652
135 63  -0.2184622250669969
136 63 -0.05173170783108708
137 63  -0.0475321594001007
138 63   0.1082068619694815
151 63 -0.05809244983981072
152 63  0.07117103776016218
153 63   -0.102820321562542
154 63  0.03053848013404102
155 63  0.06180655537562767
156 63 -0.03244412071951099
157 63 -0.05283856947570927
158 63 -0.04149119546480869
159 63  -0.2365257033502394
16 64  0.01940213655401902
17 64 0.0009862699960159001
18 64  0.02029267729925556
25 64 -0.01906656101360699
26 64 -0.04062681900851029
27 64 -0.01166510312356207
52 64  -0.2061846888570445
53 64  0.02247705006185861
54 64 -0.09464771664875192
58 64  -0.1088676585197009
59 64 -0.01661697841778297
60 64  0.05823971240663488
64 64    1.085199921806146
65 64 -0.09563717161689085
66 64   0.1007861499988927
70 64   -0.220469648619093
71 64   0.1218327057741716
72 64 -0.01712648515908982
79 64 -0.09240255151720257
80 64 -0.05454917317818646
81 64  0.02819929986490935
121 64   -0.509188928925129
122 64  0.04433305575991892
123 64 -0.03617618075390303
124 64 -0.05654630010439521
125 64  0.03589745853557474
126 64 -0.04723027795917369
133 64 -0.06061081787307033
134 64 -0.01285304447578819
135 64 -0.05407323916094493
145 64 -0.06095077546581292
146 64 -0.02277236538424374
147 64 -0.06366042679322627
160 64  0.05880877333816163
161 64 0.003116124925262021
162 64  0.01157009249269568
163 64   0.1708770991967286
164 64  0.01441288702860076
165 64   0.1054914975362635
16 65 0.0009862699960159014
17 65  0.01780194194768155
18 65 -0.03812377166110445
25 65 -0.04062681900851027
26 65 -0.05327298665791252
27 65 -0.02477052582883531
52 65  0.02247705006185859
53 65  -0.1307184527352205
54 65  0.01904005904813506
58 65 -0.01661697841778296
59 65  -0.0281534836314662
60 65  0.03286890751982727
64 65 -0.09563717161689085
65 65    1.282956006805308
66 65  -0.1169029886727586
70 65   0.1218327057741715
71 65  -0.4395558204830197
72 65  0.08206331641197712
79 65 -0.05454917317818648
80 65 -0.09552853046901567
81 65  0.02623355422281738
121 65  0.04433305575991892
122 65  -0.6248745300483831
123 65 0.008734611070568957
124 65  0.03589745853557473
125 65 -0.03567043772706133
126 65   0.0617905447110287
133 65 -0.01285304447578819
134 65 -0.03959579143336159
135 65 -0.01021449773117831
145 65 -0.02277236538424376
146 65   -0.123710572816426
147 65 -0.02333272841173863
160 65 0.003116124925262032
161 65   0.1791297817716709
162 65 0.008662446423100656
163 65  0.01441288702860075
164 65  0.09119287547720598
165 65 -0.02604892710183991
16 66  0.02029267729925556
17 66 -0.03812377166110444
18 66 -0.04805884519173357
25 66 -0.01166510312356208
26 66 -0.02477052582883531
27 66 0.003386070920778982
52 66 -0.09464771664875196
53 66  0.01904005904813503
54 66  -0.2667773980950617
58 66  0.05823971240663489
59 66  0.03286890751982725
60 66  -0.1113071578452164
64 66   0.1007861499988927
65 66  -0.1169029886727586
66 66    1.279418675461241
70 66 -0.01712648515908982
71 66  0.08206331641197717
72 66  -0.1829642209560873
79 66  0.02819929986490935
80 66  0.02623355422281738
81 66 -0.05833561724776087
121 66 -0.03617618075390303
122 66 0.008734611070568976
123 66   -0.652072676048127
124 66 -0.04723027795917369
125 66   0.0617905447110287
126 66 -0.05565610655880716
133 66 -0.05407323916094493
134 66 -0.01021449773117831
135 66 -0.07699775403865429
145 66  -0.0636604267932262
146 66 -0.02333272841173863
147 66 -0.09732242773891785
160 66  0.01157009249269568
161 66  0.00866244642310067
162 66 0.007452870019365301
163 66   0.1054914975362635
164 66 -0.02604892710183991
165 66   0.2592345873189808
16 67  0.01461419552802675
17 67   0.0343124917286259
18 67 -0.01303605847036013
28 67  -0.1177091000516404
29 67 -0.004079263890587794
30 67  0.00804494466009514
40 67  -0.0327827251768909
41 67 -0.04210717760030609
42 67  0.02973564811177085
61 67 -0.04665768181647281
62 67 -0.01246752299841648
63 67 -0.007746796679006647
67 67   0.3111376626037456
68 67  0.03434005850196149
69 67  0.02288441077108826
82 67  0.01250128824955945
83 67 -0.003831666403354722
84 67  0.02113753239238471
100 67 -0.09010750711465824
101 67 -0.007277190265134324
102 67 -0.01977556725822242
157 67 -0.02147653694101774
158 67 0.003551761309981452
159 67 -0.02874166019388089
16 68  0.03440524933180338
17 68 -0.00448549886651597
18 68  0.02204418999768436
28 68 0.006570573583927361
29 68 -0.04756969273980536
30 68 -0.006442161789581255
40 68 -0.04165001535969908
41 68 -0.07087590525184131
42 68  0.03852516811939163
61 68 -0.01246752299841648
62 68  -0.1240931008718917
63 68 -0.07165446411413964
67 68  0.03434005850196149
68 68   0.2657599957005142
69 68  0.04012491408936387
82 68 0.0003379655546530795
83 68  0.01457138196175955
84 68 -0.01019907345712303
100 68 -0.01779992799688558
101 68  -0.0140130177339614
102 68 -0.007559211072343871
157 68 -0.002855577150304994
158 68 -0.002168194804764573
159 68 -0.002681355204658139
16 69 -0.01207287720306256
17 69  0.02082996591384668
18 69   0.0318863079839431
28 69 0.008854630343534193
29 69 -0.008523088901446142
30 69 -0.05611645084685538
40 69  0.02820077766533759
41 69  0.03596275455229127
42 69 -0.01237533979395401
61 69 -0.00774679667900665
62 69 -0.07165446411413964
63 69 -0.08819421127967834
67 69  0.02288441077108826
68 69  0.04012491408936388
69 69   0.2961847704072891
82 69  0.02113065576478055
83 69 -0.004903744681081399
84 69 -0.008493584616728318
100 69 -0.02012817719740388
101 69 -0.004995497812704827
102 69 -0.02168689169473802
157 69 -0.02874087690937567
158 69 0.005136353128675215
159 69  -0.0481133875997036
16 70 -0.01748763130753484
17 70 -0.0007955982028180613
18 70 -0.01165924062759077
22 70    0.046495703044462
23 70 -0.02852488916222221
24 70 -0.01960175785849855
25 70  -0.1208748813219883
26 70  0.01168213278024618
27 70 -0.05611233745024092
28 70 -0.02240110677937362
29 70 0.009487498556653274
30 70  0.01342245909974415
58 70  0.01792060464601736
59 70 -0.03665291308998081
60 70   0.0159262403451436
61 70  -0.3565547268110191
62 70  0.03986214525421575
63 70  0.06490950123067868
64 70   -0.220469648619093
65 70   0.1218327057741715
66 70 -0.01712648515908982
70 70    1.008607000828981
71 70  -0.1292541638544447
72 70  0.04066128984996174
76 70 -0.06644447008749772
77 70 -0.05031805920043468
78 70 -7.476559142672437e-06
79 70   -0.169720639172012
80 70  0.02799883523950483
81 70 -0.01452228005395665
82 70  -0.1026348504741466
83 70 0.004341210214466278
84 70 -0.03585471658911434
133 70 -0.08662051249960474
134 70 -0.05339537470268425
135 70 -0.05105659254460512
154 70 -0.05087036424703725
155 70  0.03321000333466609
156 70 -0.06234125937548635
157 70  0.08142980322859135
158 70  0.04504862650582723
159 70  0.04071633654653706
160 70  0.02473998871198218
161 70  0.02404667378819675
162 70  0.03915414174949609
166 70  0.03488573085927311
167 70 -0.01856883323536323
168 70  0.05349217739616392
16 71 -0.0007955982028180655
17 71 -0.01943353880567579
18 71  0.01198111466415553
22 71  -0.0285248891622222
23 71  0.05044414262353072
24 71 -0.02643475619970863
25 71  0.01168213278024616
26 71 -0.01514947697350076
27 71  0.01283578538756637
28 71 0.009487498556653286
29 71  -0.1121474490045574
30 71 -0.05973895806264423
58 71 -0.03665291308998081
59 71   -0.030906663713471
60 71  0.03323228436910361
61 71  0.03986214525421573
62 71  -0.1286059969758427
63 71 -0.03783528695637078
64 71   0.1218327057741716
65 71  -0.4395558204830197
66 71  0.08206331641197717
70 71  -0.1292541638544447
71 71    1.022617339102302
72 71  0.01060948539625647
76 71 -0.05031805920043468
77 71 -0.06856260679867593
78 71 -1.039025523286163e-05
79 71  0.02799883523950484
80 71 -0.01296893921325491
81 71 -0.01348066718314403
82 71 0.004341210214466266
83 71  -0.2429501956364148
84 71 -0.04566411489282931
133 71 -0.05339537470268425
134 71  -0.1008876803533606
135 71 -0.05182584063263468
154 71  0.03321000333466607
155 71 -0.007663645209223486
156 71   0.0536541782628989
157 71  0.04504862650582721
158 71  0.07413317387105968
159 71  0.03203206507425715
160 71  0.02404667378819675
161 71  0.01112365808198758
162 71 -0.05441796299911526
166 71 -0.01856883323536322
167 71  0.02051369948811674
168 71  0.05299974761546455
16 72 -0.01165924062759076
17 72  0.01198111466415553
18 72  -0.1562839366233405
22 72 -0.01960175785849856
23 72 -0.02643475619970862
24 72   0.0845796148491704
25 72 -0.05611233745024093
26 72  0.01283578538756638
27 72 -0.09688357681696899
28 72  0.01342245909974414
29 72 -0.05973895806264422
30 72  -0.1014006251210473
58 72   0.0159262403451436
59 72   0.0332322843691036
60 72   0.0103962193257994
61 72  0.06490950123067869
62 72 -0.03783528695637079
63 72  -0.1758885499107717
64 72 -0.01712648515908982
65 72  0.08206331641197713
66 72  -0.1829642209560873
70 72  0.04066128984996174
71 72  0.01060948539625645
72 72   0.9274442386708666
76 72 -7.476559142671289e-06
77 72 -1.039025523286163e-05
78 72 -0.03000157483319435
79 72 -0.01452228005395665
80 72 -0.01348066718314402
81 72 -0.03208122970658694
82 72 -0.03585471658911432
83 72 -0.04566411489282926
84 72  -0.1511959311212294
133 72 -0.05105659254460512
134 72 -0.05182584063263469
135 72 -0.06768217972557793
154 72 -0.06234125937548634
155 72   0.0536541782628989
156 72  -0.1128714588756259
157 72  0.04071633654653706
158 72  0.03203206507425717
159 72   0.1376219068498576
160 72  0.03915414174949609
161 72 -0.05441796299911529
162 72 -0.07994576327529708
166 72   0.0534921773961639
167 72  0.05299974761546455
168 72  0.02715706727003362
19 73 7.97449757873986e-06
37 73 1.58676378404307e-05
55 73 1.58676378404307e-05
73 73    1.000047658133515
85 73 1.585456917874557e-05
169 73 7.961428917054728e-06
172 73 7.961428917054731e-06
20 74 7.97449757873986e-06
38 74 1.58676378404307e-05
56 74 1.58676378404307e-05
74 74    1.000047658133515
86 74 1.585456917874557e-05
170 74 7.961428917054728e-06
173 74 7.961428917054731e-06
21 75 7.97449757873986e-06
39 75 1.58676378404307e-05
57 75 1.58676378404307e-05
75 75    1.000047658133515
87 75 1.585456917874557e-05
171 75 7.961428917054728e-06
174 75 7.961428917054731e-06
22 76  -0.0479308882855814
23 76  0.01756356415628334
24 76 -0.0003553110330532724
25 76   0.0149527305681412
26 76 -0.003536635969137576
27 76 -0.01317438795397986
28 76  0.01115409035761159
29 76 -0.004359481941195145
30 76  0.02859858619836504
70 76 -0.06644447008749772
71 76 -0.05031805920043468
72 76 -7.476559142671289e-06
76 76   0.1844642455954697
77 76  0.03708958214031646
78 76  0.04254326604555528
79 76   0.0148644968191573
80 76 0.001555672310893549
81 76 0.008788826325247169
82 76 -0.05023996155588008
83 76  0.01349899166815774
84 76 -0.01907369561444398
166 76  -0.0608202434114206
167 76 -0.01149363316488367
168 76  -0.0473198074085477
22 77  0.01821325287698648
23 77 -0.04703120922210802
24 77 0.007484761246304743
25 77 0.001491801327411896
26 77 -6.369080801731618e-06
27 77  0.02957133525256746
28 77 -0.008413386156689923
29 77  0.02202975685285558
30 77 -0.009935774589878123
70 77 -0.05031805920043468
71 77 -0.06856260679867592
72 77 -1.039025523286163e-05
76 77  0.03708958214031645
77 77   0.1774761624983841
78 77  0.02244892137711203
79 77  0.01163837494761229
80 77 -0.04196989659854602
81 77  -0.0197116087610577
82 77 0.002766600310735862
83 77 0.009991533607819843
84 77 0.006623250962480149
166 77 -0.01246816624593837
167 77 -0.05192737125892783
168 77 -0.03647049523229569
22 78 -0.005553960121594936
23 78 0.002185811050992213
24 78 -0.09778327828469946
25 78 -0.02098688795397986
26 78  0.02956873108590078
27 78  -0.0153825531021229
28 78  0.02861312273807858
29 78 -0.01788161606123229
30 78 -0.01225568726817516
70 78 -7.476559142668968e-06
71 78 -1.039025523286163e-05
72 78 -0.03000157483319435
76 78  0.04254326604555528
77 78  0.02244892137711203
78 78   0.2849302346405681
79 78   0.0139971596585805
80 78 -0.01971264635871394
81 78 0.006445873687376596
82 78 -0.01908337985923564
83 78  0.01192323875544891
84 78 0.004142486030519146
166 78 -0.03952184394826126
167 78 -0.02852204959427485
168 78   -0.140095500870272
25 79 -0.005131031063339122
26 79 0.006360277907981602
27 79   0.0105992179243222
52 79  0.01948576541566942
53 79 -0.002525608972624652
54 79  0.00260759810969587
64 79 -0.09240255151720257
65 79 -0.05454917317818649
66 79  0.02819929986490935
70 79   -0.169720639172012
71 79  0.02799883523950484
72 79 -0.01452228005395665
76 79   0.0148644968191573
77 79  0.01163837494761229
78 79   0.0139971596585805
79 79    0.351195666608319
80 79  0.02670939121012343
81 79  0.04787674196766524
121 79 -0.008415319171202286
122 79 -0.005012384805110169
123 79 3.354692653686261e-06
160 79 -0.09125335013244401
161 79 -0.03728764247708515
162 79 -0.05995677217778578
166 79 -0.01862303778694573
167 79  0.02666793012778428
168 79 -0.02880431998608439
25 80  0.00131799071722639
26 80 -0.01294052557356119
27 80    -0.02460604322325
52 80 0.002510427200877953
53 80 0.003303278955591716
54 80  0.01520533804019655
64 80 -0.05454917317818646
65 80 -0.09552853046901567
66 80  0.02623355422281738
70 80  0.02799883523950485
71 80 -0.01296893921325491
72 80 -0.01348066718314402
76 80 0.001555672310893548
77 80 -0.04196989659854602
78 80 -0.01971264635871394
79 80  0.02670939121012341
80 80   0.3012781211208628
81 80  0.01891853957412926
121 80 0.005055114991439311
122 80 -0.07796097080291711
123 80 1.573218108605334e-06
160 80   -0.032240976013869
161 80 -0.05362535344786752
162 80 -0.03213199518554998
166 80  0.02164271752199003
167 80 -0.009587183971292108
168 80  0.02957234689540615
25 81 0.000182551257655544
26 81    -0.02460604322325
27 81  -0.0697775969970157
52 81 -0.002600735223637463
53 81  0.01520377147118612
54 81 -0.004547519888344708
64 81  0.02819929986490935
65 81  0.02623355422281737
66 81 -0.05833561724776087
70 81 -0.01452228005395665
71 81 -0.01348066718314403
72 81 -0.03208122970658694
76 81 0.008788826325247169
77 81  -0.0197116087610577
78 81 0.006445873687376596
79 81  0.04787674196766524
80 81  0.01891853957412926
81 81   0.2957128839609422
121 81 3.354692653684092e-06
122 81 -1.559919912201037e-06
123 81 -0.01919472983183092
160 81 -0.04954010551111912
161 81 -0.03213146621419579
162 81  -0.0932458871074002
166 81 -0.01838765331941771
167 81  0.02957548003342696
168 81 -0.02497617686937946
28 82 -0.04224219806414269
29 82 0.004075031719610018
30 82 -0.04238206626632082
61 82  0.05283894142782804
62 82 -0.005335134953317154
63 82  0.04656215290187284
67 82  0.01250128824955945
68 82 0.0003379655546530795
69 82  0.02113065576478055
70 82  -0.1026348504741466
71 82 0.004341210214466268
72 82 -0.03585471658911432
76 82 -0.05023996155588008
77 82 0.002766600310735862
78 82 -0.01908337985923565
82 82   0.4571734838538966
83 82  0.05085360593304773
84 82   0.1134741510043445
154 82  -0.0467682362228463
155 82 -0.02466601920075362
156 82 -0.03644797827120261
157 82  -0.2838698742021779
