%%MatrixMarket matrix coordinate real general
2604 2604 84232
1 1                    1
2 2                    1
3 3                    1
4 4   0.3204164139687116
5 4 -0.004148132316506689
6 4 -0.05676708629994053
7 4  -0.1041589716064296
8 4  0.06542836979414171
9 4  0.02694227388101165
10 4 -0.01978050918871151
11 4 -0.01951267296881977
12 4 8.647843997407892e-07
16 4  -0.1415120002481756
17 4 -0.04555588141178368
18 4    0.016452048159407
22 4 -0.01143049209879541
23 4 -0.006737392638017613
24 4 0.008673134369439617
25 4 -0.01684839846251471
26 4 -0.002126429352210833
27 4 -0.01023052416846684
28 4 0.004397508603595982
29 4   0.0200423593551232
30 4 -0.04091988029974234
31 4  0.01108400402604276
32 4 -0.0009501282360655125
33 4 -0.003645326639078864
4 5 -0.004148132316506689
5 5   0.3340765285477625
6 5  0.05116592355987823
7 5  0.06513482702272638
8 5  -0.1332577146803934
9 5 -0.03703377432092305
10 5 -0.02931449336655241
11 5 -0.06963417764118393
12 5 -0.0004690457817352681
16 5 -0.04514542339322401
17 5 -0.03453348702029202
18 5 -0.00225274492985798
22 5  -0.0117690597115853
23 5 -0.04004099099606299
24 5   0.0264712354539052
25 5 0.002911488738609669
26 5 -0.03524607811360535
27 5  -0.0429833876223848
28 5   0.0200423593551232
29 5  0.04626949772339073
30 5   0.0210889775860504
31 5 0.008609829916269232
32 5 -0.04199882107397343
33 5 -0.01872940460321681
4 6 -0.05676708629994053
5 6  0.05116592355987823
6 6   0.3225358737529384
7 6   0.0269422738810118
8 6 -0.03703371386605307
9 6 -0.07122497688572017
10 6 5.826616717227875e-07
11 6 -0.0003126909429064977
12 6 -0.01986993004692789
16 6   0.0127003270732668
17 6 -0.002252870504319755
18 6 -0.03769511384073621
22 6  0.01388146770277305
23 6  0.02647331064921752
24 6 -0.02816691747737687
25 6 0.0001861424981999846
26 6 -0.04298391659373931
27 6  -0.1029472787025658
28 6 -0.04091988029974233
29 6   0.0210889775860504
30 6  0.01885568793660251
31 6 0.001247164597624138
32 6 -0.01922462007319226
33 6 0.005904481494550428
4 7  -0.1041589716064296
5 7   0.0651348270227264
6 7   0.0269422738810118
7 7   0.3118573430501265
8 7 -0.02330064453759505
9 7  0.01668006365866949
10 7 -0.06733275827508686
11 7 -0.02935808599651817
12 7 -0.0004650941310520964
16 7 -0.008780648405013552
17 7 -0.02685350146478334
18 7 -0.01073511219025155
22 7  0.01181894927197784
23 7  0.01037318096714058
24 7  0.01217843894715817
28 7 -0.05473649240526046
29 7 -0.006630229165123982
30 7 -0.01771952590082498
34 7 -0.05728595909662619
35 7 0.007779615215880641
36 7 -0.01762523054561897
4 8  0.06542836979414171
5 8  -0.1332577146803934
6 8 -0.03703371386605307
7 8 -0.02330064453759505
8 8   0.3596827011015106
9 8 -0.005399389342834113
10 8 -0.01957519241838865
11 8 -0.01925027779783409
12 8 -4.120515893387546e-06
16 8 -0.02664045655546444
17 8  -0.1229662605613822
18 8 0.007851519444787475
22 8  0.01475515932000507
23 8   0.0343728784271828
24 8 -0.002651905690919135
28 8 -0.01361767118172577
29 8 -0.06084555409088527
30 8 -0.02597518026909374
34 8 -0.003003855704538089
35 8 0.008269228861182455
36 8 -0.006946914275234577
4 9  0.02694227388101165
5 9 -0.03703377432092305
6 9 -0.07122497688572017
7 9  0.01668006365866949
8 9 -0.005399389342834113
9 9   0.3283765521274269
10 9 -0.0003133642605928832
11 9 -6.105621595384353e-06
12 9   -0.019240868143159
16 9  -0.0107321640000238
17 9 0.004359752579426005
18 9 -0.02190369205135204
22 9  0.01216875470236655
23 9 0.002644969309080914
24 9 0.001903735446393924
28 9 -0.01773047153884575
29 9 -0.01538297649305169
30 9  -0.1235355043143031
34 9 -0.01824418165399034
35 9 -0.00208432665079661
36 9 0.002509541816565603
4 10 -0.01978050918871151
5 10 -0.02931449336655241
6 10 5.826616717227875e-07
7 10 -0.06733275827508686
8 10 -0.01957519241838865
9 10 -0.0003133642605928832
10 10  0.09284799352454855
11 10  0.04893057866462903
12 10 0.002413543455341666
22 10 -0.005146819264036769
23 10 -0.0006671944792147175
24 10 -0.008646206362425074
4 11 -0.01951267296881977
5 11 -0.06963417764118393
6 11 -0.0003126909429064977
7 11 -0.02935808599651817
8 11 -0.01925027779783409
9 11 -6.105621595384353e-06
10 11  0.04893057866462903
11 11  0.09432249161634965
12 11 0.0007987148981121617
22 11 -0.0009920388395662895
23 11 -0.00344892903867978
24 11 -0.007957085337074957
4 12 8.647843997407892e-07
5 12 -0.0004690457817352681
6 12 -0.01986993004692789
7 12 -0.0004650941310520964
8 12 -4.120515893387546e-06
9 12   -0.019240868143159
10 12 0.002413543455341666
11 12 0.0007987148981121635
12 12  0.05784175034197112
22 12 -0.006046881818154418
23 12 -0.005307610239419104
24 12 -0.01028117458530604
13 13                    1
14 14                    1
15 15                    1
4 16  -0.1415120002481756
5 16 -0.04514542339322399
6 16   0.0127003270732668
7 16 -0.008780648405013549
8 16 -0.02664045655546444
9 16  -0.0107321640000238
16 16   0.7758729184998414
17 16  0.04265115920618108
18 16 0.0008185400387411036
25 16 -0.08323375815605079
26 16 -0.03175221465210579
27 16   0.0591202647561401
28 16 -0.02281066958055594
29 16 -0.02265559195689866
30 16  0.01791941699530208
31 16  -0.1486785875028202
32 16 -0.001236563810368554
33 16 -0.001936285748442037
34 16 -0.08609627277045684
35 16  0.04311377379081486
36 16 0.004611099981705626
40 16  -0.1935693251227258
41 16 0.007745523109345421
42 16 0.005264223799878603
52 16 -0.01517867897295648
53 16  0.03996691815633754
54 16  0.03495717598243958
55 16  0.02422911869092445
56 16  0.05536661668495309
57 16 -0.003788822296538094
58 16 -0.09274908646386648
59 16 -0.08654204515184152
60 16 -0.03411340840126817
61 16 -0.04933815267545207
62 16  0.01030357250024244
63 16 -0.07084091747571258
64 16    0.019402136554021
65 16 0.0009862699960158381
66 16  0.02029267729925589
67 16  0.01567896606355684
68 16  0.03754753275474755
69 16 -0.01496433892431937
70 16 -0.01748763130753287
71 16 -0.0007955982028185139
72 16 -0.01165924062759238
4 17 -0.04555588141178368
5 17 -0.03453348702029202
6 17 -0.002252870504319757
7 17 -0.02685350146478334
8 17  -0.1229662605613822
9 17 0.004359752579426005
16 17  0.04265115920618108
17 17   0.7408867045640803
18 17   -0.029272242463914
25 17 -0.03175221465210578
26 17  -0.0159919180117258
27 17  0.01995735517168307
28 17 -0.02265559195689867
29 17  -0.1229302391532025
30 17  0.07115056950635748
31 17 -0.0008280333222383575
32 17 -0.04249312514253736
33 17 -2.541186621206141e-07
34 17  0.04342271082002569
35 17  -0.1040369257895227
36 17 -0.01871604080953509
40 17 0.007290671851539647
41 17 -0.01169351173817845
42 17 0.004521265966596813
52 17  0.03996691815633754
53 17 -0.02705773930798005
54 17  -0.0279918611389446
55 17  0.05576240781091843
56 17 -0.09684479898455578
57 17  0.02604844459962516
58 17 -0.08636212335987661
59 17  -0.1766255979089501
60 17 -0.06020914229584834
61 17  0.01030357250024245
62 17 -0.006333056190688056
63 17  0.01372567651182396
64 17 0.0009862699960158472
65 17  0.01780194194768272
66 17 -0.03812377166110407
67 17  0.03754753275474755
68 17 -0.004882091683235083
69 17  0.02447264287779058
70 17 -0.000795598202818511
71 17 -0.01943353880567484
72 17  0.01198111466415541
4 18    0.016452048159407
5 18 -0.00225274492985798
6 18 -0.03769511384073621
7 18 -0.01073511219025156
8 18 0.007851519444787475
9 18 -0.02190369205135204
16 18 0.0008185400387411002
17 18 -0.02927224246391401
18 18   0.6347838398731924
25 18  0.05912026475614009
26 18  0.01995735517168307
27 18 -0.03573882742559897
28 18  0.01791941699530208
29 18  0.07115056950635747
30 18 -0.06399414581406289
31 18 -0.001301804256746374
32 18 -3.796931239783132e-07
33 18 -0.04248406352885225
34 18 0.001139533930409801
35 18  -0.0176820001989598
36 18 -0.05476804567998318
40 18 0.003961404104318219
41 18  0.00451492440678567
42 18 -0.005322482501180756
52 18  0.03495717598243958
53 18  -0.0279918611389446
54 18 -0.009380634937803251
55 18 -0.003669981564721156
56 18  0.02198600834688099
57 18  0.01712517339548461
58 18 -0.03434565516361972
59 18 -0.06073091544056351
60 18  -0.0549026213850712
61 18 -0.07084091747571257
62 18  0.01372567651182396
63 18 -0.07843610257321021
64 18   0.0202926772992559
65 18 -0.03812377166110407
66 18 -0.04805884519173043
67 18 -0.01496433892431936
68 18  0.02447264287779059
69 18  0.03203139446439392
70 18 -0.01165924062759237
71 18  0.01198111466415542
72 18  -0.1562839366233419
19 19                    1
20 20                    1
21 21                    1
4 22 -0.01143049209879541
5 22  -0.0117690597115853
6 22  0.01388146770277305
7 22  0.01181894927197784
8 22  0.01475515932000507
9 22  0.01216875470236655
10 22 -0.005146819264036769
11 22 -0.0009920388395662895
12 22 -0.006046881818154418
22 22   0.2249011141448325
23 22 0.007330679806031491
24 22 -0.02671816703841865
25 22  -0.0743320808218319
26 22 0.001700274831881007
27 22  0.01606922784900392
28 22   -0.144375485991023
29 22 -0.0007133791215310561
30 22  0.01580131658252297
70 22  0.04649570304446363
71 22 -0.02852488916222364
72 22 -0.01960175785849876
76 22 -0.04793088828558685
77 22  0.01821325287698871
78 22 -0.005553960121594623
4 23 -0.006737392638017613
5 23 -0.04004099099606299
6 23  0.02647331064921752
7 23  0.01037318096714058
8 23   0.0343728784271828
9 23 0.002644969309080914
10 23 -0.0006671944792147175
11 23 -0.00344892903867978
12 23 -0.005307610239419104
22 23 0.007330679806031488
23 23    0.232829327541372
24 23 -0.04555266790683281
25 23  0.01177974769158142
26 23  -0.1288472742398861
27 23  0.01778915808415103
28 23 -0.01111769634158303
29 23 -0.09827794509534578
30 23  0.02820178525251606
70 23 -0.02852488916222365
71 23  0.05044414262353428
72 23 -0.02643475619970505
76 23  0.01756356415628555
77 23 -0.04703120922211446
78 23 0.002185811050991464
4 24 0.008673134369439617
5 24   0.0264712354539052
6 24 -0.02816691747737687
7 24  0.01217843894715817
8 24 -0.002651905690919135
9 24 0.001903735446393923
10 24 -0.008646206362425074
11 24 -0.007957085337074968
12 24 -0.01028117458530604
22 24 -0.02671816703841865
23 24 -0.04555266790683281
24 24   0.2806982887718245
25 24  0.01867339451567043
26 24  0.01778759151514058
27 24  -0.1107843792180754
28 24  0.01579647446012711
29 24  0.03085282691918236
30 24  -0.1201658895019267
70 24 -0.01960175785849875
71 24 -0.02643475619970504
72 24  0.08457961484917285
76 24 -0.0003553110330528526
77 24 0.007484761246303834
78 24 -0.09778327828470632
4 25 -0.01684839846251471
5 25 0.002911488738609669
6 25 0.000186142498199985
16 25 -0.08323375815605079
17 25 -0.03175221465210578
18 25  0.05912026475614009
22 25  -0.0743320808218319
23 25  0.01177974769158142
24 25  0.01867339451567043
25 25   0.3158678003760733
26 25  0.00535595604277672
27 25 0.005880652907978967
28 25 -0.001373328418582372
29 25  0.04657327370258452
30 25 0.001693772400170442
31 25  0.01552907471649424
32 25 0.004117970481021445
33 25 0.006901358339093287
52 25 -0.02548956640279332
53 25 -0.01285132782084189
54 25 -0.003873808147125126
64 25 -0.01906656101360834
65 25 -0.04062681900851037
66 25 -0.01166510312356289
70 25  -0.1208748813219913
71 25  0.01168213278024753
72 25 -0.05611233745023986
76 25  0.01495273056814436
77 25 0.001491801327410106
78 25 -0.02098688795398096
79 25 -0.005131031063339051
80 25 0.001317990717226661
81 25 0.0001825512576556555
4 26 -0.002126429352210833
5 26 -0.03524607811360535
6 26 -0.04298391659373931
16 26 -0.03175221465210579
17 26  -0.0159919180117258
18 26  0.01995735517168307
22 26  0.00170027483188101
23 26  -0.1288472742398861
24 26  0.01778759151514058
25 26  0.00535595604277672
26 26    0.361784322917665
27 26 0.008683050631606454
28 26  0.04657327370258452
29 26 -0.003493763685555581
30 26 -0.02296661695116509
31 26 0.009155156149966797
32 26 -7.648136742444307e-05
33 26   0.0303161231717593
52 26 -0.002784972433472022
53 26 -0.09675944921369228
54 26 -0.003821534366668164
64 26 -0.04062681900851039
65 26 -0.05327298665791371
66 26 -0.02477052582883454
70 26  0.01168213278024753
71 26 -0.01514947697350329
72 26  0.01283578538756415
76 26 -0.003536635969139268
77 26 -6.369080798100842e-06
78 26  0.02956873108590231
79 26 0.006360277907981717
80 26 -0.01294052557356032
81 26 -0.02460604322324878
4 27 -0.01023052416846684
5 27  -0.0429833876223848
6 27  -0.1029472787025658
16 27   0.0591202647561401
17 27  0.01995735517168307
18 27 -0.03573882742559897
22 27  0.01606922784900392
23 27  0.01778915808415103
24 27  -0.1107843792180754
25 27 0.005880652907978967
26 27 0.008683050631606447
27 27   0.3917070388994833
28 27 0.001693772400170432
29 27 -0.02296661695116509
30 27  0.07788281067734501
31 27 -0.0009111416609068525
32 27  0.03031455660274892
33 27 -0.01572671364182813
52 27 -0.001269641480458346
53 27 -0.00382466750468889
54 27 -0.02573499459343477
64 27 -0.01166510312356289
65 27 -0.02477052582883454
66 27 0.003386070920777218
70 27 -0.05611233745023989
71 27  0.01283578538756416
72 27 -0.09688357681696916
76 27 -0.01317438795398091
77 27  0.02957133525256856
78 27 -0.01538255310211835
79 27  0.01059921792432232
80 27 -0.02460604322324885
81 27 -0.06977759699701508
4 28 0.004397508603595982
5 28  0.02004235935512319
6 28 -0.04091988029974233
7 28 -0.05473649240526046
8 28 -0.01361767118172577
9 28 -0.01773047153884575
16 28 -0.02281066958055594
17 28 -0.02265559195689866
18 28  0.01791941699530208
22 28   -0.144375485991023
23 28 -0.01111769634158306
24 28  0.01579647446012711
25 28 -0.001373328418582372
26 28  0.04657327370258452
27 28 0.001693772400170432
28 28   0.4018298392505495
29 28 0.002172589601762264
30 28 0.009354216830135981
34 28  0.01686346579918288
35 28 0.005577004730884518
36 28    0.029225013783489
61 28 -0.02139785426530216
62 28 -0.04326369772059746
63 28 -0.02142289018943483
67 28  -0.1249077685067013
68 28 0.004365190069133894
69 28 0.006417078732091363
70 28  -0.0224011067793708
71 28 0.009487498556651803
72 28  0.01342245909974231
76 28  0.01115409035761162
77 28 -0.008413386156690685
78 28  0.02861312273807827
82 28 -0.04224219806414392
83 28  0.01085012734135543
84 28 -0.04236831301111363
4 29   0.0200423593551232
5 29  0.04626949772339073
6 29   0.0210889775860504
7 29 -0.006630229165123981
8 29 -0.06084555409088527
9 29 -0.01538297649305169
16 29 -0.02265559195689866
17 29  -0.1229302391532025
18 29  0.07115056950635747
22 29 -0.0007133791215310527
23 29 -0.09827794509534578
24 29  0.03085282691918236
25 29  0.04657327370258452
26 29 -0.003493763685555581
27 29 -0.02296661695116508
28 29 0.002172589601762268
29 29   0.3744568460647516
30 29 -0.01292582597100529
34 29 0.001947783132577415
35 29  0.01870215435271422
36 29   0.0123400417071142
61 29 -0.04326369772059747
62 29  0.01047037972683653
63 29 -0.007133273025030536
67 29 -0.006676156162962453
68 29 -0.05089777677389688
69 29 -0.01021872771471342
70 29 0.009487498556651793
71 29  -0.1121474490045537
72 29 -0.05973895806264595
76 29 -0.004359481941196132
77 29  0.02202975685285555
78 29 -0.01788161606123237
82 29 0.004075031719610553
83 29  -0.0233359069171088
84 29  0.01081557856013992
4 30 -0.04091988029974234
5 30   0.0210889775860504
6 30  0.01885568793660251
7 30 -0.01771952590082498
8 30 -0.02597518026909374
9 30  -0.1235355043143031
16 30  0.01791941699530208
17 30  0.07115056950635748
18 30 -0.06399414581406289
22 30  0.01580131658252297
23 30  0.02820178525251606
24 30  -0.1201658895019267
25 30 0.001693772400170442
26 30 -0.02296661695116509
27 30  0.07788281067734501
28 30 0.009354216830135997
29 30  -0.0129258259710053
30 30   0.4524151172600105
34 30  0.02923392491630128
35 30 0.004397333373780316
36 30 -0.01220211990614534
61 30 -0.02142289018943484
62 30 -0.007133273025030533
63 30  0.04257664948459033
67 30 0.006420669633784215
68 30 -0.007572365410026064
69 30 -0.05845340067567809
70 30  0.01342245909974231
71 30 -0.05973895806264595
72 30  -0.1014006251210416
76 30  0.02859858619836464
77 30 -0.009935774589877679
78 30 -0.01225568726817957
82 30 -0.04238206626632176
83 30  0.02140932856014009
84 30 -0.09972289275721116
4 31  0.01108400402604276
5 31 0.008609829916269232
6 31 0.001247164597624138
16 31  -0.1486785875028202
17 31 -0.0008280333222383575
18 31 -0.001301804256746374
25 31  0.01552907471649424
26 31 0.009155156149966797
27 31 -0.0009111416609068525
31 31   0.3448136972886334
32 31  0.09779842725443427
33 31 -0.007162788033964633
52 31 -0.02260674840775074
53 31 -0.009184780732144888
54 31 -0.03367330425668195
55 31  -0.1596365365821047
56 31  -0.1053952433661598
57 31 -2.488780529699263e-05
4 32 -0.0009501282360655125
5 32 -0.04199882107397343
6 32 -0.01922462007319226
16 32 -0.001236563810368554
17 32 -0.04249312514253736
18 32 -3.796931239783132e-07
25 32 0.004117970481021445
26 32 -7.648136742444307e-05
27 32  0.03031455660274892
31 32  0.09779842725443427
32 32   0.3291170617519383
33 32  0.01778268704001726
52 32 -0.004149512584358543
53 32 -0.01994082851438534
54 32  -0.0303177628616421
55 32 -0.09532773848335227
56 32  -0.1962861394871148
57 32 -2.947469527265871e-05
4 33 -0.003645326639078864
5 33 -0.01872940460321681
6 33 0.005904481494550428
16 33 -0.001936285748442037
17 33 -2.541186621206141e-07
18 33 -0.04248406352885225
25 33 0.006901358339093287
26 33   0.0303161231717593
27 33 -0.01572671364182813
31 33 -0.007162788033964633
32 33  0.01778268704001726
33 33   0.2856100377393831
52 33 -0.02586090598194242
53 33  -0.0303188004592982
54 33  -0.0669631083992718
55 33 -2.488780529683737e-05
56 33 -3.258748824150337e-05
57 33 -0.07909403347195484
7 34 -0.05728595909662619
8 34 -0.003003855704538089
9 34 -0.01824418165399034
16 34 -0.08609627277045685
17 34  0.04342271082002569
18 34 0.001139533930409801
28 34  0.01686346579918288
29 34 0.001947783132577415
30 34  0.02923392491630128
34 34   0.7036090662874714
35 34 -0.01330119965045737
36 34  0.04997260009164078
40 34  -0.2228087734470048
41 34 -0.05831886929949558
42 34 -0.01677058647987853
43 34  -0.1070665470768532
44 34  0.02574932274377211
45 34 -0.001305882963720357
67 34 -0.04397882163640039
68 34 0.005209126217346953
69 34 -0.03432317933808121
7 35 0.007779615215880641
8 35 0.008269228861182455
9 35 -0.00208432665079661
16 35  0.04311377379081487
17 35  -0.1040369257895228
18 35  -0.0176820001989598
28 35 0.005577004730884518
29 35  0.01870215435271422
30 35 0.004397333373780316
34 35 -0.01330119965045737
35 35   0.3660611282694271
36 35  0.01309702603015511
40 35 -0.05811212114884949
41 35  -0.1038818335881123
42 35 -0.03189775151066626
43 35  0.01655405632148486
44 35 -0.02923323033744474
45 35 0.0007450235576007703
67 35 -0.001430400149840635
68 35 -0.03631142626215594
69 35 -0.007369417404122892
7 36 -0.01762523054561897
8 36 -0.006946914275234577
9 36 0.002509541816565603
16 36 0.004611099981705626
17 36  -0.0187160408095351
18 36 -0.05476804567998318
28 36    0.029225013783489
29 36   0.0123400417071142
30 36 -0.01220211990614534
34 36   0.0499726000916408
35 36  0.01309702603015511
36 36   0.4722918707435201
40 36 -0.01963292930804006
41 36 -0.03285925706741651
42 36 -0.09659724220396537
43 36 -0.001950787019119403
44 36 0.001117707065834097
45 36  -0.0302897314188279
67 36 -0.03432444073131029
68 36 0.0005102823029085688
69 36   -0.109668681013592
37 37                    1
38 38                    1
39 39                    1
16 40  -0.1935693251227258
17 40 0.007290671851539648
18 40 0.003961404104318221
34 40  -0.2228087734470048
35 40 -0.05811212114884949
36 40 -0.01963292930804005
40 40   0.9440890401329167
41 40  0.08263406388070958
42 40 -0.09119954764887109
43 40  -0.2298331587424692
44 40   0.0377553943352178
45 40  0.06939799727892873
49 40  -0.2594841706166987
50 40  -0.0565258150282203
51 40  0.09090814460161817
58 40  -0.0219988802438357
59 40 -0.02009456609527324
60 40 -0.005086563632254392
61 40 -0.04248837419423625
62 40 0.007089812135637977
63 40  0.04220634162878779
67 40 -0.03857607983317127
68 40 -0.04545079588188035
69 40   0.0328068301710565
100 40  -0.0455149803807279
101 40   0.0493557147187844
102 40 -0.01897492619917369
103 40 -0.05536530315536443
104 40  -0.0147437418606498
105 40 -0.06597674167638615
16 41  0.00774552310934542
17 41 -0.01169351173817844
18 41  0.00451492440678567
34 41 -0.05831886929949558
35 41  -0.1038818335881123
36 41 -0.03285925706741651
40 41  0.08263406388070957
41 41   0.7092867672191956
42 41 0.005287977628735039
43 41  0.03688595177481347
44 41  -0.1704359486505266
45 41 -0.05319937265138965
49 41 -0.05623948965120408
50 41  -0.1213169483007341
51 41  0.02313284311048438
58 41 -0.02011010961647011
59 41  -0.1382177033909487
60 41  -0.0416602672398427
61 41 0.007089812135637969
62 41 -0.03166021824960247
63 41 0.009875706073966544
67 41 -0.04545079588188034
68 41 -0.08454253407214185
69 41  0.04365544672477883
100 41  0.04935571471878441
101 41  -0.0970525175581375
102 41  0.03735427820730744
103 41  -0.0147437418606498
104 41 0.006078318092601447
105 41 -0.02737609221638398
16 42 0.005264223799878608
17 42 0.004521265966596813
18 42 -0.005322482501180756
34 42 -0.01677058647987853
35 42 -0.03189775151066626
36 42 -0.09659724220396537
40 42 -0.09119954764887109
41 42 0.005287977628735039
42 42   0.7413269255048274
43 42  0.06568012944951779
44 42 -0.05320615612769613
45 42  -0.1655079005179577
49 42  0.09083728792922716
50 42  0.02312680144172465
51 42  -0.1189175036866313
58 42 -0.005181606091003182
59 42 -0.04193710009148718
60 42 -0.01846414314329074
61 42  0.04220634162878781
62 42 0.009875706073966544
63 42  -0.2279409345276572
67 42  0.03280683017105649
68 42  0.04365544672477883
69 42 -0.01670906648566334
100 42 -0.01897492619917368
101 42  0.03735427820730745
102 42 -0.04110654550399379
103 42 -0.06597674167638612
104 42 -0.02737609221638398
105 42 -0.03026008723953425
34 43  -0.1070665470768532
35 43  0.01655405632148486
36 43 -0.001950787019119403
40 43  -0.2298331587424692
41 43  0.03688595177481347
42 43  0.06568012944951779
43 43   0.7174337175487334
44 43 -0.02283479397200315
45 43 -0.09949069613155687
49 43  -0.1361111650820734
50 43 -0.05502906732920891
51 43   0.0219806163392588
67 43 0.008124520309065469
68 43 -0.005843603239709936
69 43  0.01923551076863398
100 43  -0.0280142606824224
101 43 0.003967916553276232
102 43 -0.03352960865903937
106 43  -0.0353456888178082
107 43  0.01588953930485625
108 43  -0.0118495225035127
34 44  0.02574932274377211
35 44 -0.02923323033744474
36 44 0.001117707065834096
40 44   0.0377553943352178
41 44  -0.1704359486505266
42 44 -0.05320615612769613
43 44 -0.02283479397200315
44 44   0.4618839634181632
45 44  0.00881090637909367
49 44 -0.05481585392608641
50 44  -0.1640181569813473
51 44 0.003633935213932234
67 44 -0.00120959546789992
68 44  0.01721567559114189
69 44 -0.006361064597111328
100 44 -0.003130624706489089
101 44 -0.002019478801471218
102 44 -0.001896980511517227
106 44 0.004838780734303195
107 44  0.01954546552103936
108 44 -0.002675684313018719
34 45 -0.001305882963720357
35 45 0.0007450235576007703
36 45  -0.0302897314188279
40 45  0.06939799727892873
41 45 -0.05319937265138965
42 45  -0.1655079005179577
43 45 -0.09949069613155687
44 45  0.00881090637909367
45 45   0.4979625776152543
49 45   0.0177619572828453
50 45 -0.0006905484258185948
51 45 -0.08632512093690756
67 45  0.01923270315144636
68 45 -0.001189718568465409
69 45 -0.006665456979056159
100 45 -0.03355304615903942
101 45 0.008561332476763845
102 45 -0.06466311625181809
106 45 -0.01234613829646736
107 45  0.00228607789075861
108 45 0.004738142411923905
46 46                    1
47 47                    1
48 48                    1
40 49  -0.2594841706166987
41 49 -0.05623948965120408
42 49  0.09083728792922716
43 49  -0.1361111650820734
44 49 -0.05481585392608641
45 49   0.0177619572828453
49 49   0.9082728826520672
50 49    0.107114375517855
51 49  -0.0391815897878607
58 49   0.0332613985134669
59 49  0.03529187755641919
60 49  0.01111192395483158
91 49  -0.2797554184426992
92 49  -0.1054746602844699
93 49 -0.02544124361404469
100 49 -0.007664728892878362
101 49 -0.02615108585166521
102 49  0.01510222161861272
103 49  -0.0375614852274136
104 49  0.00104584504975579
105 49 -0.03758837193704814
106 49  -0.1969655813608234
107 49  0.05575623994539938
108 49  0.01868271917371076
118 49 -0.04406636403976642
119 49   0.0441591370810474
120 49 -0.03449252872610468
40 50  -0.0565258150282203
41 50  -0.1213169483007341
42 50  0.02312680144172465
43 50 -0.05502906732920891
44 50  -0.1640181569813472
45 50 -0.0006905484258185948
49 50    0.107114375517855
50 50   0.8822091413248031
51 50 0.001659018016603021
58 50  0.03530017728788524
59 50 -0.01454938450949456
60 50 -0.04549035467391619
91 50   -0.105259957293516
92 50   -0.294517310835339
93 50 -0.03833374251001298
100 50 -0.02615108585166521
101 50  -0.0717230745976981
102 50  0.04886631995124389
103 50 0.001045845049755791
104 50 -0.03523510522095628
105 50  -0.0172349097041912
106 50  0.05611946293369623
107 50  -0.1782852844221904
108 50  -0.0124516054882272
118 50  0.04415913708104739
119 50 -0.01103993275526921
120 50  0.03282669404400573
40 51  0.09090814460161817
41 51  0.02313284311048438
42 51  -0.1189175036866313
43 51   0.0219806163392588
44 51 0.003633935213932234
45 51 -0.08632512093690756
49 51  -0.0391815897878607
50 51 0.001659018016603021
51 51   0.6923415769107096
58 51   0.0111947244509333
59 51 -0.04584872233135955
60 51  0.01232893931318241
91 51 -0.02701421856338589
92 51  -0.0415578393220882
93 51  -0.1312836935561907
100 51  0.01510222161861273
101 51  0.04886631995124389
102 51 -0.03184876088237976
103 51 -0.03758837193704815
104 51  -0.0172349097041912
105 51  -0.2228953447480251
106 51  0.01446790434208943
107 51 -0.01137300035940594
108 51 -0.08834807398727483
118 51  -0.0344925287261047
119 51  0.03282669404400573
120 51 -0.003683923747198544
16 52 -0.01517867897295648
17 52  0.03996691815633754
18 52  0.03495717598243958
25 52 -0.02548956640279332
26 52 -0.002784972433472026
27 52 -0.001269641480458346
31 52 -0.02260674840775074
32 52 -0.004149512584358543
33 52 -0.02586090598194242
52 52   0.3395578125998072
53 52 0.003213951498345734
54 52  0.08913919093286701
55 52 -0.02916863108208631
56 52 -0.004257267383064018
57 52   0.0142880444285259
58 52  -0.0192062324883675
59 52 -0.03000876650347483
60 52 0.007308717180961562
64 52  -0.2061846888570633
65 52  0.02247705006186148
66 52  -0.0946477166487578
79 52  0.01948576541567226
80 52 0.002510427200877707
81 52 -0.00260073522363778
121 52   0.0131967485879251
122 52 -0.002518801629739036
123 52 -0.01040701718717338
124 52 -0.05440578039238685
125 52   -0.024449026383314
126 52 -0.01090711200282432
16 53  0.03996691815633754
17 53 -0.02705773930798005
18 53  -0.0279918611389446
25 53 -0.01285132782084189
26 53 -0.09675944921369228
27 53 -0.00382466750468889
31 53 -0.009184780732144888
32 53 -0.01994082851438534
33 53  -0.0303188004592982
52 53 0.003213951498345729
53 53   0.4249983608107878
54 53  0.02142610427481974
55 53 0.000768876008862942
56 53 -0.03459978762643243
57 53  0.05734098527810023
58 53 -0.03000876650347485
59 53   0.0288919298054019
60 53  0.01079661037304924
64 53  0.02247705006186148
65 53  -0.1307184527352341
66 53  0.01904005904813551
79 53 -0.002525608972624817
80 53 0.003303278955593496
81 53  0.01520377147118477
121 53 0.002521410365703871
122 53 -0.002987584590611061
123 53 -0.01522035659415442
124 53 -0.01437772206202512
125 53   -0.145129727583448
126 53 -0.04645184474820338
16 54  0.03495717598243958
17 54 -0.02799186113894461
18 54 -0.009380634937803251
25 54 -0.003873808147125126
26 54 -0.003821534366668163
27 54 -0.02573499459343477
31 54 -0.03367330425668195
32 54  -0.0303177628616421
33 54  -0.0669631083992718
52 54  0.08913919093286701
53 54  0.02142610427481973
54 54   0.5280346355586639
55 54 0.009079914545713408
56 54  0.05733838111143398
57 54   -0.111321341822822
58 54 0.007308717180961559
59 54  0.01079661037304925
60 54  0.05850420280137316
64 54 -0.09464771664875783
65 54  0.01904005904813548
66 54  -0.2667773980950806
79 54 0.002607598109695478
80 54  0.01520533804019513
81 54 -0.004547519888342053
121 54 -0.002594720637694109
122 54 -0.01522088556550892
123 54 -0.02656910770989664
124 54 -0.008303047061418033
125 54 -0.04645444891486984
126 54 -0.07524473291338606
16 55  0.02422911869092448
17 55   0.0557624078109184
18 55 -0.003669981564721156
31 55  -0.1596365365821047
32 55 -0.09532773848335227
33 55 -2.488780529683737e-05
52 55 -0.02916863108208631
53 55 0.000768876008862942
54 55 0.009079914545713408
55 55   0.4486281582647071
56 55  0.04682012482657014
57 55  0.04888520754268698
58 55  -0.1420217840405437
59 55  0.01357412615205309
60 55 -0.08707515818001603
124 55  -0.0617580015859808
125 55 0.000813644689196113
126 55  0.01755731950353032
127 55  0.02876898573781914
128 55 -0.05510719299211063
129 55 -0.02889445618400259
130 55  -0.0405112880721856
131 55  0.03603611970216385
132 55  0.01024606525368084
16 56  0.05536661668495309
17 56 -0.09684479898455581
18 56  0.02198600834688099
31 56  -0.1053952433661598
32 56  -0.1962861394871148
33 56 -3.258748824150684e-05
52 56 -0.004257267383064018
53 56 -0.03459978762643243
54 56  0.05733838111143398
55 56  0.04682012482657014
56 56   0.5666963915561773
57 56  0.03214410868308785
58 56  0.01400491490172687
59 56 0.003631273865263689
60 56  0.01749141158306291
124 56 0.005850408198310762
125 56 -0.06314271898082396
126 56 -0.05259865646943747
127 56 -0.05500579517019498
128 56 -0.03338457984931845
129 56 -0.04428365893728648
130 56  0.04573886667854878
131 56 -0.07512515513995693
132 56  -0.0267157374952016
16 57 -0.003788822296538094
17 57  0.02604844459962516
18 57  0.01712517339548461
31 57 -2.488780529699263e-05
32 57 -2.947469527265871e-05
33 57 -0.07909403347195484
52 57   0.0142880444285259
53 57  0.05734098527810023
54 57   -0.111321341822822
55 57  0.04888520754268698
56 57  0.03214410868308785
57 57   0.5333250641142894
58 57 -0.09067238281096968
59 57  0.01750729213291596
60 57  -0.0803978037645969
124 57   0.0279738844449364
125 57 -0.05259969406709321
126 57  -0.2214455982444546
127 57 -0.02955363777278956
128 57 -0.04770599432705952
129 57  0.02747322401879551
130 57  0.01551641157718959
131 57 -0.02711486873262521
132 57 -0.008018674396975197
16 58 -0.09274908646386648
17 58 -0.08636212335987661
18 58 -0.03434565516361972
40 58  -0.0219988802438357
41 58 -0.02011010961647011
42 58 -0.005181606091003182
49 58   0.0332613985134669
50 58  0.03530017728788524
51 58   0.0111947244509333
52 58  -0.0192062324883675
53 58 -0.03000876650347485
54 58 0.007308717180961561
55 58  -0.1420217840405437
56 58  0.01400491490172687
57 58 -0.09067238281096968
58 58    1.108817248394697
59 58 -0.03208858737562799
60 58 -0.08125610455401883
61 58  -0.0487289170947254
62 58 -0.001780266789884822
63 58  0.01083008452974232
64 58  -0.1088676585196939
65 58  -0.0166169784177829
66 58  0.05823971240663692
70 58  0.01792060464601759
71 58 -0.03665291308998032
72 58  0.01592624034514355
88 58  -0.2587731820705051
89 58 -0.04274166394113077
90 58   0.0835389738182187
91 58 -0.008231905826856702
92 58  0.02906693487000238
93 58  0.05254129748500808
103 58 -0.04452075601475289
104 58  0.08140274146960855
105 58 -0.03055342668163032
124 58 -0.04489762135010131
125 58  0.03782230520051909
126 58     0.02671338909156
127 58   -0.183635303967497
128 58   0.1234507193552934
129 58  0.02635268009170252
133 58 -0.05622303892811743
134 58 -0.02597888120823233
135 58  0.04751100872298951
136 58 -0.04250940707376374
137 58  0.04816592030938165
138 58 -0.08955939342617977
139 58   0.0818086028760273
140 58  0.02765455084346768
141 58  0.01208934286970662
142 58 -0.03429325845983155
143 58 -0.06101179045944768
144 58 -0.05724510751383636
145 58  -0.1558660661856779
146 58  0.04339482933079965
147 58  0.06724213374237016
148 58  0.07703434795815267
149 58 -0.07816848200003065
150 58 -0.02709945276765707
16 59 -0.08654204515184152
17 59  -0.1766255979089501
18 59 -0.06073091544056352
40 59 -0.02009456609527326
41 59  -0.1382177033909487
42 59 -0.04193710009148718
49 59  0.03529187755641919
50 59 -0.01454938450949456
51 59 -0.04584872233135955
52 59 -0.03000876650347483
53 59   0.0288919298054019
54 59  0.01079661037304925
55 59  0.01357412615205311
56 59 0.003631273865263689
57 59  0.01750729213291596
58 59 -0.03208858737562799
59 59    1.244877841375849
60 59 -0.01126676064168296
61 59 -0.001780266789884834
62 59  -0.2077817943043657
63 59  0.07913774375198014
64 59  -0.0166169784177829
65 59 -0.02815348363146119
66 59  0.03286890751982433
70 59 -0.03665291308998032
71 59 -0.03090666371347209
72 59  0.03323228436910476
88 59 -0.04271134547735485
89 59 -0.02613115454338494
90 59   0.0324038495961305
91 59  0.02905274787159943
92 59  0.05922778161812592
93 59  -0.0356701412924785
103 59  0.08140274146960856
104 59 -0.07799692674148322
105 59  0.02143133109649327
124 59   0.0378223052005191
125 59 0.008505200899977469
126 59 -0.02155427810826982
127 59   0.1240708223219354
128 59  -0.3574292102001123
129 59 -0.001669337382967446
133 59 -0.02597888120823232
134 59 -0.04306696999532456
135 59   0.0620786419388198
136 59  0.04816592030938165
137 59 0.004449686338628895
138 59  0.06113461298519299
139 59   0.0276545508434677
140 59  0.01451696028867136
141 59 -0.07718674699686318
142 59 -0.06101179045944768
143 59 -0.04450077538235951
144 59  -0.0756665678565519
145 59  0.04339482933079966
146 59 -0.06856530156144233
147 59 -0.05853623036518368
148 59 -0.07833886302735736
149 59 -0.07114228895862378
150 59  0.04453418864259166
16 60 -0.03411340840126817
17 60 -0.06020914229584833
18 60  -0.0549026213850712
40 60 -0.005086563632254392
41 60  -0.0416602672398427
42 60 -0.01846414314329074
49 60  0.01111192395483158
50 60 -0.04549035467391619
51 60   0.0123289393131824
52 60 0.007308717180961562
53 60  0.01079661037304924
54 60  0.05850420280137316
55 60 -0.08707515818001603
56 60  0.01749141158306291
57 60  -0.0803978037645969
58 60 -0.08125610455401884
59 60 -0.01126676064168295
60 60    1.198408441653491
61 60  0.01083008452974232
62 60  0.07913774375198014
63 60 -0.07316865849440067
64 60  0.05823971240663692
65 60  0.03286890751982432
66 60  -0.1113071578452064
70 60  0.01592624034514355
71 60  0.03323228436910475
72 60  0.01039621932579974
88 60  0.08160832389698314
89 60  0.03223391333278752
90 60 -0.08809977459973456
91 60  0.05221128284203996
92 60 -0.03559062257033661
93 60  0.05628707795055939
103 60 -0.03055342668163033
104 60  0.02143133109649326
105 60 -0.00485313011634842
124 60     0.02671338909156
125 60 -0.02155427810826981
126 60  0.05966569305453467
127 60  0.02701201866111462
128 60 -0.002560505605359894
129 60   -0.134766555404482
133 60  0.04751100872298954
134 60  0.06207864193881978
135 60  -0.2690601321618288
136 60  -0.0895593934261798
137 60    0.061134612985193
138 60 -0.04245665730322244
139 60  0.01208934286970663
140 60 -0.07718674699686316
141 60 -0.01488040016461884
142 60 -0.05724510751383637
143 60 -0.07566656785655192
144 60 -0.07618365417495332
145 60  0.06724213374237013
146 60 -0.05853623036518368
147 60  -0.1187985131868603
148 60 -0.02720021270447615
149 60  0.04425840633591301
150 60  0.09457135129662177
16 61 -0.04933815267545207
17 61  0.01030357250024245
18 61 -0.07084091747571257
28 61 -0.02139785426530216
29 61 -0.04326369772059747
30 61 -0.02142289018943483
40 61 -0.04248837419423625
41 61 0.007089812135637969
42 61  0.04220634162878781
58 61  -0.0487289170947254
59 61 -0.001780266789884834
60 61  0.01083008452974232
61 61   0.9191535951412839
62 61  0.01333779384098443
63 61  -0.0662169083149578
67 61 -0.04665768181647006
68 61 -0.01246752299841545
69 61 -0.007746796679005872
70 61  -0.3565547268109731
71 61  0.03986214525423121
72 61  0.06490950123070273
82 61  0.05283894142777682
83 61 -0.005335134953331976
84 61  0.04656215290184245
100 61 -0.001049300911084609
101 61   0.0297944862236992
102 61  0.01814918767697821
103 61  -0.1509191092396804
104 61 -0.03571706766493887
105 61  0.09778470787931229
133 61 -0.04635344710031794
134 61  0.01362345651489802
135 61  0.01790978382427758
136 61 0.009678000634557647
137 61 -0.03552598625707133
138 61 -0.05173170783109138
151 61  -0.1062461321583209
152 61  0.06130436611904918
153 61 -0.05809244983980791
154 61  0.05170963514393976
155 61  0.01719971833600051
156 61  0.03053848013403951
157 61  -0.1636464760809956
158 61 -0.05842567454050302
159 61 -0.05283856947567257
16 62  0.01030357250024244
17 62 -0.006333056190688057
18 62  0.01372567651182396
28 62 -0.04326369772059746
29 62  0.01047037972683653
30 62 -0.007133273025030534
40 62 0.007089812135637977
41 62 -0.03166021824960247
42 62 0.009875706073966544
58 62 -0.001780266789884822
59 62  -0.2077817943043657
60 62  0.07913774375198014
61 62  0.01333779384098443
62 62    0.929126477028934
63 62  -0.0303776529385548
67 62 -0.01246752299841544
68 62  -0.1240931008718918
69 62 -0.07165446411413945
70 62  0.03986214525423121
71 62  -0.1286059969757995
72 62 -0.03783528695635157
82 62 -0.005335134953331966
83 62  0.03433128534268698
84 62  0.05929800605432198
100 62  0.02979448622369919
101 62 -0.04302200089255279
102 62 -0.04331287348503637
103 62 -0.03571706766493887
104 62 -0.02367341733605391
105 62  0.02067834616427008
133 62  0.01362345651489802
134 62  -0.1093326897822679
135 62 -0.03635616630816148
136 62 -0.03552598625707133
137 62  0.05001818530829696
138 62 -0.04753215940010255
151 62  0.06130436611904917
152 62 -0.09686424715667259
153 62  0.07117103776016281
154 62  0.01719971833600049
155 62  0.04633886396835293
156 62  0.06180655537562441
157 62 -0.05842567454050305
158 62  -0.2989186696152126
159 62  -0.0414911954647732
16 63 -0.07084091747571258
17 63  0.01372567651182396
18 63 -0.07843610257321021
28 63 -0.02142289018943483
29 63 -0.007133273025030536
30 63  0.04257664948459033
40 63  0.04220634162878779
41 63 0.009875706073966544
42 63  -0.2279409345276572
58 63  0.01083008452974232
59 63  0.07913774375198014
60 63 -0.07316865849440067
61 63  -0.0662169083149578
62 63 -0.03037765293855479
63 63     1.05030579463964
67 63 -0.00774679667900588
68 63 -0.07165446411413946
69 63 -0.08819421127967658
70 63  0.06490950123070272
71 63 -0.03783528695635158
72 63  -0.1758885499106925
82 63  0.04656215290184246
83 63  0.05929800605432196
84 63   0.1158981512656752
100 63  0.01814918767697821
101 63 -0.04331287348503637
102 63 -0.005152479047636866
103 63  0.09778470787931229
104 63  0.02067834616427009
105 63 -0.07795415082695044
133 63  0.01790978382427757
134 63 -0.03635616630816148
135 63  -0.2184622250670011
136 63 -0.05173170783109138
137 63 -0.04753215940010255
138 63   0.1082068619694773
151 63 -0.05809244983980794
152 63  0.07117103776016279
153 63  -0.1028203215625393
154 63  0.03053848013403951
155 63  0.06180655537562438
156 63 -0.03244412071950968
157 63 -0.05283856947567255
158 63 -0.04149119546477319
159 63  -0.2365257033501077
16 64    0.019402136554021
17 64 0.0009862699960158454
18 64   0.0202926772992559
25 64 -0.01906656101360834
26 64 -0.04062681900851039
27 64 -0.01166510312356289
52 64  -0.2061846888570633
53 64  0.02247705006186148
54 64 -0.09464771664875783
58 64  -0.1088676585196939
59 64  -0.0166169784177829
60 64  0.05823971240663692
64 64    1.085199921806168
65 64 -0.09563717161688755
66 64   0.1007861499988847
70 64  -0.2204696486190783
71 64   0.1218327057741675
72 64 -0.01712648515908902
79 64 -0.09240255151720519
80 64 -0.05454917317818578
81 64  0.02819929986490837
121 64  -0.5091889289251448
122 64  0.04433305575991586
123 64   -0.036176180753882
124 64 -0.05654630010440125
125 64  0.03589745853557335
126 64 -0.04723027795917444
133 64 -0.06061081787307014
134 64 -0.01285304447578864
135 64 -0.05407323916094521
145 64 -0.06095077546578877
146 64 -0.02277236538424612
147 64 -0.06366042679320917
160 64  0.05880877333816956
161 64 0.003116124925263402
162 64  0.01157009249269515
163 64   0.1708770991966957
164 64  0.01441288702860395
165 64   0.1054914975362395
16 65 0.0009862699960158389
17 65  0.01780194194768272
18 65 -0.03812377166110408
