%%MatrixMarket matrix coordinate real general
2604 2604 84186
1 1                    1
2 2                    1
3 3                    1
4 4    0.350836521819162
5 4 -0.003185841587656831
6 4 -0.07238423536762234
7 4  -0.1041615675481128
8 4  0.06584691143716087
9 4  0.02694227348708619
10 4 -0.02020354566290304
11 4 -0.01990201558172192
12 4 2.617634686735147e-07
16 4  -0.1614015409189187
17 4 -0.04632739105639526
18 4  0.02150234856547219
22 4 -0.01143049209879717
23 4 -0.006737392638018066
24 4 0.008673134369440493
25 4 -0.01684839846251448
26 4 -0.002126429352209932
27 4 -0.01023052416846567
28 4 0.004397508603598709
29 4  0.02004235935512255
30 4 -0.04091988029974249
31 4  0.01176313785124598
32 4 -0.0009560631052511678
33 4 -0.004536565996226799
4 5 -0.003185841587656834
5 5   0.3503995791724503
6 5  0.05115953467653554
7 5  0.06576263967428989
8 5  -0.1332581932779192
9 5 -0.03703364502346466
10 5 -0.02989947961999608
11 5 -0.07112283581242637
12 5 -0.0001390806223585429
16 5 -0.04630268881908381
17 5 -0.04021510394049473
18 5 -0.002253101090824957
22 5 -0.01176905971158577
23 5 -0.04004099099606639
24 5  0.02647123545390668
25 5 0.002911488738610382
26 5 -0.03524607811360472
27 5 -0.04298338762238387
28 5  0.02004235935512255
29 5  0.04626949772339449
30 5  0.02108897758604748
31 5 0.009079287834683649
32 5 -0.04372204596282431
33 5 -0.02011874390314128
4 6 -0.07238423536762234
5 6  0.05115953467653554
6 6   0.3515090096914595
7 6  0.02694227348708614
8 6 -0.03703362766777041
9 6 -0.07122566011674802
10 6 1.807702304118721e-07
11 6 -9.2714036487581e-05
12 6 -0.02029475133229193
16 6  0.02027795981507741
17 6 -0.002253108513364696
18 6 -0.04337285074288567
22 6  0.01388146770277382
23 6  0.02647331064921917
24 6 -0.02816691747737908
25 6 0.0001861424982009879
26 6 -0.04298391659373807
27 6  -0.1029472787025643
28 6 -0.04091988029974247
29 6  0.02108897758604748
30 6  0.01885568793660429
31 6 0.0006530983300153739
32 6 -0.02015094423214367
33 6 0.005671903522560313
4 7  -0.1041615675481128
5 7  0.06576263967428989
6 7  0.02694227348708614
7 7   0.3293299700107477
8 7 -0.02492430377503399
9 7  0.01934383964706162
10 7 -0.06867649749076458
11 7 -0.02998568425547555
12 7 -0.0001407803529001319
16 7 -0.01426480066686595
17 7  -0.0270600874388952
18 7 -0.01073866634765503
22 7  0.01181894927197728
23 7  0.01037318096714046
24 7  0.01217843894715822
28 7 -0.05473649240526023
29 7 -0.006630229165123718
30 7 -0.01771952590082403
34 7 -0.06045236809877451
35 7 0.008307628873053405
36 7 -0.01948548070468408
4 8  0.06584691143716087
5 8  -0.1332581932779192
6 8 -0.03703362766777041
7 8 -0.02492430377503399
8 8   0.3915350384950288
9 8 -0.02026982134393741
10 8 -0.01999365382555179
11 8 -0.01963443445322731
12 8 -4.14323361448018e-06
16 8 -0.02677417418403896
17 8  -0.1421565985746577
18 8  0.01204112617561761
22 8  0.01475515932000503
23 8  0.03437287842718451
24 8 -0.002651905690918227
28 8 -0.01361767118172528
29 8 -0.06084555409088655
30 8 -0.02597518026909367
34 8 -0.003274148063795367
35 8 0.009264787216278955
36 8 -0.008241445084298167
4 9  0.02694227348708619
5 9 -0.03703364502346465
6 9 -0.07122566011674802
7 9  0.01934383964706162
8 9 -0.02026982134393741
9 9   0.3552230192733064
10 9 -9.722096425512916e-05
11 9 -6.192565540024756e-06
12 9 -0.01962470891217816
16 9 -0.01073759131887577
17 9  0.01064049418656469
18 9 -0.02739375545379616
22 9  0.01216875470236656
23 9 0.002644969309081821
24 9 0.001903735446393081
28 9 -0.01773047153884486
29 9   -0.015382976493052
30 9  -0.1235355043143026
34 9     -0.0194839243082
35 9 -0.00294768287726673
36 9 0.002028927207804798
4 10 -0.02020354566290304
5 10 -0.02989947961999608
6 10 1.807702304118721e-07
7 10 -0.06867649749076458
8 10 -0.01999365382555179
9 10 -9.722096425512916e-05
10 10  0.09464070022375146
11 10  0.04990640182298876
12 10 0.001909099855551231
22 10 -0.005146819264036518
23 10 -0.0006671944792147923
24 10 -0.008646206362425435
4 11 -0.01990201558172192
5 11 -0.07112283581242637
6 11 -9.2714036487581e-05
7 11 -0.02998568425547555
8 11 -0.01963443445322731
9 11 -6.192565540024756e-06
10 11  0.04990640182298876
11 11   0.0962830406826192
12 11 0.0002490269328431927
22 11 -0.0009920388395663561
23 11 -0.003448929038679729
24 11 -0.007957085337076121
4 12 2.617634686735147e-07
5 12 -0.0001390806223585429
6 12 -0.02029475133229193
7 12 -0.0001407803529001319
8 12 -4.14323361448018e-06
9 12 -0.01962470891217816
10 12 0.001909099855551231
11 12 0.0002490269328431927
12 12   0.0590231096711665
22 12 -0.006046881818154612
23 12 -0.005307610239419892
24 12 -0.01028117458530558
13 13                    1
14 14                    1
15 15                    1
4 16  -0.1614015409189187
5 16 -0.04630268881908381
6 16  0.02027795981507741
7 16 -0.01426480066686595
8 16 -0.02677417418403896
9 16 -0.01073759131887577
16 16   0.8493992446039687
17 16  0.04125627986271615
18 16 0.006944620787819877
25 16 -0.08323375815604908
26 16 -0.03175221465210609
27 16  0.05912026475613862
28 16 -0.02281066958055845
29 16 -0.02265559195689935
30 16  0.01791941699530141
31 16  -0.1507549276526583
32 16 9.423579096335407e-05
33 16 -0.0002377424621333515
34 16  -0.1191420968941615
35 16  0.04691240476394021
36 16 -0.00155040114107745
40 16  -0.2010097728800647
41 16 0.007275315837962846
42 16 0.003955006779414308
52 16 -0.01517867897295549
53 16  0.03996691815633855
54 16  0.03495717598244112
55 16  0.02019119788406966
56 16  0.05609843693006333
57 16 -0.003229240405193724
58 16 -0.09370939885880566
59 16 -0.08750934911333189
60 16 -0.03425031099799489
61 16 -0.04933815267544556
62 16  0.01030357250024152
63 16 -0.07084091747571059
64 16  0.01940213655401937
65 16 0.000986269996015819
66 16   0.0202926772992555
67 16  0.01567896606355804
68 16  0.03754753275474747
69 16 -0.01496433892431913
70 16 -0.01748763130753437
71 16 -0.0007955982028178842
72 16 -0.01165924062759091
4 17 -0.04632739105639526
5 17 -0.04021510394049473
6 17 -0.002253108513364708
7 17  -0.0270600874388952
8 17  -0.1421565985746577
9 17  0.01064049418656471
16 17  0.04125627986271615
17 17   0.8030608589819452
18 17 -0.03369889379677369
25 17 -0.03175221465210609
26 17 -0.01599191801172581
27 17  0.01995735517168295
28 17 -0.02265559195689935
29 17  -0.1229302391532034
30 17  0.07115056950635675
31 17 5.91900566181684e-05
32 17 -0.04308603955561283
33 17 -5.472945919611175e-10
34 17  0.04689678701388372
35 17  -0.1186175025767711
36 17   -0.017749297423125
40 17 0.007345390804616641
41 17 -0.01255823126994424
42 17 0.005388952417268068
52 17  0.03996691815633856
53 17 -0.02705773930797973
54 17 -0.02799186113894501
55 17   0.0563656370995398
56 17  -0.1146444666924656
57 17  0.02509260585531806
58 17 -0.08748622124791379
59 17   -0.178996179998475
60 17  -0.0609753228717545
61 17  0.01030357250024151
62 17 -0.006333056190683897
63 17  0.01372567651182424
64 17 0.0009862699960158107
65 17  0.01780194194768196
66 17 -0.03812377166110466
67 17  0.03754753275474747
68 17 -0.004882091683233664
69 17  0.02447264287778955
70 17 -0.0007955982028178847
71 17 -0.01943353880567525
72 17  0.01198111466415551
4 18  0.02150234856547219
5 18 -0.002253101090824957
6 18 -0.04337285074288567
7 18 -0.01073866634765503
8 18  0.01204112617561761
9 18 -0.02739375545379616
16 18 0.006944620787819877
17 18 -0.03369889379677369
18 18    0.714094065882745
25 18  0.05912026475613862
26 18  0.01995735517168295
27 18 -0.03573882742559956
28 18  0.01791941699530141
29 18  0.07115056950635672
30 18 -0.06399414581406505
31 18 -0.0001695939483038582
32 18 1.645147753895714e-08
33 18 -0.04307616828433806
34 18 -0.003232422797006985
35 18 -0.01775232795360081
36 18  -0.0670713651270493
40 18  0.00393766539316784
41 18 0.005387473785715408
42 18 -0.00501797211768687
52 18  0.03495717598244111
53 18 -0.02799186113894502
54 18 -0.009380634937801467
55 18 -0.00320085436809247
56 18  0.02359493767851469
57 18  0.01623759233523468
58 18 -0.03432046200706934
59 18 -0.06110495552917658
60 18 -0.05518575567347547
61 18 -0.07084091747571057
62 18  0.01372567651182424
63 18 -0.07843610257320072
64 18  0.02029267729925551
65 18 -0.03812377166110465
66 18 -0.04805884519173329
67 18 -0.01496433892431912
68 18  0.02447264287778956
69 18  0.03203139446439322
70 18 -0.01165924062759089
71 18   0.0119811146641555
72 18  -0.1562839366233393
19 19                    1
20 20                    1
21 21                    1
4 22 -0.01143049209879717
5 22 -0.01176905971158577
6 22  0.01388146770277383
7 22  0.01181894927197728
8 22  0.01475515932000503
9 22  0.01216875470236656
10 22 -0.005146819264036518
11 22 -0.0009920388395663561
12 22 -0.006046881818154612
22 22   0.2249011141448453
23 22 0.007330679806038055
24 22 -0.02671816703841991
25 22 -0.07433208082183211
26 22  0.00170027483188015
27 22  0.01606922784900359
28 22  -0.1443754859910373
29 22 -0.0007133791215353895
30 22  0.01580131658252405
70 22  0.04649570304446199
71 22  -0.0285248891622222
72 22 -0.01960175785849855
76 22 -0.04793088828558141
77 22  0.01821325287698648
78 22 -0.005553960121594946
4 23 -0.006737392638018065
5 23 -0.04004099099606639
6 23  0.02647331064921917
7 23  0.01037318096714046
8 23  0.03437287842718451
9 23 0.002644969309081822
10 23 -0.0006671944792147923
11 23 -0.003448929038679729
12 23 -0.005307610239419892
22 23 0.007330679806038066
23 23   0.2328293275413889
24 23 -0.04555266790684218
25 23  0.01177974769158069
26 23  -0.1288472742398875
27 23  0.01778915808415443
28 23 -0.01111769634158747
29 23 -0.09827794509536253
30 23  0.02820178525252305
70 23 -0.02852488916222221
71 23  0.05044414262353074
72 23 -0.02643475619970862
76 23  0.01756356415628334
77 23 -0.04703120922210802
78 23 0.002185811050992217
4 24 0.008673134369440493
5 24  0.02647123545390668
6 24 -0.02816691747737908
7 24  0.01217843894715822
8 24 -0.002651905690918228
9 24 0.001903735446393081
10 24 -0.008646206362425435
11 24 -0.007957085337076121
12 24 -0.01028117458530558
22 24 -0.02671816703841991
23 24 -0.04555266790684218
24 24   0.2806982887718427
25 24  0.01867339451567025
26 24    0.017787591515144
27 24  -0.1107843792180768
28 24  0.01579647446012823
29 24  0.03085282691918971
30 24  -0.1201658895019453
70 24 -0.01960175785849856
71 24 -0.02643475619970863
72 24   0.0845796148491704
76 24 -0.0003553110330532724
77 24 0.007484761246304743
78 24 -0.09778327828469946
4 25 -0.01684839846251448
5 25 0.002911488738610382
6 25 0.0001861424982009892
16 25 -0.08323375815604908
17 25 -0.03175221465210609
18 25  0.05912026475613862
22 25 -0.07433208082183211
23 25  0.01177974769158069
24 25  0.01867339451567026
25 25   0.3158678003760691
26 25 0.005355956042777102
27 25 0.005880652907979781
28 25 -0.001373328418579942
29 25  0.04657327370258404
30 25 0.001693772400169775
31 25  0.01552907471649516
32 25 0.004117970481021771
33 25 0.006901358339093618
52 25 -0.02548956640279482
53 25 -0.01285132782084167
54 25 -0.003873808147126118
64 25 -0.01906656101360714
65 25 -0.04062681900851055
66 25 -0.01166510312356205
70 25  -0.1208748813219887
71 25  0.01168213278024594
72 25 -0.05611233745024057
76 25   0.0149527305681412
77 25 0.001491801327411897
78 25 -0.02098688795397986
79 25 -0.005131031063339209
80 25 0.001317990717226462
81 25 0.0001825512576555896
4 26 -0.002126429352209932
5 26 -0.03524607811360472
6 26 -0.04298391659373807
16 26 -0.03175221465210609
17 26 -0.01599191801172581
18 26  0.01995735517168295
22 26  0.00170027483188015
23 26  -0.1288472742398875
24 26  0.01778759151514402
25 26 0.005355956042777109
26 26   0.3617843229176618
27 26 0.008683050631605684
28 26  0.04657327370258404
29 26 -0.003493763685548303
30 26 -0.02296661695116805
31 26 0.009155156149967038
32 26 -7.648136742231283e-05
33 26  0.03031612317175994
52 26 -0.002784972433471873
53 26 -0.09675944921369636
54 26 -0.003821534366668548
64 26 -0.04062681900851054
65 26 -0.05327298665791299
66 26 -0.02477052582883496
70 26  0.01168213278024594
71 26 -0.01514947697350071
72 26   0.0128357853875663
76 26 -0.003536635969137578
77 26 -6.369080801731618e-06
78 26  0.02956873108590078
79 26  0.00636027790798171
80 26 -0.01294052557356134
81 26 -0.02460604322325006
4 27 -0.01023052416846567
5 27 -0.04298338762238387
6 27  -0.1029472787025643
16 27  0.05912026475613862
17 27  0.01995735517168295
18 27 -0.03573882742559956
22 27  0.01606922784900359
23 27  0.01778915808415443
24 27  -0.1107843792180768
25 27 0.005880652907979781
26 27 0.008683050631605684
27 27   0.3917070388994818
28 27 0.001693772400169773
29 27 -0.02296661695116804
30 27  0.07788281067734955
31 27 -0.0009111416609063894
32 27  0.03031455660274949
33 27 -0.01572671364182527
52 27 -0.001269641480459444
53 27 -0.003824667504689412
54 27 -0.02573499459343732
64 27 -0.01166510312356204
65 27 -0.02477052582883497
66 27 0.003386070920778908
70 27 -0.05611233745024059
71 27  0.01283578538756629
72 27 -0.09688357681696841
76 27 -0.01317438795397986
77 27  0.02957133525256746
78 27  -0.0153825531021229
79 27  0.01059921792432225
80 27 -0.02460604322325007
81 27 -0.06977759699701573
4 28 0.004397508603598709
5 28  0.02004235935512255
6 28 -0.04091988029974247
7 28 -0.05473649240526023
8 28 -0.01361767118172528
9 28 -0.01773047153884486
16 28 -0.02281066958055845
17 28 -0.02265559195689935
18 28  0.01791941699530141
22 28  -0.1443754859910373
23 28 -0.01111769634158747
24 28  0.01579647446012823
25 28 -0.001373328418579942
26 28  0.04657327370258404
27 28 0.001693772400169772
28 28    0.401829839250572
29 28 0.002172589601765945
30 28 0.009354216830133646
34 28  0.01686346579918431
35 28  0.00557700473088486
36 28  0.02922501378348991
61 28 -0.02139785426530244
62 28 -0.04326369772059729
63 28 -0.02142289018943624
67 28   -0.124907768506712
68 28 0.004365190069133832
69 28 0.006417078732090607
70 28 -0.02240110677937363
71 28 0.009487498556653319
72 28  0.01342245909974404
76 28  0.01115409035761159
77 28 -0.008413386156689927
78 28  0.02861312273807859
82 28 -0.04224219806414255
83 28  0.01085012734135476
84 28 -0.04236831301111263
4 29  0.02004235935512255
5 29  0.04626949772339449
6 29  0.02108897758604748
7 29 -0.006630229165123717
8 29 -0.06084555409088655
9 29   -0.015382976493052
16 29 -0.02265559195689935
17 29  -0.1229302391532034
18 29  0.07115056950635672
22 29 -0.0007133791215353895
23 29 -0.09827794509536253
24 29  0.03085282691918971
25 29  0.04657327370258404
26 29 -0.003493763685548303
27 29 -0.02296661695116804
28 29 0.002172589601765942
29 29   0.3744568460647694
30 29 -0.01292582597100676
34 29 0.001947783132577573
35 29  0.01870215435271524
36 29  0.01234004170711461
61 29 -0.04326369772059731
62 29  0.01047037972683697
63 29 -0.007133273025029341
67 29 -0.006676156162962497
68 29 -0.05089777677390438
69 29 -0.01021872771471528
70 29 0.009487498556653307
71 29  -0.1121474490045578
72 29 -0.05973895806264421
76 29 -0.004359481941195145
77 29  0.02202975685285558
78 29 -0.01788161606123229
82 29 0.004075031719609965
83 29 -0.02333590691710874
84 29   0.0108155785601394
4 30 -0.04091988029974249
5 30  0.02108897758604747
6 30  0.01885568793660429
7 30 -0.01771952590082406
8 30 -0.02597518026909367
9 30  -0.1235355043143026
16 30  0.01791941699530141
17 30  0.07115056950635675
18 30 -0.06399414581406505
22 30  0.01580131658252405
23 30  0.02820178525252305
24 30  -0.1201658895019453
25 30 0.001693772400169775
26 30 -0.02296661695116805
27 30  0.07788281067734955
28 30 0.009354216830133646
29 30 -0.01292582597100676
30 30   0.4524151172600313
34 30  0.02923392491630236
35 30 0.004397333373781245
36 30 -0.01220211990614083
61 30 -0.02142289018943625
62 30 -0.007133273025029342
63 30  0.04257664948458911
67 30 0.006420669633783321
68 30 -0.007572365410027781
69 30 -0.05845340067568685
70 30  0.01342245909974404
71 30 -0.05973895806264422
72 30  -0.1014006251210473
76 30  0.02859858619836504
77 30 -0.00993577458987812
78 30 -0.01225568726817516
82 30 -0.04238206626632089
83 30  0.02140932856013942
84 30 -0.09972289275721113
4 31  0.01176313785124598
5 31 0.009079287834683649
6 31 0.0006530983300153739
16 31  -0.1507549276526584
17 31 5.91900566181684e-05
18 31 -0.0001695939483038582
25 31  0.01552907471649516
26 31 0.009155156149967038
27 31 -0.0009111416609063894
31 31   0.3470640841396885
32 31  0.09557148926003449
33 31 -0.008948877651018323
52 31 -0.02260674840775483
53 31 -0.009184780732146736
54 31 -0.03367330425668233
55 31  -0.1586349723489839
56 31  -0.1047334850645906
57 31 -0.0001162622384460405
4 32 -0.0009560631052511683
5 32 -0.04372204596282431
6 32 -0.02015094423214367
16 32 9.423579096335927e-05
17 32 -0.04308603955561283
18 32 1.645147753895629e-08
25 32  0.00411797048102177
26 32 -7.648136742231283e-05
27 32  0.03031455660274949
31 32  0.09557148926003449
32 32   0.3317643782770081
33 32  0.02045265010763511
52 32 -0.004149512584360275
53 32 -0.01994082851439143
54 32 -0.03031776286164376
55 32 -0.09473919419408305
56 32  -0.1951140597501262
57 32 -0.0001719544158760161
4 33 -0.004536565996226799
5 33 -0.02011874390314128
6 33 0.005671903522560313
16 33 -0.0002377424621333515
17 33 -5.472945919611175e-10
18 33 -0.04307616828433806
25 33 0.006901358339093618
26 33  0.03031612317175994
27 33 -0.01572671364182527
31 33 -0.008948877651018323
32 33  0.02045265010763511
33 33   0.2908644928420411
52 33 -0.02586090598194275
53 33 -0.03031880045930001
54 33 -0.06696310839927885
55 33 -0.0001620290965086719
56 33 -0.0002463749718417084
57 33 -0.07861108733039832
7 34 -0.06045236809877451
8 34 -0.003274148063795367
9 34     -0.0194839243082
16 34  -0.1191420968941615
17 34  0.04689678701388372
18 34 -0.003232422797006985
28 34  0.01686346579918431
29 34 0.001947783132577575
30 34  0.02923392491630235
34 34   0.8550333281141291
35 34  -0.0112226304098981
36 34    0.058274308665407
40 34  -0.2735889666673469
41 34  -0.0635329669870861
42 34 -0.01554918556904541
43 34  -0.1150811874992742
44 34  0.02670856902150535
45 34 -6.114567597467063e-06
67 34  -0.0439788216363995
68 34 0.005209126217346599
69 34 -0.03432317933808052
7 35 0.008307628873053405
8 35 0.009264787216278955
9 35 -0.002947682877266731
16 35  0.04691240476394021
17 35  -0.1186175025767711
18 35 -0.01775232795360081
28 35 0.005577004730884859
29 35  0.01870215435271524
30 35 0.004397333373781245
34 35  -0.0112226304098981
35 35   0.4270737732587556
36 35  0.01187426757362591
40 35 -0.06354683660302479
41 35  -0.1242982813921411
42 35 -0.03409264918792067
43 35  0.01620762297658352
44 35 -0.02933664338052727
45 35 -3.03324950725898e-06
67 35 -0.001430400149840905
68 35 -0.03631142626215521
69 35 -0.007369417404123617
7 36 -0.01948548070468409
8 36 -0.008241445084298167
9 36 0.002028927207804798
16 36 -0.001550401141077448
17 36   -0.017749297423125
18 36  -0.0670713651270493
28 36  0.02922501378348991
29 36  0.01234004170711461
30 36 -0.01220211990614083
34 36  0.05827430866540695
35 36  0.01187426757362591
36 36   0.5483045961234054
40 36 -0.01704293430272762
41 36  -0.0340953405034834
42 36  -0.1157160200958601
43 36 -4.891606963097761e-07
44 36 -4.070847163455821e-06
45 36 -0.03209291757332305
67 36 -0.03432444073130968
68 36 0.0005102823029076199
69 36  -0.1096686810135892
37 37                    1
38 38                    1
39 39                    1
16 40  -0.2010097728800646
17 40 0.007345390804616641
18 40 0.003937665393167835
34 40  -0.2735889666673469
35 40 -0.06354683660302479
36 40 -0.01704293430272762
40 40    1.031620982816248
41 40  0.08619731608974643
42 40  -0.1015472757497905
43 40  -0.3003179449436561
44 40  0.03950795608091444
45 40   0.0875315815579317
49 40  -0.2619755435845466
50 40 -0.05745219538958361
51 40  0.09110283511006054
58 40 -0.02245368283096621
59 40  -0.0204860664659051
60 40 -0.005251443222673177
61 40 -0.04248837419423705
62 40   0.0070898121356384
63 40  0.04220634162878546
67 40 -0.03857607983316967
68 40 -0.04545079588187956
69 40  0.03280683017105546
100 40  -0.0455149803807242
101 40  0.04935571471878446
102 40 -0.01897492619917223
103 40 -0.05536530315537014
104 40 -0.01474374186065009
105 40 -0.06597674167638752
16 41 0.007275315837962846
17 41 -0.01255823126994424
18 41 0.005387473785715409
34 41  -0.0635329669870861
35 41  -0.1242982813921411
36 41  -0.0340953405034834
40 41  0.08619731608974643
41 41   0.7440997660620973
42 41 0.006698590050143793
43 41  0.03949442942771848
44 41  -0.1956952670833833
45 41 -0.05323179147728806
49 41 -0.05738031268886937
50 41  -0.1226472577948315
51 41  0.02322676287053551
58 41 -0.02047195836029562
59 41  -0.1396808585531004
60 41 -0.04199684989201958
61 41   0.0070898121356384
62 41 -0.03166021824960387
63 41 0.009875706073965821
67 41 -0.04545079588187956
68 41 -0.08454253407213844
69 41  0.04365544672477699
100 41  0.04935571471878446
101 41 -0.09705251755813737
102 41  0.03735427820730849
103 41 -0.01474374186065008
104 41 0.006078318092600668
105 41 -0.02737609221638414
16 42 0.003955006779414311
17 42 0.005388952417268068
18 42 -0.00501797211768687
34 42 -0.01554918556904541
35 42 -0.03409264918792067
36 42  -0.1157160200958601
40 42  -0.1015472757497905
41 42 0.006698590050143793
42 42    0.782274683841881
43 42  0.08607476969163112
44 42 -0.05323441624299377
45 42  -0.1954889343394842
49 42  0.09108504636556304
50 42  0.02322524609451015
51 42  -0.1197901526110759
58 42 -0.005267042518080686
59 42 -0.04207592641672808
60 42 -0.01867727467369848
61 42  0.04220634162878545
62 42 0.009875706073965826
63 42  -0.2279409345276583
67 42  0.03280683017105547
68 42  0.04365544672477698
69 42 -0.01670906648565889
100 42 -0.01897492619917223
101 42  0.03735427820730848
102 42 -0.04110654550398771
103 42 -0.06597674167638752
104 42 -0.02737609221638414
105 42 -0.03026008723953897
34 43  -0.1150811874992742
35 43  0.01620762297658352
36 43 -4.891606963080414e-07
40 43  -0.3003179449436561
41 43  0.03949442942771848
42 43  0.08607476969163111
43 43   0.9086950225707222
44 43 -0.02951030850620716
45 43  -0.1490433957488039
49 43  -0.1785646851311318
50 43 -0.05473093693376614
51 43  0.03751709351813179
67 43 0.008124520309067263
68 43 -0.005843603239709696
69 43  0.01923551076863406
100 43 -0.02801426068242707
101 43 0.003967916553276402
102 43 -0.03352960865904181
106 43 -0.03696888934639622
107 43  0.01672218465665391
108 43 -0.01296228232247238
34 44  0.02670856902150535
35 44 -0.02933664338052727
36 44 -4.070847163455821e-06
40 44  0.03950795608091444
41 44  -0.1956952670833833
42 44 -0.05323441624299377
43 44 -0.02951030850620716
44 44   0.5742521183795801
45 44 -0.008595497177183064
49 44 -0.05453212232762134
50 44  -0.2106285202649711
51 44 0.008661116151782559
67 44 -0.001209595467899801
68 44  0.01721567559114226
69 44 -0.006361064597110814
100 44 -0.00313062470648921
101 44 -0.002019478801473421
102 44 -0.001896980511517359
106 44 0.004975615310475457
107 44  0.02126404001807441
108 44 -0.003515486563563101
34 45 -6.114567597467063e-06
35 45 -3.03324950725898e-06
36 45 -0.03209291757332305
40 45   0.0875315815579317
41 45 -0.05323179147728806
42 45  -0.1954889343394842
43 45  -0.1490433957488039
44 45 -0.008595497177183064
45 45   0.6268474244812092
49 45  0.03584343125816736
50 45 0.006910040989239419
51 45  -0.1209442300800673
67 45  0.01923270315144662
68 45 -0.001189718568464972
69 45 -0.006665456979054981
100 45 -0.03355304615904185
101 45 0.008561332476763859
102 45 -0.06466311625182275
106 45  -0.0130922968121441
107 45 0.001732062791831758
108 45 0.004741525517995123
46 46                    1
47 47                    1
48 48                    1
40 49  -0.2619755435845466
41 49 -0.05738031268886937
42 49  0.09108504636556304
43 49  -0.1785646851311318
44 49 -0.05453212232762134
45 49  0.03584343125816736
49 49    1.015846681973607
50 49   0.1086701292838995
51 49 -0.04365179857707571
58 49  0.03377448722162332
59 49  0.03594257090664464
60 49  0.01113013370597417
91 49  -0.3021906409336932
92 49  -0.1099840551213413
93 49 -0.02853656451998714
100 49 -0.007664728892876768
101 49 -0.02615108585166497
102 49  0.01510222161861419
103 49 -0.03756148522740199
104 49 0.001045845049757604
105 49 -0.03758837193704392
106 49  -0.2508980852475177
107 49  0.06092036958721832
108 49  0.01293805193453671
118 49 -0.04406636403976709
119 49  0.04415913708104773
120 49 -0.03449252872610628
40 50 -0.05745219538958361
41 50  -0.1226472577948315
42 50  0.02322524609451015
43 50 -0.05473093693376614
44 50  -0.2106285202649711
45 50 0.006910040989239422
49 50   0.1086701292838996
50 50   0.9830804135407072
51 50 0.007939034364770592
58 50   0.0359550314527834
59 50 -0.01500667945757599
60 50 -0.04620836309477599
91 50  -0.1096403969798044
92 50  -0.3283362119073089
93 50 -0.04839608077191657
100 50 -0.02615108585166497
101 50 -0.07172307459769355
102 50  0.04886631995124264
103 50 0.001045845049757604
104 50 -0.03523510522094737
105 50 -0.01723490970418913
106 50  0.06072524793243257
107 50  -0.2002084497656326
108 50 -0.01129700809956189
118 50  0.04415913708104772
119 50 -0.01103993275527321
120 50  0.03282669404400661
40 51  0.09110283511006054
41 51  0.02322676287053551
42 51  -0.1197901526110759
43 51  0.03751709351813179
44 51 0.008661116151782559
45 51  -0.1209442300800673
49 51 -0.04365179857707571
50 51 0.007939034364770592
51 51   0.7870975295738514
58 51  0.01115517542299745
59 51 -0.04627820497945871
60 51  0.01273649339041096
91 51 -0.02855468958366834
92 51 -0.04972890981308153
93 51  -0.1477653027985788
100 51  0.01510222161861419
101 51  0.04886631995124262
102 51 -0.03184876088237484
103 51 -0.03758837193704392
104 51  -0.0172349097041891
105 51  -0.2228953447480112
106 51   0.0109285873921956
107 51 -0.01111793832122713
108 51  -0.1061505351435476
118 51 -0.03449252872610628
119 51  0.03282669404400662
120 51 -0.00368392374720303
16 52 -0.01517867897295549
17 52  0.03996691815633856
18 52  0.03495717598244111
25 52 -0.02548956640279482
26 52 -0.002784972433471873
27 52 -0.001269641480459444
31 52 -0.02260674840775484
32 52 -0.004149512584360275
33 52 -0.02586090598194275
52 52   0.3395578125997925
53 52 0.003213951498349028
54 52  0.08913919093285914
55 52 -0.02916863108208382
56 52 -0.004257267383063352
57 52  0.01428804442852695
58 52 -0.01920623248836598
59 52 -0.03000876650347615
60 52 0.007308717180961098
64 52  -0.2061846888570432
65 52  0.02247705006185888
66 52 -0.09464771664875112
79 52  0.01948576541566958
80 52 0.002510427200877865
81 52 -0.002600735223637411
121 52  0.01319674858792454
122 52 -0.002518801629737796
123 52 -0.01040701718717347
124 52 -0.05440578039238841
125 52 -0.02444902638331489
126 52 -0.01090711200282413
16 53  0.03996691815633855
17 53 -0.02705773930797973
18 53 -0.02799186113894502
25 53 -0.01285132782084166
26 53 -0.09675944921369636
27 53 -0.003824667504689409
31 53 -0.009184780732146732
32 53 -0.01994082851439143
33 53 -0.03031880045930001
52 53 0.003213951498349028
53 53   0.4249983608107859
54 53  0.02142610427482346
55 53 0.000768876008863727
56 53 -0.03459978762643095
57 53  0.05734098527810169
58 53 -0.03000876650347614
59 53  0.02889192980540243
60 53  0.01079661037304748
64 53  0.02247705006185889
65 53  -0.1307184527352192
66 53  0.01904005904813555
79 53 -0.002525608972624739
80 53 0.003303278955591909
81 53  0.01520377147118606
121 53 0.002521410365704911
122 53 -0.002987584590609542
123 53 -0.01522035659415509
124 53 -0.01437772206202583
125 53  -0.1451297275834529
126 53  -0.0464518447482047
16 54  0.03495717598244112
17 54 -0.02799186113894502
18 54 -0.009380634937801467
25 54 -0.003873808147126118
26 54 -0.003821534366668548
27 54 -0.02573499459343732
31 54 -0.03367330425668233
32 54 -0.03031776286164376
33 54 -0.06696310839927885
52 54  0.08913919093285913
53 54  0.02142610427482349
54 54   0.5280346355586428
55 54 0.009079914545714456
56 54  0.05733838111143503
57 54  -0.1113213418228164
58 54 0.007308717180961101
59 54  0.01079661037304749
60 54  0.05850420280137832
64 54 -0.09464771664875112
65 54  0.01904005904813551
66 54  -0.2667773980950578
79 54  0.00260759810969592
80 54  0.01520533804019649
81 54 -0.00454751988834459
121 54 -0.002594720637694317
122 54 -0.01522088556550929
123 54  -0.0265691077098971
124 54 -0.008303047061417882
125 54 -0.04645444891487135
126 54 -0.07524473291338772
16 55  0.02019119788406968
17 55  0.05636563709953982
18 55 -0.00320085436809247
31 55  -0.1586349723489839
32 55 -0.09473919419408305
33 55 -0.0001620290965086719
52 55 -0.02916863108208382
53 55 0.000768876008863727
54 55 0.009079914545714456
55 55    0.509603998996459
56 55  0.04791262813290073
57 55  0.06279581732213871
58 55  -0.1574436367994217
59 55   0.0147561842452653
60 55 -0.09504720481920022
124 55 -0.06175800158597786
125 55 0.0008136446891964999
126 55  0.01755731950353066
127 55  0.02775621589499402
128 55 -0.05851408643556069
129 55 -0.03018026605803966
130 55 -0.04145349461369098
131 55  0.03694727883020672
132 55  0.01043140613587133
16 56  0.05609843693006332
17 56  -0.1146444666924656
18 56  0.02359493767851469
31 56  -0.1047334850645906
32 56  -0.1951140597501262
33 56 -0.0002463749718416945
52 56 -0.004257267383063356
53 56 -0.03459978762643095
54 56  0.05733838111143503
55 56  0.04791262813290073
56 56   0.6420843822732907
57 56  0.04022196755559244
58 56  0.01475233830562909
59 56 0.0007798526899611335
60 56  0.01785455112017513
124 56 0.005850408198311076
125 56 -0.06314271898081808
126 56 -0.05259865646943464
127 56 -0.05833598177178595
128 56 -0.04279132446351801
129 56 -0.05057542953141235
130 56  0.04700612689335759
131 56 -0.07702939705475334
132 56 -0.02790062366858821
16 57 -0.003229240405193723
17 57  0.02509260585531806
18 57  0.01623759233523469
31 57 -0.0001162622384460405
32 57 -0.0001719544158760161
33 57 -0.07861108733039832
52 57  0.01428804442852695
53 57  0.05734098527810169
54 57  -0.1113213418228164
55 57  0.06279581732213871
56 57  0.04022196755559244
57 57   0.6366216369753024
58 57 -0.09628007817763486
59 57  0.01788093553643006
60 57 -0.08518240758607662
124 57  0.02797388444493689
125 57 -0.05259969406709086
126 57  -0.2214455982444457
127 57 -0.03025444878114846
128 57 -0.05184126626652369
129 57  0.02621277051085489
130 57  0.01563994291972544
131 57 -0.02790477405921366
132 57 -0.008651111514524527
16 58 -0.09370939885880566
17 58 -0.08748622124791379
18 58 -0.03432046200706934
40 58 -0.02245368283096621
41 58 -0.02047195836029562
42 58 -0.005267042518080685
49 58  0.03377448722162332
50 58   0.0359550314527834
51 58  0.01115517542299745
52 58 -0.01920623248836598
53 58 -0.03000876650347615
54 58 0.007308717180961101
55 58  -0.1574436367994217
56 58  0.01475233830562909
57 58 -0.09628007817763486
58 58    1.136742742924767
59 58 -0.03367855373244147
60 58 -0.07764360499091716
61 58 -0.04872891709472553
62 58 -0.001780266789883861
63 58  0.01083008452974141
64 58  -0.1088676585197009
65 58 -0.01661697841778309
66 58  0.05823971240663522
70 58   0.0179206046460172
71 58 -0.03665291308998099
72 58  0.01592624034514348
88 58  -0.2646075756105354
89 58 -0.04317943743507968
90 58   0.0862432245312735
91 58 -0.008614792338742168
92 58  0.02949417815308267
93 58  0.05295586834875076
103 58 -0.04452075601475502
104 58  0.08140274146960853
105 58 -0.03055342668162967
124 58 -0.04489762135009594
125 58  0.03782230520051803
126 58  0.02671338909156073
127 58    -0.18586197680318
128 58   0.1259331630096159
129 58  0.02781628539128074
133 58 -0.05622303892811253
134 58 -0.02597888120823065
135 58  0.04751100872298863
136 58 -0.04250940707376619
137 58  0.04816592030938209
138 58    -0.08955939342618
139 58  0.08180860287602203
140 58  0.02765455084346602
141 58  0.01208934286970675
142 58 -0.03429325845983097
143 58   -0.061011790459448
144 58 -0.05724510751383713
145 58  -0.1558660661856714
146 58  0.04339482933080211
147 58  0.06724213374236876
148 58  0.07709094277255452
149 58 -0.07852103851919368
150 58 -0.02739888938864158
16 59 -0.08750934911333189
17 59   -0.178996179998475
18 59 -0.06110495552917658
40 59 -0.02048606646590511
41 59  -0.1396808585531004
42 59  -0.0420759264167281
49 59  0.03594257090664464
50 59 -0.01500667945757599
51 59 -0.04627820497945871
52 59 -0.03000876650347614
53 59  0.02889192980540243
54 59  0.01079661037304749
55 59   0.0147561842452653
56 59 0.0007798526899611335
57 59  0.01788093553643006
58 59 -0.03367855373244147
59 59    1.265573980224391
60 59 -0.01107169056371494
61 59 -0.001780266789883869
62 59   -0.207781794304369
63 59  0.07913774375198251
64 59 -0.01661697841778308
65 59 -0.02815348363146606
66 59  0.03286890751982736
70 59 -0.03665291308998099
71 59 -0.03090666371347123
72 59  0.03323228436910376
88 59 -0.04317336992024497
89 59 -0.02786812470298674
90 59  0.03288164128410877
91 59  0.02949129166430509
92 59  0.06009459836212347
93 59 -0.03596696628563774
103 59  0.08140274146960853
104 59 -0.07799692674148986
105 59  0.02143133109649259
124 59  0.03782230520051804
125 59 0.008505200899983613
126 59 -0.02155427810826831
127 59   0.1260029960861343
128 59  -0.3624793055596409
129 59 -0.002764628509228984
133 59 -0.02597888120823064
134 59 -0.04306696999531946
135 59  0.06207864193881924
136 59   0.0481659203093821
137 59 0.004449686338630451
138 59  0.06113461298519293
139 59    0.027654550843466
140 59  0.01451696028866736
141 59 -0.07718674699686517
142 59   -0.061011790459448
143 59 -0.04450077538235984
144 59 -0.07566656785655153
145 59  0.04339482933080213
146 59  -0.0685653015614397
147 59 -0.05853623036518515
148 59 -0.07855717100950446
149 59 -0.07169665826349325
150 59  0.04455946105607742
16 60 -0.03425031099799489
17 60  -0.0609753228717545
18 60 -0.05518575567347547
40 60 -0.005251443222673177
41 60 -0.04199684989201959
42 60 -0.01867727467369848
49 60  0.01113013370597417
50 60 -0.04620836309477599
51 60  0.01273649339041096
52 60 0.007308717180961098
53 60  0.01079661037304748
54 60  0.05850420280137832
55 60 -0.09504720481920022
56 60  0.01785455112017513
57 60 -0.08518240758607662
58 60 -0.07764360499091716
59 60 -0.01107169056371494
60 60    1.235720543837874
61 60  0.01083008452974142
62 60   0.0791377437519825
63 60 -0.07316865849440349
64 60  0.05823971240663522
65 60  0.03286890751982738
66 60  -0.1113071578452161
70 60  0.01592624034514348
71 60  0.03323228436910376
72 60    0.010396219325799
88 60  0.08553476294642788
89 60  0.03284763260851992
90 60 -0.09021831457952016
91 60   0.0528887235210574
92 60 -0.03595078739476226
93 60   0.0565728997776335
103 60 -0.03055342668162967
104 60   0.0214313310964926
105 60 -0.004853130116353107
124 60  0.02671338909156074
125 60 -0.02155427810826833
126 60  0.05966569305454392
127 60  0.02789053699665378
128 60 -0.002864987678614787
129 60  -0.1352361963610353
133 60  0.04751100872298864
134 60  0.06207864193881925
135 60  -0.2690601321618298
136 60 -0.08955939342617997
137 60  0.06113461298519295
138 60  -0.0424566573032217
139 60  0.01208934286970673
140 60  -0.0771867469968652
141 60  -0.0148804001646196
142 60 -0.05724510751383716
143 60 -0.07566656785655151
144 60 -0.07618365417495132
145 60  0.06724213374236875
146 60 -0.05853623036518515
147 60  -0.1187985131868601
148 60 -0.02742025742179759
149 60  0.04450097624893357
150 60  0.09507138140950662
16 61 -0.04933815267544556
17 61  0.01030357250024151
18 61 -0.07084091747571057
28 61 -0.02139785426530244
29 61 -0.04326369772059731
30 61 -0.02142289018943625
40 61 -0.04248837419423705
41 61   0.0070898121356384
42 61  0.04220634162878545
58 61 -0.04872891709472553
59 61 -0.001780266789883869
60 61  0.01083008452974142
61 61   0.9191535951413412
62 61   0.0133377938410004
63 61 -0.06621690831492867
67 61  -0.0466576818164725
68 61 -0.01246752299841693
69 61 -0.007746796679007655
70 61  -0.3565547268110243
71 61  0.03986214525421521
72 61  0.06490950123067774
82 61  0.05283894142783149
83 61 -0.005335134953316023
84 61   0.0465621529018759
100 61 -0.001049300911078345
101 61  0.02979448622370005
102 61  0.01814918767697985
103 61  -0.1509191092396795
104 61 -0.03571706766493634
105 61  0.09778470787931634
133 61 -0.04635344710031412
134 61  0.01362345651490032
135 61  0.01790978382427507
136 61 0.009678000634555532
137 61 -0.03552598625707386
138 61 -0.05173170783108772
151 61  -0.1062461321583233
152 61  0.06130436611904994
153 61 -0.05809244983981084
154 61  0.05170963514393458
155 61  0.01719971833599738
156 61  0.03053848013404159
157 61  -0.1636464760810601
158 61 -0.05842567454051882
159 61 -0.05283856947571166
16 62  0.01030357250024152
17 62 -0.006333056190683897
18 62  0.01372567651182424
28 62 -0.04326369772059729
29 62  0.01047037972683697
30 62 -0.007133273025029342
40 62   0.0070898121356384
41 62 -0.03166021824960387
42 62 0.009875706073965828
58 62 -0.001780266789883861
59 62   -0.207781794304369
60 62   0.0791377437519825
61 62   0.0133377938410004
62 62   0.9291264770289882
63 62 -0.03037765293852673
67 62 -0.01246752299841693
68 62   -0.124093100871891
69 62    -0.07165446411414
70 62   0.0398621452542152
71 62  -0.1286059969758463
72 62  -0.0378352869563725
82 62 -0.005335134953316018
83 62  0.03433128534274089
84 62   0.0592980060543523
100 62  0.02979448622370003
101 62 -0.04302200089253994
102 62 -0.04331287348503791
103 62 -0.03571706766493634
104 62 -0.02367341733605609
105 62  0.02067834616426939
133 62   0.0136234565149003
134 62  -0.1093326897822643
135 62 -0.03635616630816544
136 62 -0.03552598625707386
137 62  0.05001818530829626
138 62 -0.04753215940010024
151 62  0.06130436611904995
152 62 -0.09686424715666933
153 62  0.07117103776016155
154 62  0.01719971833599738
155 62  0.04633886396834271
156 62  0.06180655537562752
157 62 -0.05842567454051882
158 62   -0.298918669615281
159 62 -0.04149119546481123
16 63 -0.07084091747571059
17 63  0.01372567651182424
18 63 -0.07843610257320072
28 63 -0.02142289018943624
29 63 -0.007133273025029341
30 63  0.04257664948458911
40 63  0.04220634162878546
41 63 0.009875706073965821
42 63  -0.2279409345276583
58 63  0.01083008452974141
59 63  0.07913774375198251
60 63 -0.07316865849440349
61 63 -0.06621690831492869
62 63 -0.03037765293852673
63 63    1.050305794639752
67 63 -0.007746796679007655
68 63    -0.07165446411414
69 63 -0.08819421127967875
70 63  0.06490950123067775
71 63 -0.03783528695637249
72 63  -0.1758885499107795
82 63  0.04656215290187588
83 63   0.0592980060543523
84 63    0.115898151265791
100 63  0.01814918767697985
101 63 -0.04331287348503791
102 63 -0.005152479047633511
103 63  0.09778470787931633
104 63   0.0206783461642694
105 63 -0.07795415082696405
133 63  0.01790978382427508
134 63 -0.03635616630816542
135 63  -0.2184622250669991
136 63 -0.05173170783108774
137 63 -0.04753215940010024
138 63   0.1082068619694809
151 63 -0.05809244983981086
152 63  0.07117103776016161
153 63  -0.1028203215625403
154 63  0.03053848013404161
155 63  0.06180655537562754
156 63 -0.03244412071951136
157 63 -0.05283856947571167
158 63 -0.04149119546481124
159 63  -0.2365257033502445
16 64  0.01940213655401937
17 64 0.000986269996015809
18 64  0.02029267729925551
25 64 -0.01906656101360714
26 64 -0.04062681900851054
27 64 -0.01166510312356204
52 64  -0.2061846888570432
53 64  0.02247705006185889
54 64 -0.09464771664875112
58 64  -0.1088676585197009
59 64 -0.01661697841778308
60 64  0.05823971240663522
64 64    1.085199921806146
65 64 -0.09563717161689118
66 64   0.1007861499988912
70 64  -0.2204696486190931
71 64   0.1218327057741721
72 64 -0.01712648515908934
79 64 -0.09240255151720297
80 64 -0.05454917317818646
81 64  0.02819929986490935
121 64  -0.5091889289251297
122 64  0.04433305575991889
123 64 -0.03617618075390303
124 64 -0.05654630010439543
125 64  0.03589745853557479
126 64 -0.04723027795917384
133 64 -0.06061081787307032
134 64 -0.01285304447578818
135 64 -0.05407323916094493
145 64 -0.06095077546581292
146 64 -0.02277236538424376
147 64 -0.06366042679322627
160 64  0.05880877333816163
161 64 0.003116124925262021
162 64  0.01157009249269569
163 64   0.1708770991967286
164 64  0.01441288702860076
165 64   0.1054914975362635
16 65 0.000986269996015819
17 65  0.01780194194768196
18 65 -0.03812377166110465
