%%MatrixMarket matrix coordinate real general
2604 2604 84242
1 1                    1
2 2                    1
3 3                    1
4 4   0.3508365218191593
5 4 -0.003185841587650275
6 4 -0.07238423536762392
7 4  -0.1041615675480995
8 4  0.06584691143715704
9 4  0.02694227348708708
10 4 -0.02020354566290921
11 4 -0.01990201558172826
12 4 2.617634684204026e-07
16 4   -0.161401540918918
17 4 -0.04632739105639193
18 4  0.02150234856547774
22 4 -0.01143049209879226
23 4  -0.0067373926380164
24 4 0.008673134369441031
25 4 -0.01684839846252067
26 4 -0.002126429352211824
27 4 -0.01023052416846851
28 4 0.004397508603599375
29 4  0.02004235935512309
30 4 -0.04091988029974345
31 4  0.01176313785124725
32 4 -0.0009560631052525014
33 4 -0.004536565996229699
4 5 -0.003185841587650274
5 5   0.3503995791724495
6 5  0.05115953467653717
7 5  0.06576263967428593
8 5  -0.1332581932779207
9 5 -0.03703364502346598
10 5 -0.02989947962000112
11 5 -0.07112283581242398
12 5 -0.0001390806223603314
16 5 -0.04630268881907966
17 5 -0.04021510394049283
18 5 -0.002253101090823468
22 5 -0.01176905971158389
23 5 -0.04004099099605515
24 5    0.026471235453908
25 5 0.002911488738608779
26 5 -0.03524607811361086
27 5 -0.04298338762238711
28 5  0.02004235935512309
29 5  0.04626949772339101
30 5  0.02108897758605138
31 5  0.00907928783468233
32 5 -0.04372204596282472
33 5 -0.02011874390314219
4 6 -0.07238423536762392
5 6  0.05115953467653717
6 6    0.351509009691484
7 6   0.0269422734870871
8 6 -0.03703362766777184
9 6 -0.07122566011675406
10 6 1.80770230071946e-07
11 6 -9.271403648897052e-05
12 6 -0.02029475133229305
16 6  0.02027795981508255
17 6 -0.00225310851336314
18 6 -0.04337285074288835
22 6  0.01388146770277418
23 6  0.02647331064922026
24 6 -0.02816691747737513
25 6 0.0001861424981983526
26 6 -0.04298391659374205
27 6  -0.1029472787025802
28 6 -0.04091988029974344
29 6  0.02108897758605137
30 6  0.01885568793661116
31 6 0.0006530983300132801
32 6 -0.02015094423214417
33 6 0.005671903522563792
4 7  -0.1041615675480995
5 7  0.06576263967428593
6 7   0.0269422734870871
7 7   0.3293299700107538
8 7  -0.0249243037750281
9 7  0.01934383964706637
10 7 -0.06867649749077717
11 7 -0.02998568425547592
12 7 -0.0001407803529025198
16 7 -0.01426480066685669
17 7 -0.02706008743889756
18 7 -0.01073866634765604
22 7  0.01181894927197757
23 7  0.01037318096714154
24 7  0.01217843894715851
28 7 -0.05473649240526826
29 7 -0.006630229165124984
30 7 -0.01771952590082579
34 7 -0.06045236809877751
35 7 0.008307628873056109
36 7 -0.01948548070468499
4 8  0.06584691143715704
5 8  -0.1332581932779207
6 8 -0.03703362766777183
7 8  -0.0249243037750281
8 8   0.3915350384950309
9 8 -0.02026982134392931
10 8 -0.01999365382555197
11 8 -0.01963443445323212
12 8 -4.143233615370348e-06
16 8   -0.026774174184042
17 8  -0.1421565985746415
18 8   0.0120411261756163
22 8  0.01475515932000572
23 8  0.03437287842717784
24 8 -0.002651905690920777
28 8 -0.01361767118172672
29 8 -0.06084555409088978
30 8 -0.02597518026909465
34 8 -0.003274148063792642
35 8 0.009264787216275399
36 8 -0.008241445084295602
4 9  0.02694227348708708
5 9   -0.037033645023466
6 9 -0.07122566011675406
7 9  0.01934383964706637
8 9 -0.02026982134392931
9 9   0.3552230192733261
10 9 -9.722096425773298e-05
11 9 -6.192565541358953e-06
12 9 -0.01962470891218406
16 9 -0.01073759131887677
17 9  0.01064049418656356
18 9 -0.02739375545378227
22 9  0.01216875470236714
23 9 0.002644969309079645
24 9 0.001903735446390269
28 9  -0.0177304715388466
29 9 -0.01538297649305262
30 9  -0.1235355043143172
34 9  -0.0194839243082019
35 9 -0.002947682877265129
36 9 0.002028927207801011
4 10 -0.02020354566290921
5 10 -0.02989947962000111
6 10 1.80770230071946e-07
7 10 -0.06867649749077717
8 10 -0.01999365382555197
9 10 -9.722096425773298e-05
10 10  0.09464070022377324
11 10  0.04990640182299478
12 10 0.001909099855554215
22 10 -0.005146819264038039
23 10 -0.0006671944792150968
24 10 -0.008646206362427068
4 11 -0.01990201558172826
5 11 -0.07112283581242398
6 11 -9.271403648897052e-05
7 11 -0.02998568425547592
8 11 -0.01963443445323212
9 11 -6.192565541358953e-06
10 11  0.04990640182299478
11 11   0.0962830406826215
12 11 0.0002490269328463378
22 11 -0.0009920388395666135
23 11 -0.003448929038681121
24 11 -0.007957085337076101
4 12 2.617634684204026e-07
5 12 -0.0001390806223603314
6 12 -0.02029475133229305
7 12 -0.0001407803529025198
8 12 -4.143233615370348e-06
9 12 -0.01962470891218406
10 12 0.001909099855554215
11 12 0.0002490269328463378
12 12  0.05902310967117667
22 12 -0.006046881818155801
23 12 -0.005307610239419942
24 12 -0.01028117458530823
13 13                    1
14 14                    1
15 15                    1
4 16   -0.161401540918918
5 16 -0.04630268881907965
6 16  0.02027795981508255
7 16 -0.01426480066685669
8 16   -0.026774174184042
9 16 -0.01073759131887677
16 16   0.8493992446039755
17 16  0.04125627986272071
18 16  0.00694462078782789
25 16 -0.08323375815605365
26 16 -0.03175221465210951
27 16  0.05912026475613857
28 16   -0.022810669580559
29 16 -0.02265559195689867
30 16  0.01791941699530169
31 16  -0.1507549276526743
32 16 9.423579095984163e-05
33 16 -0.0002377424621319291
34 16  -0.1191420968941765
35 16  0.04691240476393978
36 16 -0.001550401141087222
40 16  -0.2010097728800433
41 16 0.007275315837970835
42 16 0.003955006779413449
52 16 -0.01517867897294164
53 16  0.03996691815633712
54 16  0.03495717598244449
55 16  0.02019119788407501
56 16  0.05609843693006505
57 16 -0.003229240405194813
58 16 -0.09370939885881914
59 16 -0.08750934911333516
60 16 -0.03425031099799635
61 16 -0.04933815267545028
62 16  0.01030357250024238
63 16 -0.07084091747571152
64 16  0.01940213655401528
65 16 0.0009862699960169301
66 16  0.02029267729925249
67 16  0.01567896606355292
68 16  0.03754753275474379
69 16 -0.01496433892431866
70 16 -0.01748763130753736
71 16 -0.0007955982028174644
72 16 -0.01165924062759324
4 17 -0.04632739105639193
5 17 -0.04021510394049283
6 17 -0.00225310851336314
7 17 -0.02706008743889756
8 17  -0.1421565985746415
9 17  0.01064049418656357
16 17  0.04125627986272072
17 17   0.8030608589819471
18 17 -0.03369889379677643
25 17 -0.03175221465210949
26 17 -0.01599191801173535
27 17  0.01995735517168396
28 17 -0.02265559195689866
29 17  -0.1229302391531987
30 17  0.07115056950635325
31 17 5.919005661484511e-05
32 17 -0.04308603955562458
33 17 -5.472985504056956e-10
34 17  0.04689678701388382
35 17  -0.1186175025767835
36 17 -0.01774929742312761
40 17 0.007345390804624819
41 17  -0.0125582312699329
42 17 0.005388952417269518
52 17  0.03996691815633713
53 17 -0.02705773930796143
54 17 -0.02799186113894533
55 17  0.05636563709954204
56 17  -0.1146444666924634
57 17  0.02509260585532511
58 17 -0.08748622124791702
59 17  -0.1789961799984903
60 17 -0.06097532287175877
61 17  0.01030357250024238
62 17 -0.006333056190683832
63 17  0.01372567651182499
64 17 0.0009862699960169309
65 17  0.01780194194767764
66 17 -0.03812377166110162
67 17  0.03754753275474378
68 17 -0.004882091683244778
69 17  0.02447264287779062
70 17 -0.0007955982028174651
71 17 -0.01943353880567846
72 17  0.01198111466415835
4 18  0.02150234856547774
5 18 -0.002253101090823468
6 18 -0.04337285074288835
7 18 -0.01073866634765604
8 18   0.0120411261756163
9 18 -0.02739375545378227
16 18 0.006944620787827892
17 18 -0.03369889379677643
18 18    0.714094065882763
25 18  0.05912026475613856
26 18  0.01995735517168395
27 18 -0.03573882742560575
28 18  0.01791941699530168
29 18  0.07115056950635326
30 18 -0.06399414581406775
31 18 -0.0001695939483026196
32 18 1.645147357724831e-08
33 18 -0.04307616828435641
34 18 -0.003232422797015676
35 18 -0.01775232795360328
36 18 -0.06707136512706126
40 18 0.003937665393167061
41 18 0.005387473785716221
42 18 -0.005017972117675715
52 18  0.03495717598244449
53 18 -0.02799186113894534
54 18 -0.009380634937777403
55 18 -0.00320085436809347
56 18  0.02359493767852129
57 18  0.01623759233523317
58 18 -0.03432046200707052
59 18 -0.06110495552918078
60 18 -0.05518575567348322
61 18 -0.07084091747571149
62 18  0.01372567651182498
63 18 -0.07843610257320138
64 18  0.02029267729925249
65 18 -0.03812377166110163
66 18 -0.04805884519174781
67 18 -0.01496433892431866
68 18  0.02447264287779062
69 18  0.03203139446439045
70 18 -0.01165924062759324
71 18  0.01198111466415835
72 18  -0.1562839366233473
19 19                    1
20 20                    1
21 21                    1
4 22 -0.01143049209879226
5 22 -0.01176905971158389
6 22  0.01388146770277418
7 22  0.01181894927197757
8 22  0.01475515932000572
9 22  0.01216875470236714
10 22 -0.005146819264038039
11 22 -0.0009920388395666135
12 22 -0.006046881818155801
22 22   0.2249011141448276
23 22 0.007330679806026273
24 22  -0.0267181670384154
25 22 -0.07433208082183655
26 22 0.001700274831883404
27 22  0.01606922784900292
28 22  -0.1443754859910095
29 22 -0.0007133791215288669
30 22  0.01580131658252097
70 22  0.04649570304446034
71 22 -0.02852488916222662
72 22 -0.01960175785849822
76 22 -0.04793088828558918
77 22   0.0182132528769906
78 22 -0.005553960121595782
4 23  -0.0067373926380164
5 23 -0.04004099099605515
6 23  0.02647331064922026
7 23  0.01037318096714154
8 23  0.03437287842717784
9 23 0.002644969309079645
10 23 -0.0006671944792150968
11 23 -0.003448929038681121
12 23 -0.005307610239419942
22 23 0.007330679806026273
23 23   0.2328293275413739
24 23 -0.04555266790682852
25 23  0.01177974769158403
26 23  -0.1288472742398977
27 23  0.01778915808414842
28 23 -0.01111769634158101
29 23 -0.09827794509533333
30 23   0.0282017852525143
70 23 -0.02852488916222662
71 23  0.05044414262353346
72 23 -0.02643475619970434
76 23   0.0175635641562873
77 23 -0.04703120922211781
78 23 0.002185811050990208
4 24 0.008673134369441031
5 24    0.026471235453908
6 24 -0.02816691747737513
7 24  0.01217843894715851
8 24 -0.002651905690920777
9 24 0.001903735446390269
10 24 -0.008646206362427073
11 24 -0.007957085337076101
12 24 -0.01028117458530823
22 24  -0.0267181670384154
23 24 -0.04555266790682852
24 24   0.2806982887718186
25 24  0.01867339451566995
26 24  0.01778759151513805
27 24  -0.1107843792180764
28 24   0.0157964744601252
29 24  0.03085282691918081
30 24  -0.1201658895019068
70 24 -0.01960175785849821
71 24 -0.02643475619970435
72 24  0.08457961484916587
76 24 -0.0003553110330540149
77 24 0.007484761246302887
78 24 -0.09778327828470805
4 25 -0.01684839846252067
5 25 0.002911488738608779
6 25 0.0001861424981983515
16 25 -0.08323375815605365
17 25 -0.03175221465210949
18 25  0.05912026475613856
22 25 -0.07433208082183655
23 25  0.01177974769158403
24 25  0.01867339451566995
25 25   0.3158678003760839
26 25 0.005355956042777426
27 25 0.005880652907981177
28 25 -0.001373328418582731
29 25  0.04657327370258318
30 25 0.001693772400174443
31 25  0.01552907471649802
32 25 0.004117970481022002
33 25 0.006901358339095396
52 25 -0.02548956640279523
53 25 -0.01285132782084123
54 25 -0.003873808147127351
64 25 -0.01906656101360592
65 25 -0.04062681900851001
66 25 -0.01166510312356296
70 25  -0.1208748813219941
71 25  0.01168213278025123
72 25 -0.05611233745024152
76 25  0.01495273056814586
77 25 0.001491801327408692
78 25 -0.02098688795398109
79 25 -0.005131031063338911
80 25 0.001317990717225402
81 25 0.0001825512576550366
4 26 -0.002126429352211824
5 26 -0.03524607811361086
6 26 -0.04298391659374205
16 26 -0.03175221465210951
17 26 -0.01599191801173535
18 26  0.01995735517168395
22 26 0.001700274831883401
23 26  -0.1288472742398977
24 26  0.01778759151513803
25 26 0.005355956042777426
26 26   0.3617843229176892
27 26 0.008683050631613723
28 26  0.04657327370258318
29 26 -0.003493763685558461
30 26 -0.02296661695116645
31 26  0.00915515614996755
32 26 -7.648136741982264e-05
33 26  0.03031612317176214
52 26 -0.002784972433471542
53 26 -0.09675944921369502
54 26 -0.00382153436667069
64 26 -0.04062681900851001
65 26 -0.05327298665790954
66 26 -0.02477052582883638
70 26  0.01168213278025124
71 26 -0.01514947697350823
72 26  0.01283578538756696
76 26 -0.003536635969140404
77 26 -6.369080794359043e-06
78 26  0.02956873108590218
79 26 0.006360277907980476
80 26 -0.01294052557355974
81 26  -0.0246060432232514
4 27 -0.01023052416846851
5 27 -0.04298338762238711
6 27  -0.1029472787025802
16 27  0.05912026475613857
17 27  0.01995735517168396
18 27 -0.03573882742560575
22 27  0.01606922784900292
23 27  0.01778915808414842
24 27  -0.1107843792180764
25 27 0.005880652907981177
26 27 0.008683050631613723
27 27   0.3917070388995066
28 27 0.001693772400174444
29 27 -0.02296661695116646
30 27  0.07788281067733777
31 27 -0.0009111416609046382
32 27  0.03031455660275133
33 27 -0.01572671364181964
52 27 -0.001269641480460502
53 27 -0.00382466750469126
54 27  -0.0257349945934405
64 27 -0.01166510312356296
65 27 -0.02477052582883639
66 27 0.003386070920783971
70 27 -0.05611233745024154
71 27  0.01283578538756697
72 27 -0.09688357681697025
76 27 -0.01317438795398107
77 27  0.02957133525256782
78 27  -0.0153825531021157
79 27   0.0105992179243221
80 27 -0.02460604322325096
81 27 -0.06977759699701985
4 28 0.004397508603599375
5 28  0.02004235935512309
6 28 -0.04091988029974344
7 28 -0.05473649240526826
8 28 -0.01361767118172672
9 28  -0.0177304715388466
16 28   -0.022810669580559
17 28 -0.02265559195689868
18 28  0.01791941699530168
22 28  -0.1443754859910095
23 28 -0.01111769634158101
24 28   0.0157964744601252
25 28 -0.001373328418582733
26 28  0.04657327370258318
27 28 0.001693772400174444
28 28   0.4018298392505686
29 28 0.002172589601755499
30 28 0.009354216830134023
34 28  0.01686346579918224
35 28 0.005577004730883509
36 28  0.02922501378349038
61 28  -0.0213978542652981
62 28 -0.04326369772059739
63 28 -0.02142289018943757
67 28   -0.124907768506741
68 28 0.004365190069142402
69 28 0.006417078732090985
70 28 -0.02240110677936679
71 28 0.009487498556653047
72 28  0.01342245909974356
76 28  0.01115409035761404
77 28 -0.008413386156690482
78 28  0.02861312273807844
82 28 -0.04224219806413885
83 28  0.01085012734135354
84 28  -0.0423683130111111
4 29  0.02004235935512309
5 29  0.04626949772339101
6 29  0.02108897758605137
7 29 -0.006630229165124984
8 29 -0.06084555409088978
9 29 -0.01538297649305262
16 29 -0.02265559195689867
17 29  -0.1229302391531987
18 29  0.07115056950635326
22 29 -0.0007133791215288669
23 29 -0.09827794509533333
24 29  0.03085282691918082
25 29  0.04657327370258318
26 29 -0.003493763685558461
27 29 -0.02296661695116646
28 29 0.002172589601755499
29 29   0.3744568460647579
30 29 -0.01292582597099274
34 29 0.001947783132576273
35 29   0.0187021543527111
36 29  0.01234004170711398
61 29 -0.04326369772059738
62 29  0.01047037972684746
63 29 -0.007133273025025521
67 29 -0.00667615616295426
68 29 -0.05089777677392424
69 29 -0.01021872771471774
70 29 0.009487498556653056
71 29  -0.1121474490045558
72 29 -0.05973895806265053
76 29 -0.004359481941195578
77 29  0.02202975685285883
78 29 -0.01788161606123296
82 29 0.004075031719608638
83 29 -0.02333590691710602
84 29  0.01081557856013916
4 30 -0.04091988029974345
5 30  0.02108897758605138
6 30  0.01885568793661116
7 30 -0.01771952590082579
8 30 -0.02597518026909465
9 30  -0.1235355043143172
16 30  0.01791941699530169
17 30  0.07115056950635325
18 30 -0.06399414581406775
22 30  0.01580131658252096
23 30   0.0282017852525143
24 30  -0.1201658895019068
25 30 0.001693772400174442
26 30 -0.02296661695116645
27 30  0.07788281067733777
28 30 0.009354216830134026
29 30 -0.01292582597099275
30 30   0.4524151172600162
34 30  0.02923392491630294
35 30 0.004397333373781058
36 30 -0.01220211990614394
61 30 -0.02142289018943757
62 30 -0.007133273025025521
63 30  0.04257664948459327
67 30  0.00642066963378379
68 30 -0.007572365410030162
69 30 -0.05845340067571329
70 30  0.01342245909974357
71 30 -0.05973895806265053
72 30  -0.1014006251210334
76 30  0.02859858619836483
77 30 -0.009935774589878498
78 30 -0.01225568726817245
82 30 -0.04238206626631943
83 30   0.0214093285601386
84 30 -0.09972289275720336
4 31  0.01176313785124725
5 31  0.00907928783468233
6 31 0.0006530983300132801
16 31  -0.1507549276526743
17 31 5.919005661484511e-05
18 31 -0.0001695939483026196
25 31  0.01552907471649802
26 31  0.00915515614996755
27 31 -0.0009111416609046382
31 31    0.347064084139718
32 31  0.09557148926005257
33 31 -0.008948877651025602
52 31 -0.02260674840775667
53 31 -0.009184780732147421
54 31 -0.03367330425668272
55 31   -0.158634972349005
56 31  -0.1047334850646044
57 31 -0.0001162622384417748
4 32 -0.0009560631052525012
5 32 -0.04372204596282472
6 32 -0.02015094423214417
16 32 9.423579095984163e-05
17 32 -0.04308603955562458
18 32 1.645147357724831e-08
25 32 0.004117970481022002
26 32 -7.648136741982264e-05
27 32  0.03031455660275133
31 32  0.09557148926005257
32 32   0.3317643782770504
33 32  0.02045265010763659
52 32 -0.004149512584360809
53 32 -0.01994082851439452
54 32 -0.03031776286164495
55 32 -0.09473919419409418
56 32  -0.1951140597501538
57 32 -0.0001719544158733811
4 33 -0.004536565996229698
5 33 -0.02011874390314219
6 33 0.005671903522563792
16 33 -0.0002377424621319638
17 33 -5.47298550410566e-10
18 33 -0.04307616828435641
25 33 0.006901358339095396
26 33  0.03031612317176214
27 33 -0.01572671364181964
31 33 -0.008948877651025602
32 33  0.02045265010763659
33 33    0.290864492842079
52 33 -0.02586090598194296
53 33  -0.0303188004593011
54 33 -0.06696310839928332
55 33 -0.0001620290965056344
56 33 -0.0002463749718406537
57 33 -0.07861108733041922
7 34 -0.06045236809877751
8 34 -0.003274148063792641
9 34  -0.0194839243082019
16 34  -0.1191420968941765
17 34  0.04689678701388382
18 34 -0.003232422797015676
28 34  0.01686346579918224
29 34 0.001947783132576273
30 34  0.02923392491630294
34 34   0.8550333281139786
35 34 -0.01122263040991631
36 34  0.05827430866546335
40 34  -0.2735889666672487
41 34 -0.06353296698708413
42 34 -0.01554918556906216
43 34  -0.1150811874992604
44 34  0.02670856902151834
45 34 -6.114567604621063e-06
67 34 -0.04397882163639931
68 34 0.005209126217347804
69 34 -0.03432317933808124
7 35 0.008307628873056111
8 35 0.009264787216275399
9 35 -0.002947682877265129
16 35  0.04691240476393978
17 35  -0.1186175025767835
18 35 -0.01775232795360331
28 35 0.005577004730883509
29 35   0.0187021543527111
30 35 0.004397333373781058
34 35 -0.01122263040991631
35 35   0.4270737732587114
36 35  0.01187426757361851
40 35 -0.06354683660302447
41 35  -0.1242982813920992
42 35 -0.03409264918792202
43 35  0.01620762297659646
44 35 -0.02933664338053131
45 35 -3.033249505734158e-06
67 35 -0.001430400149839377
68 35 -0.03631142626215756
69 35 -0.007369417404119691
7 36 -0.01948548070468499
8 36 -0.008241445084295602
9 36 0.002028927207801011
16 36 -0.001550401141087222
17 36 -0.01774929742312761
18 36 -0.06707136512706126
28 36  0.02922501378349038
29 36  0.01234004170711398
30 36 -0.01220211990614394
34 36  0.05827430866546336
35 36  0.01187426757361851
36 36   0.5483045961233689
40 36 -0.01704293430274377
41 36 -0.03409534050348409
42 36  -0.1157160200958272
43 36 -4.891607040622553e-07
44 36 -4.070847161065372e-06
45 36 -0.03209291757332036
67 36 -0.03432444073131057
68 36 0.0005102823029114866
69 36  -0.1096686810135956
37 37                    1
38 38                    1
39 39                    1
16 40  -0.2010097728800433
17 40 0.007345390804624819
18 40 0.003937665393167061
34 40  -0.2735889666672487
35 40 -0.06354683660302447
36 40 -0.01704293430274378
40 40    1.031620982816257
41 40  0.08619731608973456
42 40  -0.1015472757498058
43 40  -0.3003179449437394
44 40  0.03950795608091806
45 40   0.0875315815579491
49 40  -0.2619755435845789
50 40 -0.05745219538958782
51 40    0.091102835110069
58 40 -0.02245368283095527
59 40  -0.0204860664658989
60 40 -0.005251443222673432
61 40 -0.04248837419423754
62 40 0.007089812135637684
63 40  0.04220634162878552
67 40  -0.0385760798331618
68 40  -0.0454507958818748
69 40   0.0328068301710553
100 40 -0.04551498038072947
101 40  0.04935571471878518
102 40 -0.01897492619917152
103 40 -0.05536530315536519
104 40 -0.01474374186065234
105 40 -0.06597674167638545
16 41 0.007275315837970835
17 41  -0.0125582312699329
18 41  0.00538747378571622
34 41 -0.06353296698708413
35 41  -0.1242982813920992
36 41 -0.03409534050348409
40 41  0.08619731608973455
41 41    0.744099766062101
42 41 0.006698590050143588
43 41  0.03949442942772305
44 41  -0.1956952670834335
45 41 -0.05323179147728728
49 41 -0.05738031268887746
50 41  -0.1226472577948652
51 41  0.02322676287053633
58 41 -0.02047195836029077
59 41  -0.1396808585530871
60 41 -0.04199684989201802
61 41 0.007089812135637693
62 41 -0.03166021824960598
63 41 0.009875706073962721
67 41  -0.0454507958818748
68 41 -0.08454253407212053
69 41   0.0436554467247762
100 41  0.04935571471878519
101 41 -0.09705251755814273
102 41  0.03735427820731048
103 41 -0.01474374186065235
104 41 0.006078318092600727
105 41 -0.02737609221638511
16 42 0.003955006779413449
17 42 0.005388952417269523
18 42 -0.005017972117675715
34 42 -0.01554918556906216
35 42 -0.03409264918792202
36 42  -0.1157160200958272
40 42  -0.1015472757498058
41 42 0.006698590050143588
42 42   0.7822746838419113
43 42  0.08607476969165741
44 42 -0.05323441624299319
45 42  -0.1954889343395196
49 42  0.09108504636557038
50 42  0.02322524609451075
51 42   -0.119790152611103
58 42 -0.005267042518080113
59 42 -0.04207592641672656
60 42 -0.01867727467369049
61 42   0.0422063416287855
62 42 0.009875706073962716
63 42  -0.2279409345276692
67 42   0.0328068301710553
68 42  0.04365544672477621
69 42 -0.01670906648564922
100 42 -0.01897492619917152
101 42  0.03735427820731047
102 42 -0.04110654550399248
103 42 -0.06597674167638548
104 42 -0.02737609221638511
105 42 -0.03026008723953203
34 43  -0.1150811874992604
35 43  0.01620762297659646
36 43 -4.8916070406399e-07
40 43  -0.3003179449437394
41 43  0.03949442942772305
42 43  0.08607476969165741
43 43   0.9086950225708406
44 43 -0.02951030850622423
45 43  -0.1490433957488208
49 43  -0.1785646851311239
50 43 -0.05473093693376559
51 43   0.0375170935181312
67 43 0.008124520309068068
68 43 -0.005843603239709013
69 43    0.019235510768634
100 43 -0.02801426068242506
101 43 0.003967916553274662
102 43 -0.03352960865904103
106 43 -0.03696888934640465
107 43  0.01672218465665417
108 43 -0.01296228232247464
34 44  0.02670856902151834
35 44 -0.02933664338053131
36 44 -4.070847161065372e-06
40 44  0.03950795608091806
41 44  -0.1956952670834335
42 44 -0.05323441624299319
43 44 -0.02951030850622423
44 44    0.574252118379622
45 44 -0.008595497177186329
49 44 -0.05453212232761929
50 44  -0.2106285202649533
51 44 0.008661116151784887
67 44 -0.001209595467899092
68 44  0.01721567559114687
69 44 -0.006361064597115348
100 44 -0.003130624706490943
101 44 -0.002019478801470837
102 44 -0.001896980511518606
106 44 0.004975615310476075
107 44   0.0212640400180664
108 44 -0.00351548656356095
34 45 -6.114567604621063e-06
35 45 -3.033249505734158e-06
36 45 -0.03209291757332036
40 45   0.0875315815579491
41 45 -0.05323179147728728
42 45  -0.1954889343395196
43 45  -0.1490433957488208
44 45 -0.008595497177186329
45 45   0.6268474244812244
49 45  0.03584343125816643
50 45  0.00691004098924133
51 45  -0.1209442300800517
67 45  0.01923270315144657
68 45 -0.001189718568468982
69 45 -0.006665456979052067
100 45 -0.03355304615904106
101 45 0.008561332476762759
102 45 -0.06466311625181925
106 45 -0.01309229681214577
107 45 0.001732062791833294
108 45 0.004741525517988231
46 46                    1
47 47                    1
48 48                    1
40 49  -0.2619755435845789
41 49 -0.05738031268887745
42 49  0.09108504636557035
43 49  -0.1785646851311239
44 49 -0.05453212232761929
45 49  0.03584343125816643
49 49    1.015846681973653
50 49   0.1086701292838941
51 49 -0.04365179857708416
58 49  0.03377448722161765
59 49   0.0359425709066389
60 49  0.01113013370597573
91 49  -0.3021906409336808
92 49  -0.1099840551213285
93 49 -0.02853656451997926
100 49 -0.007664728892869256
101 49 -0.02615108585166458
102 49   0.0151022216186122
103 49 -0.03756148522739935
104 49 0.001045845049757771
105 49 -0.03758837193704391
106 49  -0.2508980852475574
107 49  0.06092036958721644
108 49  0.01293805193452625
118 49 -0.04406636403976755
119 49  0.04415913708104861
120 49 -0.03449252872610452
40 50 -0.05745219538958782
41 50  -0.1226472577948653
42 50  0.02322524609451075
43 50 -0.05473093693376559
44 50  -0.2106285202649533
45 50  0.00691004098924133
49 50   0.1086701292838941
50 50   0.9830804135406851
51 50 0.007939034364764131
58 50   0.0359550314527828
59 50 -0.01500667945757506
60 50 -0.04620836309477347
91 50  -0.1096403969797946
92 50  -0.3283362119072772
93 50 -0.04839608077190945
100 50 -0.02615108585166458
101 50 -0.07172307459767897
102 50  0.04886631995124061
103 50 0.001045845049757771
104 50 -0.03523510522094667
105 50 -0.01723490970418866
106 50  0.06072524793243156
107 50   -0.200208449765638
108 50 -0.01129700809956374
118 50  0.04415913708104863
119 50 -0.01103993275527275
120 50  0.03282669404400233
40 51    0.091102835110069
41 51  0.02322676287053633
42 51   -0.119790152611103
43 51   0.0375170935181312
44 51 0.008661116151784887
45 51  -0.1209442300800517
49 51 -0.04365179857708416
50 51 0.007939034364764131
51 51   0.7870975295738585
58 51  0.01115517542299885
59 51  -0.0462782049794558
60 51   0.0127364933904078
91 51 -0.02855468958366021
92 51 -0.04972890981307361
93 51    -0.14776530279856
100 51   0.0151022216186122
101 51  0.04886631995124061
102 51 -0.03184876088237103
103 51 -0.03758837193704388
104 51 -0.01723490970418866
105 51  -0.2228953447480048
106 51  0.01092858739218325
107 51 -0.01111793832122967
108 51  -0.1061505351435692
118 51 -0.03449252872610453
119 51  0.03282669404400233
120 51 -0.003683923747195294
16 52 -0.01517867897294165
17 52  0.03996691815633713
18 52  0.03495717598244449
25 52 -0.02548956640279523
26 52 -0.00278497243347154
27 52 -0.001269641480460497
31 52 -0.02260674840775667
32 52 -0.004149512584360809
33 52 -0.02586090598194296
52 52   0.3395578125997766
53 52 0.003213951498352451
54 52  0.08913919093285805
55 52 -0.02916863108207799
56 52 -0.004257267383061893
57 52  0.01428804442852635
58 52 -0.01920623248835896
59 52 -0.03000876650347637
60 52 0.007308717180964409
64 52  -0.2061846888570321
65 52  0.02247705006185836
66 52 -0.09464771664874543
79 52  0.01948576541566672
80 52 0.002510427200879967
81 52 -0.00260073522363998
121 52  0.01319674858791611
122 52 -0.00251880162974035
123 52 -0.01040701718717784
124 52 -0.05440578039239683
125 52 -0.02444902638331692
126 52 -0.01090711200282658
16 53  0.03996691815633711
17 53 -0.02705773930796143
18 53 -0.02799186113894534
25 53 -0.01285132782084123
26 53 -0.09675944921369502
27 53 -0.003824667504691261
31 53 -0.009184780732147421
32 53 -0.01994082851439452
33 53 -0.03031880045930111
52 53 0.003213951498352454
53 53    0.424998360810764
54 53  0.02142610427483162
55 53 0.0007688760088653663
56 53 -0.03459978762642237
57 53  0.05734098527809876
58 53 -0.03000876650347637
59 53  0.02889192980541352
60 53  0.01079661037305028
64 53  0.02247705006185834
65 53  -0.1307184527352064
66 53   0.0190400590481332
79 53 -0.002525608972622671
80 53 0.003303278955587509
81 53  0.01520377147118735
121 53 0.002521410365702087
122 53 -0.002987584590615517
123 53 -0.01522035659415691
124 53 -0.01437772206202766
125 53  -0.1451297275834697
126 53 -0.04645184474820653
16 54  0.03495717598244449
17 54 -0.02799186113894533
18 54 -0.009380634937777403
25 54 -0.003873808147127351
26 54 -0.003821534366670688
27 54  -0.0257349945934405
31 54 -0.03367330425668272
32 54 -0.03031776286164495
33 54 -0.06696310839928332
52 54  0.08913919093285806
53 54  0.02142610427483162
54 54   0.5280346355586132
55 54 0.009079914545714045
56 54  0.05733838111143202
57 54  -0.1113213418228031
58 54 0.007308717180964413
59 54  0.01079661037305029
60 54  0.05850420280139416
64 54 -0.09464771664874545
65 54  0.01904005904813319
66 54  -0.2667773980950457
79 54 0.002607598109693499
80 54  0.01520533804019758
81 54 -0.004547519888347029
121 54 -0.00259472063769868
122 54 -0.01522088556551074
123 54  -0.0265691077099039
124 54 -0.008303047061420314
125 54 -0.04645444891487294
126 54 -0.07524473291340632
16 55  0.02019119788407501
17 55  0.05636563709954204
18 55 -0.00320085436809347
31 55   -0.158634972349005
32 55 -0.09473919419409418
33 55 -0.0001620290965056344
52 55 -0.02916863108207799
53 55 0.0007688760088653663
54 55 0.009079914545714047
55 55   0.5096039989964751
56 55  0.04791262813291072
57 55  0.06279581732214252
58 55   -0.157443636799425
59 55  0.01475618424526305
60 55 -0.09504720481920526
124 55   -0.061758001585974
125 55 0.0008136446891959326
126 55  0.01755731950353188
127 55  0.02775621589499704
128 55  -0.0585140864355583
129 55 -0.03018026605803888
130 55 -0.04145349461369448
131 55  0.03694727883020876
132 55  0.01043140613587092
16 56  0.05609843693006505
17 56  -0.1146444666924634
18 56  0.02359493767852129
31 56  -0.1047334850646044
32 56  -0.1951140597501538
33 56 -0.0002463749718406537
52 56 -0.004257267383061893
53 56 -0.03459978762642237
54 56  0.05733838111143202
55 56  0.04791262813291072
56 56   0.6420843822733151
57 56  0.04022196755558538
58 56  0.01475233830562699
59 56 0.0007798526899585193
60 56  0.01785455112017465
124 56 0.005850408198310918
125 56 -0.06314271898081276
126 56 -0.05259865646942972
127 56 -0.05833598177178533
128 56 -0.04279132446351562
129 56 -0.05057542953141488
130 56  0.04700612689336055
131 56 -0.07702939705475075
132 56 -0.02790062366858776
16 57 -0.003229240405194813
17 57  0.02509260585532512
18 57  0.01623759233523317
31 57 -0.0001162622384417748
32 57 -0.0001719544158733811
33 57 -0.07861108733041922
52 57  0.01428804442852635
53 57  0.05734098527809875
54 57  -0.1113213418228031
55 57  0.06279581732214252
56 57  0.04022196755558538
57 57   0.6366216369753057
58 57 -0.09628007817764175
59 57  0.01788093553642918
60 57 -0.08518240758608248
124 57  0.02797388444493788
125 57 -0.05259969406708641
126 57  -0.2214455982444277
127 57 -0.03025444878114742
128 57 -0.05184126626652651
129 57  0.02621277051085122
130 57  0.01563994291972509
131 57 -0.02790477405921235
132 57 -0.008651111514526966
16 58 -0.09370939885881914
17 58 -0.08748622124791702
18 58 -0.03432046200707052
40 58 -0.02245368283095527
41 58 -0.02047195836029077
42 58 -0.005267042518080113
49 58  0.03377448722161765
50 58   0.0359550314527828
51 58  0.01115517542299885
52 58 -0.01920623248835896
53 58 -0.03000876650347638
54 58 0.007308717180964413
55 58   -0.157443636799425
56 58  0.01475233830562699
57 58 -0.09628007817764175
58 58    1.136742742924779
59 58 -0.03367855373242596
60 58 -0.07764360499092759
61 58 -0.04872891709472447
62 58 -0.001780266789884408
63 58  0.01083008452974164
64 58  -0.1088676585197072
65 58 -0.01661697841778126
66 58  0.05823971240663509
70 58   0.0179206046460217
71 58 -0.03665291308998095
72 58  0.01592624034514357
88 58  -0.2646075756105548
89 58 -0.04317943743508345
90 58  0.08624322453127604
91 58 -0.008614792338740594
92 58  0.02949417815308088
93 58  0.05295586834874831
103 58 -0.04452075601474942
104 58  0.08140274146960769
105 58 -0.03055342668162867
124 58  -0.0448976213500993
125 58  0.03782230520051795
126 58  0.02671338909156344
127 58  -0.1858619768031651
128 58    0.125933163009612
129 58  0.02781628539127685
133 58 -0.05622303892812532
134 58 -0.02597888120823177
135 58  0.04751100872299001
136 58 -0.04250940707375295
137 58  0.04816592030937798
138 58 -0.08955939342617761
139 58  0.08180860287603763
140 58  0.02765455084346894
141 58  0.01208934286970323
142 58 -0.03429325845982788
143 58 -0.06101179045944594
144 58 -0.05724510751383816
145 58  -0.1558660661856887
146 58  0.04339482933079229
147 58  0.06724213374237188
148 58  0.07709094277254702
149 58 -0.07852103851919176
150 58 -0.02739888938864006
16 59 -0.08750934911333516
17 59  -0.1789961799984903
18 59 -0.06110495552918079
40 59  -0.0204860664658989
41 59  -0.1396808585530871
42 59 -0.04207592641672656
49 59   0.0359425709066389
50 59 -0.01500667945757506
51 59  -0.0462782049794558
52 59 -0.03000876650347637
53 59  0.02889192980541352
54 59  0.01079661037305029
55 59  0.01475618424526305
56 59 0.0007798526899585193
57 59  0.01788093553642918
58 59 -0.03367855373242596
59 59    1.265573980224375
60 59 -0.01107169056371538
61 59 -0.001780266789884407
62 59  -0.2077817943043657
63 59  0.07913774375198016
64 59 -0.01661697841778126
65 59 -0.02815348363147714
66 59  0.03286890751982881
70 59 -0.03665291308998093
71 59 -0.03090666371346914
72 59  0.03323228436910566
88 59  -0.0431733699202476
89 59 -0.02786812470300365
90 59   0.0328816412841103
91 59  0.02949129166430348
92 59  0.06009459836213358
93 59 -0.03596696628563584
103 59  0.08140274146960769
104 59 -0.07799692674147146
105 59  0.02143133109648761
124 59  0.03782230520051795
125 59 0.008505200899976407
126 59 -0.02155427810827338
127 59   0.1260029960861309
128 59  -0.3624793055596289
129 59 -0.002764628509228088
133 59 -0.02597888120823176
134 59 -0.04306696999533433
135 59    0.062078641938821
136 59  0.04816592030937795
137 59  0.00444968633863766
138 59  0.06113461298518702
139 59  0.02765455084346895
140 59  0.01451696028868232
141 59 -0.07718674699686347
142 59 -0.06101179045944595
143 59  -0.0445007753823583
144 59 -0.07566656785654767
145 59  0.04339482933079226
146 59 -0.06856530156144211
147 59 -0.05853623036518273
148 59 -0.07855717100950296
149 59 -0.07169665826349461
150 59  0.04455946105607463
16 60 -0.03425031099799635
17 60 -0.06097532287175877
18 60 -0.05518575567348322
40 60 -0.005251443222673432
41 60 -0.04199684989201802
42 60 -0.01867727467369049
49 60  0.01113013370597571
50 60 -0.04620836309477347
51 60   0.0127364933904078
52 60 0.007308717180964409
53 60  0.01079661037305028
54 60  0.05850420280139416
55 60 -0.09504720481920526
56 60  0.01785455112017465
57 60 -0.08518240758608248
58 60 -0.07764360499092759
59 60 -0.01107169056371538
60 60    1.235720543837874
61 60  0.01083008452974166
62 60  0.07913774375198014
63 60 -0.07316865849439841
64 60  0.05823971240663508
65 60   0.0328689075198288
66 60  -0.1113071578452361
70 60  0.01592624034514356
71 60  0.03323228436910564
72 60  0.01039621932580248
88 60  0.08553476294643068
89 60  0.03284763260852205
90 60 -0.09021831457953024
91 60  0.05288872352105459
92 60 -0.03595078739476094
93 60  0.05657289977763661
103 60 -0.03055342668162869
104 60   0.0214313310964876
105 60 -0.004853130116343486
124 60  0.02671338909156346
125 60 -0.02155427810827338
126 60  0.05966569305453252
127 60  0.02789053699664978
128 60 -0.002864987678613961
129 60  -0.1352361963610259
133 60  0.04751100872298999
134 60    0.062078641938821
135 60  -0.2690601321618428
136 60 -0.08955939342617761
137 60  0.06113461298518703
138 60 -0.04245665730320627
139 60  0.01208934286970324
140 60 -0.07718674699686345
141 60 -0.01488040016461438
142 60 -0.05724510751383815
143 60 -0.07566656785654768
144 60 -0.07618365417494263
145 60  0.06724213374237187
146 60 -0.05853623036518271
147 60   -0.118798513186873
148 60 -0.02742025742179611
149 60  0.04450097624893005
150 60   0.0950713814095019
16 61 -0.04933815267545028
17 61  0.01030357250024238
18 61 -0.07084091747571149
28 61  -0.0213978542652981
29 61 -0.04326369772059738
30 61 -0.02142289018943757
40 61 -0.04248837419423754
41 61 0.007089812135637693
42 61  0.04220634162878552
58 61 -0.04872891709472447
59 61 -0.001780266789884417
60 61  0.01083008452974164
61 61   0.9191535951413526
62 61  0.01333779384100809
63 61 -0.06621690831491196
67 61 -0.04665768181647834
68 61 -0.01246752299841707
69 61 -0.007746796679006687
70 61  -0.3565547268110211
71 61  0.03986214525421267
72 61  0.06490950123066751
82 61  0.05283894142787336
83 61 -0.005335134953305308
84 61  0.04656215290189763
100 61 -0.001049300911084224
101 61  0.02979448622369912
102 61  0.01814918767697974
103 61  -0.1509191092396841
104 61 -0.03571706766494104
105 61   0.0977847078793132
133 61 -0.04635344710031938
134 61  0.01362345651489829
135 61  0.01790978382427883
136 61 0.009678000634559345
137 61  -0.0355259862570701
138 61  -0.0517317078310927
151 61   -0.106246132158324
152 61  0.06130436611904951
153 61 -0.05809244983980841
154 61  0.05170963514393665
155 61  0.01719971833599719
156 61  0.03053848013404083
157 61  -0.1636464760811005
158 61 -0.05842567454052968
159 61   -0.052838569475736
16 62  0.01030357250024238
17 62 -0.006333056190683832
18 62  0.01372567651182498
28 62 -0.04326369772059738
29 62  0.01047037972684746
30 62 -0.007133273025025521
40 62 0.007089812135637684
41 62 -0.03166021824960598
42 62 0.009875706073962716
58 62 -0.001780266789884408
59 62  -0.2077817943043657
60 62  0.07913774375198014
61 62  0.01333779384100808
62 62   0.9291264770290056
63 62 -0.03037765293851514
67 62 -0.01246752299841708
68 62  -0.1240931008719017
69 62  -0.0716544641141402
70 62  0.03986214525421266
71 62  -0.1286059969758511
72 62 -0.03783528695638533
82 62 -0.00533513495330531
83 62  0.03433128534278855
84 62  0.05929800605437026
100 62  0.02979448622369912
101 62 -0.04302200089255409
102 62 -0.04331287348504088
103 62 -0.03571706766494105
104 62 -0.02367341733605685
105 62  0.02067834616427183
133 62   0.0136234565148983
134 62  -0.1093326897822653
135 62 -0.03635616630816104
136 62  -0.0355259862570701
137 62  0.05001818530829515
138 62 -0.04753215940010216
151 62  0.06130436611904953
152 62 -0.09686424715667707
153 62  0.07117103776016628
154 62  0.01719971833599718
155 62  0.04633886396834402
156 62  0.06180655537562516
157 62 -0.05842567454052967
158 62   -0.298918669615319
159 62 -0.04149119546483117
16 63 -0.07084091747571152
17 63  0.01372567651182498
18 63 -0.07843610257320138
28 63 -0.02142289018943757
29 63 -0.007133273025025522
30 63  0.04257664948459327
40 63  0.04220634162878552
41 63 0.009875706073962719
42 63  -0.2279409345276692
58 63  0.01083008452974164
59 63  0.07913774375198016
60 63 -0.07316865849439841
61 63 -0.06621690831491196
62 63 -0.03037765293851514
63 63     1.05030579463979
67 63 -0.007746796679006684
68 63  -0.0716544641141402
69 63 -0.08819421127968681
70 63  0.06490950123066748
71 63 -0.03783528695638533
72 63  -0.1758885499108007
82 63  0.04656215290189764
83 63  0.05929800605437029
84 63   0.1158981512658614
100 63  0.01814918767697974
101 63 -0.04331287348504086
102 63 -0.005152479047636689
103 63  0.09778470787931319
104 63  0.02067834616427184
105 63 -0.07795415082695351
133 63  0.01790978382427883
134 63 -0.03635616630816105
135 63  -0.2184622250670037
136 63 -0.05173170783109271
137 63 -0.04753215940010214
138 63   0.1082068619694796
151 63 -0.05809244983980842
152 63  0.07117103776016628
153 63  -0.1028203215625457
154 63  0.03053848013404084
155 63  0.06180655537562516
156 63 -0.03244412071951239
157 63 -0.05283856947573599
158 63 -0.04149119546483117
159 63  -0.2365257033503155
16 64  0.01940213655401528
17 64 0.0009862699960169309
18 64  0.02029267729925249
25 64 -0.01906656101360592
26 64 -0.04062681900851001
27 64 -0.01166510312356296
52 64  -0.2061846888570321
53 64  0.02247705006185834
54 64 -0.09464771664874547
58 64  -0.1088676585197072
59 64 -0.01661697841778126
60 64  0.05823971240663508
64 64    1.085199921806123
65 64 -0.09563717161687736
66 64   0.1007861499988684
70 64   -0.220469648619077
71 64   0.1218327057741672
72 64 -0.01712648515908602
79 64 -0.09240255151720897
80 64 -0.05454917317819392
81 64   0.0281992998649124
121 64  -0.5091889289251064
122 64  0.04433305575991449
123 64 -0.03617618075388206
124 64   -0.056546300104401
125 64    0.035897458535572
126 64  -0.0472302779591748
133 64 -0.06061081787307267
134 64 -0.01285304447578798
135 64 -0.05407323916094578
145 64 -0.06095077546579311
146 64 -0.02277236538424596
147 64 -0.06366042679321236
160 64  0.05880877333816346
161 64 0.003116124925262925
162 64   0.0115700924926976
163 64   0.1708770991967021
164 64  0.01441288702860463
165 64   0.1054914975362435
16 65 0.0009862699960169292
17 65  0.01780194194767764
18 65 -0.03812377166110163
