%%MatrixMarket matrix coordinate real general
1863 1863 52211
1 1 5.421921101799905e-06
4 1 6.854730032067138e-07
7 1 -7.582869029406908e-07
28 1 -7.453823120602599e-07
31 1 6.737767242375848e-07
34 1 3.53456470610758e-06
37 1 -3.809923098613403e-06
46 1 -3.774582454434658e-07
64 1 -1.995070254697017e-07
67 1 1.029138251115791e-06
70 1 -9.512322885162096e-07
73 1 -3.644644708084832e-07
94 1 -3.534801037641711e-06
100 1 -6.676137655598108e-06
109 1 -7.196841264556898e-06
2 2 5.421921101799905e-06
5 2 6.854730032067138e-07
8 2 -7.582869029406908e-07
29 2 -7.453823120602599e-07
32 2 6.737767242375848e-07
35 2 3.53456470610758e-06
38 2 -3.809923098613403e-06
47 2 -3.774582454434658e-07
65 2 -1.995070254697017e-07
68 2 1.029138251115791e-06
71 2 -9.512322885162096e-07
74 2 -3.644644708084832e-07
95 2 -3.534801037641711e-06
101 2 -6.676137655598108e-06
110 2 -7.196841264556898e-06
3 3 5.421921101799905e-06
6 3 6.854730032067138e-07
9 3 -7.582869029406908e-07
30 3 -7.453823120602599e-07
33 3 6.737767242375848e-07
36 3 3.53456470610758e-06
39 3 -3.809923098613403e-06
48 3 -3.774582454434658e-07
66 3 -1.995070254697017e-07
69 3 1.029138251115791e-06
72 3 -9.512322885162096e-07
75 3 -3.644644708084832e-07
96 3 -3.534801037641711e-06
102 3 -6.676137655598108e-06
111 3 -7.196841264556898e-06
1 4 6.854730032067138e-07
4 4 5.557655518753553e-06
7 4 -7.585793605141413e-07
10 4 7.085082577013864e-07
13 4 -7.838462345858875e-07
34 4 1.067858876053597e-06
37 4 -3.769465647039237e-07
40 4 3.66164856044112e-06
43 4 -2.162521484572693e-07
46 4 -9.959038972396317e-07
49 4 -4.00648901619736e-06
58 4 -4.033735106536306e-07
109 4 -3.675186398958194e-06
118 4 -6.94714423946505e-06
127 4 -7.516346221408572e-06
2 5 6.854730032067138e-07
5 5 5.557655518753553e-06
8 5 -7.585793605141413e-07
11 5 7.085082577013864e-07
14 5 -7.838462345858875e-07
35 5 1.067858876053597e-06
38 5 -3.769465647039237e-07
41 5 3.66164856044112e-06
44 5 -2.162521484572693e-07
47 5 -9.959038972396317e-07
50 5 -4.00648901619736e-06
59 5 -4.033735106536306e-07
110 5 -3.675186398958194e-06
119 5 -6.94714423946505e-06
128 5 -7.516346221408572e-06
3 6 6.854730032067138e-07
6 6 5.557655518753552e-06
9 6 -7.585793605141413e-07
12 6 7.085082577013864e-07
15 6 -7.838462345858875e-07
36 6 1.067858876053597e-06
39 6 -3.769465647039237e-07
42 6 3.66164856044112e-06
45 6 -2.162521484572693e-07
48 6 -9.959038972396317e-07
51 6 -4.00648901619736e-06
60 6 -4.033735106536306e-07
111 6 -3.675186398958194e-06
120 6 -6.94714423946505e-06
129 6 -7.516346221408572e-06
1 7 -7.582869029406908e-07
4 7 -7.585793605141413e-07
7 7 1.013038051549613e-06
34 7 -4.250485032680007e-07
37 7 3.769015539650041e-07
46 7 3.779249154440897e-07
109 7 1.227088581978842e-06
2 8 -7.582869029406908e-07
5 8 -7.585793605141413e-07
8 8 1.013038051549613e-06
35 8 -4.250485032680007e-07
38 8 3.769015539650041e-07
47 8 3.779249154440897e-07
110 8 1.227088581978842e-06
3 9 -7.582869029406908e-07
6 9 -7.585793605141413e-07
9 9 1.013038051549613e-06
36 9 -4.250485032680007e-07
39 9 3.769015539650041e-07
48 9 3.779249154440897e-07
111 9 1.227088581978842e-06
4 10 7.085082577013864e-07
10 10 5.790410024806954e-06
13 10 -7.844067426206077e-07
16 10 7.450708925139616e-07
19 10 -8.244797667703281e-07
40 10 1.142917184769342e-06
49 10 -4.0235847370871e-07
52 10 3.872182538769864e-06
55 10 -2.498501263127035e-07
58 10 -1.084015469243816e-06
61 10 -4.345915896555457e-06
82 10 -4.46176181473807e-07
127 10 -3.950330125795789e-06
136 10 -7.422841842607973e-06
145 10 -8.037265401401464e-06
5 11 7.085082577013864e-07
11 11 5.790410024806954e-06
14 11 -7.844067426206077e-07
17 11 7.450708925139616e-07
20 11 -8.244797667703281e-07
41 11 1.142917184769342e-06
50 11 -4.0235847370871e-07
53 11 3.872182538769864e-06
56 11 -2.498501263127035e-07
59 11 -1.084015469243816e-06
62 11 -4.345915896555457e-06
83 11 -4.46176181473807e-07
128 11 -3.950330125795789e-06
137 11 -7.422841842607973e-06
146 11 -8.037265401401464e-06
6 12 7.085082577013864e-07
12 12 5.790410024806953e-06
15 12 -7.844067426206077e-07
18 12 7.450708925139616e-07
21 12 -8.244797667703281e-07
42 12 1.142917184769342e-06
51 12 -4.0235847370871e-07
54 12 3.872182538769864e-06
57 12 -2.498501263127035e-07
60 12 -1.084015469243816e-06
63 12 -4.345915896555457e-06
84 12 -4.46176181473807e-07
129 12 -3.950330125795789e-06
138 12 -7.422841842607973e-06
147 12 -8.037265401401464e-06
4 13 -7.838462345858875e-07
10 13 -7.844067426206077e-07
13 13 1.047583676231085e-06
40 13 -4.49095758050247e-07
49 13 4.022745113156802e-07
58 13 4.04304585205524e-07
127 13 1.300633952202233e-06
5 14 -7.838462345858875e-07
11 14 -7.844067426206077e-07
14 14 1.047583676231085e-06
41 14 -4.49095758050247e-07
50 14 4.022745113156802e-07
59 14 4.04304585205524e-07
128 14 1.300633952202233e-06
6 15 -7.838462345858875e-07
12 15 -7.844067426206077e-07
15 15 1.047583676231085e-06
42 15 -4.49095758050247e-07
51 15 4.022745113156802e-07
60 15 4.04304585205524e-07
129 15 1.300633952202233e-06
10 16 7.450708925139616e-07
16 16 6.142702340758539e-06
19 16 -8.253709104933564e-07
22 16 7.990653769120231e-07
25 16 -8.846229156460218e-07
52 16 1.264518842756558e-06
61 16 -4.444754962892201e-07
76 16 4.180402135121503e-06
79 16 -3.096052117111999e-07
82 16 -1.231749247638089e-06
85 16 -4.878513126463442e-06
145 16 -4.400716466638611e-06
154 16 -5.132184173875478e-07
157 16 -8.158063345879478e-06
11 17 7.450708925139616e-07
17 17 6.142702340758539e-06
20 17 -8.253709104933564e-07
23 17 7.990653769120231e-07
26 17 -8.846229156460218e-07
53 17 1.264518842756558e-06
62 17 -4.444754962892201e-07
77 17 4.180402135121503e-06
80 17 -3.096052117111999e-07
83 17 -1.231749247638089e-06
86 17 -4.878513126463442e-06
146 17 -4.400716466638611e-06
155 17 -5.132184173875478e-07
158 17 -8.158063345879478e-06
12 18 7.450708925139616e-07
18 18 6.142702340758539e-06
21 18 -8.253709104933564e-07
24 18 7.990653769120231e-07
27 18 -8.846229156460218e-07
54 18 1.264518842756558e-06
63 18 -4.444754962892201e-07
78 18 4.180402135121503e-06
81 18 -3.096052117111999e-07
84 18 -1.231749247638089e-06
87 18 -4.878513126463442e-06
147 18 -4.400716466638611e-06
156 18 -5.132184173875478e-07
159 18 -8.158063345879478e-06
10 19 -8.244797667703281e-07
16 19 -8.253709104933564e-07
19 19 1.102459106356851e-06
52 19 -4.878819332798754e-07
61 19 4.444306065618509e-07
82 19 4.478319769310245e-07
145 19 1.420284252576338e-06
11 20 -8.244797667703281e-07
17 20 -8.253709104933564e-07
20 20 1.102459106356851e-06
53 20 -4.878819332798754e-07
62 20 4.444306065618509e-07
83 20 4.478319769310245e-07
146 20 1.420284252576338e-06
12 21 -8.244797667703281e-07
18 21 -8.253709104933564e-07
21 21 1.102459106356851e-06
54 21 -4.878819332798754e-07
63 21 4.444306065618509e-07
84 21 4.478319769310245e-07
147 21 1.420284252576338e-06
16 22 7.990653769120231e-07
22 22 6.653198877909276e-06
25 22 -8.859543155190444e-07
76 22 1.450990161867616e-06
85 22 -5.104832523683267e-07
154 22 -1.471041621251292e-06
175 22 4.604468548667457e-06
178 22 -4.156416813880826e-07
181 22 -5.695908418692859e-06
184 22 8.772290735098179e-07
187 22 -9.719923712776605e-07
190 22 -6.183849092307711e-07
17 23 7.990653769120231e-07
23 23 6.653198877909276e-06
26 23 -8.859543155190444e-07
77 23 1.450990161867616e-06
86 23 -5.104832523683267e-07
155 23 -1.471041621251292e-06
176 23 4.604468548667457e-06
179 23 -4.156416813880826e-07
182 23 -5.695908418692859e-06
185 23 8.772290735098179e-07
188 23 -9.719923712776605e-07
191 23 -6.183849092307711e-07
18 24 7.990653769120231e-07
24 24 6.653198877909276e-06
27 24 -8.859543155190444e-07
78 24 1.450990161867616e-06
87 24 -5.104832523683267e-07
156 24 -1.471041621251292e-06
177 24 4.604468548667457e-06
180 24 -4.156416813880826e-07
183 24 -5.695908418692859e-06
186 24 8.772290735098179e-07
189 24 -9.719923712776605e-07
192 24 -6.183849092307711e-07
16 25 -8.846229156460218e-07
22 25 -8.859543155190444e-07
25 25 1.183775628472219e-06
76 25 -5.463429516572173e-07
85 25  5.1067000697262e-07
154 25 5.161403370110597e-07
17 26 -8.846229156460218e-07
23 26 -8.859543155190444e-07
26 26 1.183775628472219e-06
77 26 -5.463429516572173e-07
86 26  5.1067000697262e-07
155 26 5.161403370110597e-07
18 27 -8.846229156460218e-07
24 27 -8.859543155190444e-07
27 27 1.183775628472219e-06
78 27 -5.463429516572173e-07
87 27  5.1067000697262e-07
156 27 5.161403370110597e-07
1 28 -7.453823120602599e-07
28 28 9.954168472499715e-07
31 28 -7.453257864979136e-07
67 28 -4.129574142110587e-07
70 28 3.646877756829283e-07
73 28 3.644936029288318e-07
94 28 1.190350167110248e-06
2 29 -7.453823120602599e-07
29 29 9.954168472499715e-07
32 29 -7.453257864979136e-07
68 29 -4.129574142110587e-07
71 29 3.646877756829283e-07
74 29 3.644936029288318e-07
95 29 1.190350167110248e-06
3 30 -7.453823120602599e-07
30 30 9.954168472499715e-07
33 30 -7.453257864979136e-07
69 30 -4.129574142110587e-07
72 30 3.646877756829283e-07
75 30 3.644936029288318e-07
96 30 1.190350167110248e-06
1 31 6.737767242375848e-07
28 31 -7.453257864979136e-07
31 31 3.900255488509085e-06
67 31 3.049741548739105e-06
70 31 -3.645615571855302e-07
73 31 -3.331314910758334e-06
94 31 -7.049274630789542e-06
214 31 -5.05423446579712e-06
2 32 6.737767242375848e-07
29 32 -7.453257864979136e-07
32 32 3.900255488509085e-06
68 32 3.049741548739105e-06
71 32 -3.645615571855302e-07
74 32 -3.331314910758334e-06
95 32 -7.049274630789542e-06
215 32 -5.05423446579712e-06
3 33 6.737767242375848e-07
30 33 -7.453257864979136e-07
33 33 3.900255488509085e-06
69 33 3.049741548739105e-06
72 33 -3.645615571855302e-07
75 33 -3.331314910758334e-06
96 33 -7.049274630789542e-06
216 33 -5.05423446579712e-06
1 34 3.53456470610758e-06
4 34 1.067858876053597e-06
7 34 -4.250485032680007e-07
34 34 1.835369122239096e-05
37 34 -3.765941384582937e-06
40 34 1.64017340400303e-06
43 34 -1.252289973337758e-06
46 34 -9.325645689320526e-07
49 34 -2.433749030530255e-07
64 34 -1.097526429148169e-06
67 34 1.478438689116015e-06
70 34 -2.252797393161403e-07
94 34 -4.120321634391244e-06
100 34 -2.417189123246013e-05
109 34 -3.693864852058404e-05
118 34 -4.475148816769431e-06
223 34 3.184873315329872e-07
226 34 -1.429999055429303e-07
235 34 -5.416624063486954e-09
253 34 -1.811156657663056e-09
256 34 2.722799833189504e-08
259 34 -9.81262989454739e-09
262 34 -2.951227565447814e-09
265 34 -2.128294555676584e-05
271 34 -1.024421446926696e-07
274 34 -1.773097554686893e-06
277 34 -5.764498619295975e-07
283 34 -2.11299723861947e-06
289 34 -6.726059614810647e-07
292 34 -1.261583036371526e-05
2 35 3.53456470610758e-06
5 35 1.067858876053597e-06
8 35 -4.250485032680007e-07
35 35 1.835369122239096e-05
38 35 -3.765941384582937e-06
41 35 1.64017340400303e-06
44 35 -1.252289973337758e-06
47 35 -9.325645689320526e-07
50 35 -2.433749030530255e-07
65 35 -1.097526429148169e-06
68 35 1.478438689116015e-06
71 35 -2.252797393161403e-07
95 35 -4.120321634391244e-06
101 35 -2.417189123246013e-05
110 35 -3.693864852058404e-05
119 35 -4.475148816769431e-06
224 35 3.184873315329872e-07
227 35 -1.429999055429303e-07
236 35 -5.416624063486954e-09
254 35 -1.811156657663056e-09
257 35 2.722799833189504e-08
260 35 -9.81262989454739e-09
263 35 -2.951227565447814e-09
266 35 -2.128294555676584e-05
272 35 -1.024421446926696e-07
275 35 -1.773097554686893e-06
278 35 -5.764498619295975e-07
284 35 -2.11299723861947e-06
290 35 -6.726059614810647e-07
293 35 -1.261583036371526e-05
3 36 3.53456470610758e-06
6 36 1.067858876053597e-06
9 36 -4.250485032680007e-07
36 36 1.835369122239096e-05
39 36 -3.765941384582937e-06
42 36 1.64017340400303e-06
45 36 -1.252289973337758e-06
48 36 -9.325645689320526e-07
51 36 -2.433749030530255e-07
66 36 -1.097526429148169e-06
69 36 1.478438689116015e-06
72 36 -2.252797393161403e-07
96 36 -4.120321634391244e-06
102 36 -2.417189123246013e-05
111 36 -3.693864852058404e-05
120 36 -4.475148816769431e-06
225 36 3.184873315329872e-07
228 36 -1.429999055429303e-07
237 36 -5.416624063486954e-09
255 36 -1.811156657663056e-09
258 36 2.722799833189504e-08
261 36 -9.81262989454739e-09
264 36 -2.951227565447814e-09
267 36 -2.128294555676584e-05
273 36 -1.024421446926696e-07
276 36 -1.773097554686893e-06
279 36 -5.764498619295975e-07
285 36 -2.11299723861947e-06
291 36 -6.726059614810647e-07
294 36 -1.261583036371526e-05
1 37 -3.809923098613403e-06
4 37 -3.769465647039237e-07
7 37 3.769015539650041e-07
34 37 -3.765941384582937e-06
37 37 4.700887750445965e-06
46 37 2.817210383159334e-07
64 37 1.474058948367581e-07
67 37 -2.256480866791165e-07
70 37 1.989513225296352e-07
94 37 7.029043294608777e-07
100 37 7.406772907909508e-06
109 37 7.93919985860632e-06
2 38 -3.809923098613403e-06
5 38 -3.769465647039237e-07
8 38 3.769015539650041e-07
35 38 -3.765941384582937e-06
38 38 4.700887750445965e-06
47 38 2.817210383159334e-07
65 38 1.474058948367581e-07
68 38 -2.256480866791165e-07
71 38 1.989513225296352e-07
95 38 7.029043294608777e-07
101 38 7.406772907909508e-06
110 38 7.93919985860632e-06
3 39 -3.809923098613403e-06
6 39 -3.769465647039237e-07
9 39 3.769015539650041e-07
36 39 -3.765941384582937e-06
39 39 4.700887750445965e-06
48 39 2.817210383159334e-07
66 39 1.474058948367581e-07
69 39 -2.256480866791165e-07
72 39 1.989513225296352e-07
96 39 7.029043294608777e-07
102 39 7.406772907909508e-06
111 39 7.93919985860632e-06
4 40 3.66164856044112e-06
10 40 1.142917184769342e-06
13 40 -4.49095758050247e-07
34 40 1.64017340400303e-06
40 40 1.981817828123706e-05
43 40 -1.260290643465465e-06
46 40 -2.425367467606225e-07
49 40 -3.985155788558589e-06
52 40 1.961638025377092e-06
55 40 -1.592339580840302e-06
58 40 -1.02777227422763e-06
61 40 -2.783174752675895e-07
109 40 -4.451449078026119e-06
118 40 -2.523075486822559e-05
127 40 -3.923611930247961e-05
136 40 -5.138110322264124e-06
223 40 4.516447460529091e-08
226 40 -5.380934773490528e-09
229 40 5.161935930376649e-07
232 40 -3.570319930907149e-09
235 40 -1.832944117258968e-08
238 40 -2.681375516420972e-07
247 40 -1.354675529805587e-08
283 40 -2.399117506483137e-05
289 40 -1.68743153771856e-07
292 40 -2.098003626946695e-06
304 40 -9.032225237078236e-07
307 40 -2.80895125275719e-06
313 40 -1.122759015834256e-06
316 40 -1.530577941556322e-05
5 41 3.66164856044112e-06
11 41 1.142917184769342e-06
14 41 -4.49095758050247e-07
35 41 1.64017340400303e-06
41 41 1.981817828123706e-05
44 41 -1.260290643465465e-06
47 41 -2.425367467606225e-07
50 41 -3.985155788558589e-06
53 41 1.961638025377092e-06
56 41 -1.592339580840302e-06
59 41 -1.02777227422763e-06
62 41 -2.783174752675895e-07
110 41 -4.451449078026119e-06
119 41 -2.523075486822559e-05
128 41 -3.923611930247961e-05
137 41 -5.138110322264124e-06
224 41 4.516447460529091e-08
227 41 -5.380934773490528e-09
230 41 5.161935930376649e-07
233 41 -3.570319930907149e-09
236 41 -1.832944117258968e-08
239 41 -2.681375516420972e-07
248 41 -1.354675529805587e-08
284 41 -2.399117506483137e-05
290 41 -1.68743153771856e-07
293 41 -2.098003626946695e-06
305 41 -9.032225237078236e-07
308 41 -2.80895125275719e-06
314 41 -1.122759015834256e-06
317 41 -1.530577941556322e-05
6 42 3.66164856044112e-06
12 42 1.142917184769342e-06
15 42 -4.49095758050247e-07
36 42 1.64017340400303e-06
42 42 1.981817828123706e-05
45 42 -1.260290643465465e-06
48 42 -2.425367467606225e-07
51 42 -3.985155788558589e-06
54 42 1.961638025377092e-06
57 42 -1.592339580840302e-06
60 42 -1.02777227422763e-06
63 42 -2.783174752675895e-07
111 42 -4.451449078026119e-06
120 42 -2.523075486822559e-05
129 42 -3.923611930247961e-05
138 42 -5.138110322264124e-06
225 42 4.516447460529091e-08
228 42 -5.380934773490528e-09
231 42 5.161935930376649e-07
234 42 -3.570319930907149e-09
237 42 -1.832944117258968e-08
240 42 -2.681375516420972e-07
249 42 -1.354675529805587e-08
285 42 -2.399117506483137e-05
291 42 -1.68743153771856e-07
294 42 -2.098003626946695e-06
306 42 -9.032225237078236e-07
309 42 -2.80895125275719e-06
315 42 -1.122759015834256e-06
318 42 -1.530577941556322e-05
4 43 -2.162521484572693e-07
34 43 -1.252289973337758e-06
40 43 -1.260290643465465e-06
43 43 1.024194363518259e-06
46 43 1.618114599286302e-07
49 43 1.634877725134362e-07
109 43 3.821091247086212e-06
118 43 3.868490724572809e-06
223 43 -5.626682188462057e-09
226 43 1.963566100018457e-09
235 43 2.034944680011322e-09
283 43 1.543635724826776e-06
289 43 2.005166782388671e-08
292 43 1.513648501481227e-06
5 44 -2.162521484572693e-07
35 44 -1.252289973337758e-06
41 44 -1.260290643465465e-06
44 44 1.024194363518259e-06
47 44 1.618114599286302e-07
50 44 1.634877725134362e-07
110 44 3.821091247086212e-06
119 44 3.868490724572809e-06
224 44 -5.626682188462057e-09
227 44 1.963566100018457e-09
236 44 2.034944680011322e-09
284 44 1.543635724826776e-06
290 44 2.005166782388671e-08
293 44 1.513648501481227e-06
6 45 -2.162521484572693e-07
36 45 -1.252289973337758e-06
42 45 -1.260290643465465e-06
45 45 1.024194363518259e-06
48 45 1.618114599286302e-07
51 45 1.634877725134362e-07
111 45 3.821091247086212e-06
120 45 3.868490724572809e-06
225 45 -5.626682188462057e-09
228 45 1.963566100018457e-09
237 45 2.034944680011322e-09
285 45 1.543635724826776e-06
291 45 2.005166782388671e-08
294 45 1.513648501481227e-06
1 46 -3.774582454434658e-07
4 46 -9.959038972396317e-07
7 46 3.779249154440897e-07
34 46 -9.325645689320526e-07
37 46 2.817210383159334e-07
40 46 -2.425367467606225e-07
43 46 1.618114599286302e-07
46 46 9.940006271919658e-07
49 46 2.160569691201423e-07
109 46 3.407303649908811e-06
118 46 7.557663305071532e-07
2 47 -3.774582454434658e-07
5 47 -9.959038972396317e-07
8 47 3.779249154440897e-07
35 47 -9.325645689320526e-07
38 47 2.817210383159334e-07
41 47 -2.425367467606225e-07
44 47 1.618114599286302e-07
47 47 9.940006271919658e-07
50 47 2.160569691201423e-07
110 47 3.407303649908811e-06
119 47 7.557663305071532e-07
3 48 -3.774582454434658e-07
6 48 -9.959038972396317e-07
9 48 3.779249154440897e-07
36 48 -9.325645689320526e-07
39 48 2.817210383159334e-07
42 48 -2.425367467606225e-07
45 48 1.618114599286302e-07
48 48 9.940006271919658e-07
51 48 2.160569691201423e-07
111 48 3.407303649908811e-06
120 48 7.557663305071532e-07
4 49 -4.00648901619736e-06
10 49 -4.0235847370871e-07
13 49 4.022745113156802e-07
34 49 -2.433749030530255e-07
40 49 -3.985155788558589e-06
43 49 1.634877725134362e-07
46 49 2.160569691201423e-07
49 49 5.069733821448143e-06
58 49 3.108300165224503e-07
109 49 7.557663305071531e-07
118 49 7.877242823508143e-06
127 49 8.504772753407984e-06
5 50 -4.00648901619736e-06
11 50 -4.0235847370871e-07
14 50 4.022745113156802e-07
35 50 -2.433749030530255e-07
41 50 -3.985155788558589e-06
44 50 1.634877725134362e-07
47 50 2.160569691201423e-07
50 50 5.069733821448143e-06
59 50 3.108300165224503e-07
110 50 7.557663305071531e-07
119 50 7.877242823508143e-06
128 50 8.504772753407984e-06
6 51 -4.00648901619736e-06
12 51 -4.0235847370871e-07
15 51 4.022745113156802e-07
36 51 -2.433749030530255e-07
42 51 -3.985155788558589e-06
45 51 1.634877725134362e-07
48 51 2.160569691201423e-07
51 51 5.069733821448143e-06
60 51 3.108300165224503e-07
111 51 7.557663305071531e-07
120 51 7.877242823508143e-06
129 51 8.504772753407984e-06
10 52 3.872182538769864e-06
16 52 1.264518842756558e-06
19 52 -4.878819332798754e-07
40 52 1.961638025377092e-06
52 52 2.208581950064058e-05
55 52 -1.607041390860462e-06
58 52 -2.767212561058852e-07
61 52 -4.358450822389851e-06
76 52 2.508802251015118e-06
79 52 -2.247052010656109e-06
82 52 -1.187649865384124e-06
85 52 -3.39211227579972e-07
127 52 -5.091684449348959e-06
136 52 -2.695915166868773e-05
145 52 -4.250430413685832e-05
157 52 -6.221441528056227e-06
229 52 9.603817696359498e-08
238 52 -1.338358384287544e-08
241 52 9.512143372522133e-07
244 52 -9.870707854289586e-09
247 52 -4.655493388367102e-08
250 52 -6.008380042715078e-07
307 52 -2.844237714626463e-05
313 52 -3.548421218784188e-07
316 52 -2.774256644275965e-06
328 52 -4.06630490801756e-08
331 52 -1.640085478295306e-06
334 52 -4.077664751223953e-06
340 52 -2.106918994770986e-06
343 52 -1.955191250224501e-05
11 53 3.872182538769864e-06
17 53 1.264518842756558e-06
20 53 -4.878819332798754e-07
41 53 1.961638025377092e-06
53 53 2.208581950064058e-05
56 53 -1.607041390860462e-06
59 53 -2.767212561058852e-07
62 53 -4.358450822389851e-06
77 53 2.508802251015118e-06
80 53 -2.247052010656109e-06
83 53 -1.187649865384124e-06
86 53 -3.39211227579972e-07
128 53 -5.091684449348959e-06
137 53 -2.695915166868773e-05
146 53 -4.250430413685832e-05
158 53 -6.221441528056227e-06
230 53 9.603817696359498e-08
239 53 -1.338358384287544e-08
242 53 9.512143372522133e-07
245 53 -9.870707854289586e-09
248 53 -4.655493388367102e-08
251 53 -6.008380042715078e-07
308 53 -2.844237714626463e-05
314 53 -3.548421218784188e-07
317 53 -2.774256644275965e-06
329 53 -4.06630490801756e-08
332 53 -1.640085478295306e-06
335 53 -4.077664751223953e-06
341 53 -2.106918994770986e-06
344 53 -1.955191250224501e-05
12 54 3.872182538769864e-06
18 54 1.264518842756558e-06
21 54 -4.878819332798754e-07
42 54 1.961638025377092e-06
54 54 2.208581950064058e-05
57 54 -1.607041390860462e-06
60 54 -2.767212561058852e-07
63 54 -4.358450822389851e-06
78 54 2.508802251015118e-06
81 54 -2.247052010656109e-06
84 54 -1.187649865384124e-06
87 54 -3.39211227579972e-07
129 54 -5.091684449348959e-06
138 54 -2.695915166868773e-05
147 54 -4.250430413685832e-05
159 54 -6.221441528056227e-06
231 54 9.603817696359498e-08
240 54 -1.338358384287544e-08
243 54 9.512143372522133e-07
246 54 -9.870707854289586e-09
249 54 -4.655493388367102e-08
252 54 -6.008380042715078e-07
309 54 -2.844237714626463e-05
315 54 -3.548421218784188e-07
318 54 -2.774256644275965e-06
330 54 -4.06630490801756e-08
333 54 -1.640085478295306e-06
336 54 -4.077664751223953e-06
342 54 -2.106918994770986e-06
345 54 -1.955191250224501e-05
10 55 -2.498501263127035e-07
40 55 -1.592339580840302e-06
52 55 -1.607041390860462e-06
55 55 1.400338394332138e-06
58 55 1.932740423033424e-07
61 55 1.964664806267509e-07
127 55 4.638732411797397e-06
136 55 4.731584157627753e-06
229 55 -1.408989407598441e-08
238 55 5.805881390284089e-09
247 55 6.132224300644998e-09
307 55 2.249326489003585e-06
313 55 4.914107444743563e-08
316 55 2.179937272041142e-06
11 56 -2.498501263127035e-07
41 56 -1.592339580840302e-06
53 56 -1.607041390860462e-06
56 56 1.400338394332138e-06
59 56 1.932740423033424e-07
62 56 1.964664806267509e-07
128 56 4.638732411797397e-06
137 56 4.731584157627753e-06
230 56 -1.408989407598441e-08
239 56 5.805881390284089e-09
248 56 6.132224300644998e-09
308 56 2.249326489003585e-06
314 56 4.914107444743563e-08
317 56 2.179937272041142e-06
12 57 -2.498501263127035e-07
42 57 -1.592339580840302e-06
54 57 -1.607041390860462e-06
57 57 1.400338394332138e-06
60 57 1.932740423033424e-07
63 57 1.964664806267509e-07
129 57 4.638732411797397e-06
138 57 4.731584157627753e-06
231 57 -1.408989407598441e-08
240 57 5.805881390284089e-09
249 57 6.132224300644998e-09
309 57 2.249326489003585e-06
315 57 4.914107444743563e-08
318 57 2.179937272041142e-06
4 58 -4.033735106536306e-07
10 58 -1.084015469243816e-06
13 58 4.04304585205524e-07
40 58 -1.02777227422763e-06
49 58 3.108300165224503e-07
52 58 -2.767212561058852e-07
55 58 1.932740423033424e-07
58 58 1.119772120648723e-06
61 58 2.50208740213115e-07
127 58 3.781211401596761e-06
136 58 8.598687225338336e-07
5 59 -4.033735106536306e-07
11 59 -1.084015469243816e-06
14 59 4.04304585205524e-07
41 59 -1.02777227422763e-06
50 59 3.108300165224503e-07
53 59 -2.767212561058852e-07
56 59 1.932740423033424e-07
59 59 1.119772120648723e-06
62 59 2.50208740213115e-07
128 59 3.781211401596761e-06
137 59 8.598687225338336e-07
6 60 -4.033735106536306e-07
12 60 -1.084015469243816e-06
15 60 4.04304585205524e-07
42 60 -1.02777227422763e-06
51 60 3.108300165224503e-07
54 60 -2.767212561058852e-07
57 60 1.932740423033424e-07
60 60 1.119772120648723e-06
63 60 2.50208740213115e-07
129 60 3.781211401596761e-06
138 60 8.598687225338336e-07
10 61 -4.345915896555457e-06
16 61 -4.444754962892201e-07
19 61 4.444306065618509e-07
40 61 -2.783174752675895e-07
52 61 -4.358450822389851e-06
55 61 1.964664806267509e-07
58 61 2.50208740213115e-07
61 61 5.727601531872498e-06
82 61 3.610191029497175e-07
127 61 8.598687225338336e-07
136 61 8.722082034459816e-06
145 61 9.463972613287466e-06
11 62 -4.345915896555457e-06
17 62 -4.444754962892201e-07
20 62 4.444306065618509e-07
41 62 -2.783174752675895e-07
53 62 -4.358450822389851e-06
56 62 1.964664806267509e-07
59 62 2.50208740213115e-07
62 62 5.727601531872498e-06
83 62 3.610191029497175e-07
128 62 8.598687225338336e-07
137 62 8.722082034459816e-06
146 62 9.463972613287466e-06
12 63 -4.345915896555457e-06
18 63 -4.444754962892201e-07
21 63 4.444306065618509e-07
42 63 -2.783174752675895e-07
54 63 -4.358450822389851e-06
57 63 1.964664806267509e-07
60 63 2.50208740213115e-07
63 63 5.727601531872498e-06
84 63 3.610191029497175e-07
129 63 8.598687225338336e-07
138 63 8.722082034459816e-06
147 63 9.463972613287466e-06
1 64 -1.995070254697017e-07
34 64 -1.097526429148169e-06
37 64 1.474058948367581e-07
64 64 8.613594606957435e-07
67 64 -1.094214365984673e-06
70 64 1.466692001108052e-07
94 64 3.427556443670475e-06
100 64 3.446733929043651e-06
256 64 -3.07059822894538e-09
259 64 9.816624316062369e-10
262 64 9.656021986169922e-10
265 64 1.23498798751438e-06
271 64 1.107804939016939e-08
274 64 1.224081143277147e-06
2 65 -1.995070254697017e-07
35 65 -1.097526429148169e-06
38 65 1.474058948367581e-07
65 65 8.613594606957435e-07
68 65 -1.094214365984673e-06
71 65 1.466692001108052e-07
95 65 3.427556443670475e-06
101 65 3.446733929043651e-06
257 65 -3.07059822894538e-09
260 65 9.816624316062369e-10
263 65 9.656021986169922e-10
266 65 1.23498798751438e-06
272 65 1.107804939016939e-08
275 65 1.224081143277147e-06
3 66 -1.995070254697017e-07
36 66 -1.097526429148169e-06
39 66 1.474058948367581e-07
66 66 8.613594606957435e-07
69 66 -1.094214365984673e-06
72 66 1.466692001108052e-07
96 66 3.427556443670475e-06
102 66 3.446733929043651e-06
258 66 -3.07059822894538e-09
261 66 9.816624316062369e-10
264 66 9.656021986169922e-10
267 66 1.23498798751438e-06
273 66 1.107804939016939e-08
276 66 1.224081143277147e-06
1 67 1.029138251115791e-06
28 67 -4.129574142110587e-07
31 67 3.049741548739105e-06
34 67 1.478438689116015e-06
37 67 -2.256480866791165e-07
64 67 -1.094214365984673e-06
67 67 1.563870972760194e-05
70 67 -8.846710841496221e-07
73 67 -3.305250306694382e-06
94 67 -3.576392363672186e-05
100 67 -4.12991037707783e-06
214 67 -1.738836805571425e-05
256 67 2.356492048445172e-07
259 67 -2.959257681942432e-09
262 67 -9.881086993244869e-08
265 67 -1.778550976805517e-06
271 67 -4.972671199347554e-07
274 67 -1.128875197046293e-05
358 67 -4.282169318336514e-07
361 67 -1.731508222455395e-05
2 68 1.029138251115791e-06
29 68 -4.129574142110587e-07
32 68 3.049741548739105e-06
35 68 1.478438689116015e-06
38 68 -2.256480866791165e-07
65 68 -1.094214365984673e-06
68 68 1.563870972760194e-05
71 68 -8.846710841496221e-07
74 68 -3.305250306694382e-06
95 68 -3.576392363672186e-05
101 68 -4.12991037707783e-06
215 68 -1.738836805571425e-05
257 68 2.356492048445172e-07
260 68 -2.959257681942432e-09
263 68 -9.881086993244869e-08
266 68 -1.778550976805517e-06
272 68 -4.972671199347554e-07
275 68 -1.128875197046293e-05
359 68 -4.282169318336514e-07
362 68 -1.731508222455395e-05
3 69 1.029138251115791e-06
30 69 -4.129574142110587e-07
33 69 3.049741548739105e-06
36 69 1.478438689116015e-06
39 69 -2.256480866791165e-07
66 69 -1.094214365984673e-06
69 69 1.563870972760194e-05
72 69 -8.846710841496221e-07
75 69 -3.305250306694382e-06
96 69 -3.576392363672186e-05
102 69 -4.12991037707783e-06
216 69 -1.738836805571425e-05
258 69 2.356492048445172e-07
261 69 -2.959257681942432e-09
264 69 -9.881086993244869e-08
267 69 -1.778550976805517e-06
273 69 -4.972671199347554e-07
276 69 -1.128875197046293e-05
360 69 -4.282169318336514e-07
363 69 -1.731508222455395e-05
1 70 -9.512322885162096e-07
28 70 3.646877756829283e-07
31 70 -3.645615571855302e-07
34 70 -2.252797393161403e-07
37 70 1.989513225296352e-07
64 70 1.466692001108052e-07
67 70 -8.846710841496221e-07
70 70 9.319684243717034e-07
73 70 2.677018888777759e-07
94 70 3.221874715256553e-06
100 70 7.029043294608778e-07
2 71 -9.512322885162096e-07
29 71 3.646877756829283e-07
32 71 -3.645615571855302e-07
35 71 -2.252797393161403e-07
38 71 1.989513225296352e-07
65 71 1.466692001108052e-07
68 71 -8.846710841496221e-07
71 71 9.319684243717034e-07
74 71 2.677018888777759e-07
95 71 3.221874715256553e-06
101 71 7.029043294608778e-07
3 72 -9.512322885162096e-07
30 72 3.646877756829283e-07
33 72 -3.645615571855302e-07
36 72 -2.252797393161403e-07
39 72 1.989513225296352e-07
66 72 1.466692001108052e-07
69 72 -8.846710841496221e-07
72 72 9.319684243717034e-07
75 72 2.677018888777759e-07
96 72 3.221874715256553e-06
102 72 7.029043294608778e-07
1 73 -3.644644708084832e-07
28 73 3.644936029288318e-07
31 73 -3.331314910758334e-06
67 73 -3.305250306694382e-06
70 73 2.677018888777759e-07
73 73 4.163602964950873e-06
94 73 7.686273079469352e-06
214 73 5.857364384189934e-06
2 74 -3.644644708084832e-07
29 74 3.644936029288318e-07
32 74 -3.331314910758334e-06
68 74 -3.305250306694382e-06
71 74 2.677018888777759e-07
74 74 4.163602964950873e-06
95 74 7.686273079469352e-06
215 74 5.857364384189934e-06
3 75 -3.644644708084832e-07
30 75 3.644936029288318e-07
33 75 -3.331314910758334e-06
69 75 -3.305250306694382e-06
72 75 2.677018888777759e-07
75 75 4.163602964950873e-06
96 75 7.686273079469352e-06
216 75 5.857364384189934e-06
16 76 4.180402135121503e-06
22 76 1.450990161867616e-06
25 76 -5.463429516572173e-07
52 76 2.508802251015118e-06
76 76 2.514456444683413e-05
79 76 -2.269846269344875e-06
82 76 -3.361659435285574e-07
85 76 -4.928838594058309e-06
145 76 -6.133321101376143e-06
154 76 -1.44506761628054e-06
157 76 -2.924723100963394e-05
175 76 3.369103857864515e-06
178 76 -3.479447547617976e-06
181 76 -4.44242704438987e-07
241 76 2.33752752249713e-07
250 76 -3.984254324406357e-08
328 76 -1.408726514334846e-07
334 76 -3.455524334105022e-05
340 76 -8.509494446161659e-07
343 76 -3.997335571329029e-06
373 76 1.82235111767734e-06
376 76 -3.365559366448236e-08
379 76 -1.450959150928982e-06
382 76 -1.323971258066694e-07
385 76 -3.163677332576139e-06
388 76 -6.2423665990834e-06
394 76 -4.09084833260726e-06
397 76 -2.530181971199059e-05
17 77 4.180402135121503e-06
23 77 1.450990161867616e-06
26 77 -5.463429516572173e-07
53 77 2.508802251015118e-06
77 77 2.514456444683413e-05
80 77 -2.269846269344875e-06
83 77 -3.361659435285574e-07
86 77 -4.928838594058309e-06
146 77 -6.133321101376143e-06
155 77 -1.44506761628054e-06
158 77 -2.924723100963394e-05
176 77 3.369103857864515e-06
179 77 -3.479447547617976e-06
182 77 -4.44242704438987e-07
242 77 2.33752752249713e-07
251 77 -3.984254324406357e-08
329 77 -1.408726514334846e-07
335 77 -3.455524334105022e-05
341 77 -8.509494446161659e-07
344 77 -3.997335571329029e-06
374 77 1.82235111767734e-06
377 77 -3.365559366448236e-08
380 77 -1.450959150928982e-06
383 77 -1.323971258066694e-07
386 77 -3.163677332576139e-06
389 77 -6.2423665990834e-06
395 77 -4.09084833260726e-06
398 77 -2.530181971199059e-05
18 78 4.180402135121503e-06
24 78 1.450990161867616e-06
27 78 -5.463429516572173e-07
54 78 2.508802251015118e-06
78 78 2.514456444683413e-05
81 78 -2.269846269344875e-06
84 78 -3.361659435285574e-07
87 78 -4.928838594058309e-06
147 78 -6.133321101376143e-06
156 78 -1.44506761628054e-06
159 78 -2.924723100963394e-05
177 78 3.369103857864515e-06
180 78 -3.479447547617976e-06
183 78 -4.44242704438987e-07
243 78 2.33752752249713e-07
252 78 -3.984254324406357e-08
330 78 -1.408726514334846e-07
336 78 -3.455524334105022e-05
342 78 -8.509494446161659e-07
345 78 -3.997335571329029e-06
375 78 1.82235111767734e-06
378 78 -3.365559366448236e-08
381 78 -1.450959150928982e-06
384 78 -1.323971258066694e-07
387 78 -3.163677332576139e-06
390 78 -6.2423665990834e-06
396 78 -4.09084833260726e-06
399 78 -2.530181971199059e-05
16 79 -3.096052117111999e-07
52 79 -2.247052010656109e-06
76 79 -2.269846269344875e-06
79 79  2.2216912495461e-06
82 79 2.518065934553333e-07
85 79 2.578971615581623e-07
145 79 6.123284387333458e-06
157 79 6.299525240693588e-06
241 79 -4.22636840807099e-08
250 79 2.146569418107637e-08
328 79 2.31067058533005e-08
334 79 3.740810555656636e-06
340 79 1.427467604684706e-07
343 79 3.580152195866774e-06
17 80 -3.096052117111999e-07
53 80 -2.247052010656109e-06
77 80 -2.269846269344875e-06
80 80  2.2216912495461e-06
83 80 2.518065934553333e-07
86 80 2.578971615581623e-07
146 80 6.123284387333458e-06
158 80 6.299525240693588e-06
242 80 -4.22636840807099e-08
251 80 2.146569418107637e-08
329 80 2.31067058533005e-08
335 80 3.740810555656636e-06
341 80 1.427467604684706e-07
344 80 3.580152195866774e-06
18 81 -3.096052117111999e-07
54 81 -2.247052010656109e-06
78 81 -2.269846269344875e-06
81 81  2.2216912495461e-06
84 81 2.518065934553333e-07
87 81 2.578971615581623e-07
147 81 6.123284387333458e-06
159 81 6.299525240693588e-06
243 81 -4.22636840807099e-08
252 81 2.146569418107637e-08
330 81 2.31067058533005e-08
336 81 3.740810555656636e-06
342 81 1.427467604684706e-07
345 81 3.580152195866774e-06
10 82 -4.46176181473807e-07
16 82 -1.231749247638089e-06
19 82 4.478319769310245e-07
52 82 -1.187649865384124e-06
61 82 3.610191029497175e-07
76 82 -3.361659435285574e-07
79 82 2.518065934553333e-07
82 82 1.339752398734225e-06
85 82 3.110186251928769e-07
145 82 4.419416136864977e-06
157 82 1.039735717024182e-06
11 83 -4.46176181473807e-07
17 83 -1.231749247638089e-06
20 83 4.478319769310245e-07
53 83 -1.187649865384124e-06
62 83 3.610191029497175e-07
77 83 -3.361659435285574e-07
80 83 2.518065934553333e-07
83 83 1.339752398734225e-06
86 83 3.110186251928769e-07
146 83 4.419416136864977e-06
158 83 1.039735717024182e-06
12 84 -4.46176181473807e-07
18 84 -1.231749247638089e-06
21 84 4.478319769310245e-07
54 84 -1.187649865384124e-06
63 84 3.610191029497175e-07
78 84 -3.361659435285574e-07
81 84 2.518065934553333e-07
84 84 1.339752398734225e-06
87 84 3.110186251928769e-07
147 84 4.419416136864977e-06
159 84 1.039735717024182e-06
16 85 -4.878513126463442e-06
22 85 -5.104832523683267e-07
25 85  5.1067000697262e-07
52 85 -3.39211227579972e-07
76 85 -4.928838594058309e-06
79 85 2.578971615581623e-07
82 85 3.110186251928769e-07
85 85 6.812270081552759e-06
145 85 1.039735717024182e-06
154 85 4.444209384332824e-07
157 85 1.008448136637339e-05
17 86 -4.878513126463442e-06
23 86 -5.104832523683267e-07
26 86  5.1067000697262e-07
53 86 -3.39211227579972e-07
77 86 -4.928838594058309e-06
80 86 2.578971615581623e-07
83 86 3.110186251928769e-07
86 86 6.812270081552759e-06
146 86 1.039735717024182e-06
155 86 4.444209384332824e-07
158 86 1.008448136637339e-05
18 87 -4.878513126463442e-06
24 87 -5.104832523683267e-07
27 87  5.1067000697262e-07
54 87 -3.39211227579972e-07
78 87 -4.928838594058309e-06
81 87 2.578971615581623e-07
84 87 3.110186251928769e-07
87 87 6.812270081552759e-06
147 87 1.039735717024182e-06
156 87 4.444209384332824e-07
159 87 1.008448136637339e-05
88 88   0.2510669361590445
89 88 -0.02517615364894476
90 88 -0.01195779600076647
91 88 -0.03856781062031639
92 88 0.0003221408460815827
93 88 0.006104355500438962
97 88 -0.01604106944910407
98 88   0.0202724561602636
99 88 -0.003387607805612505
106 88 0.007908011957076952
107 88 -0.006742957135942298
112 88 -0.02464005639622982
113 88 0.005059628061355439
114 88 -0.0005597704098296314
115 88 0.005779332981308502
116 88 0.006420816289860692
117 88  0.00636350072270458
88 89 -0.02517615364894476
89 89   0.3036541445866027
90 89 -0.06750410195591727
91 89 0.0002147605640543899
92 89 -0.05827684718409247
93 89  0.02285408783279807
97 89  0.03040868424039527
98 89 -0.06672220984976282
99 89  0.02871771211967501
106 89 -0.004495304757294852
107 89  0.02767804184976928
108 89 -0.003412707199782085
112 89 -0.004998634732439207
113 89  -0.1194571270249014
114 89  0.03868312916877155
115 89  0.00428054419324047
116 89 0.005718339652392275
117 89 -0.01932524305369112
88 90 -0.01195779600076647
89 90 -0.06750410195591727
90 90   0.3734686437774783
91 90 0.004069570333625986
92 90   0.0216267702730787
93 90  -0.1152783006073312
97 90 -0.005081411708418784
98 90  0.02196814791779378
99 90 -0.005462602671205671
107 90 -0.005119060799673125
108 90 0.007908011957076952
112 90 0.004463261654176073
113 90  0.04546711359314287
114 90 -0.04975521671625834
115 90 0.004242333815136421
116 90 -0.01643028442052235
117 90  0.02028865876349598
88 91 -0.03856781062031639
89 91 0.0002147605640543899
90 91 0.004069570333625986
91 91  0.08261101009279288
92 91 -0.006352166036610975
97 91 -0.01642580205374251
98 91 -0.0001877089321544336
99 91 0.002239874555384221
106 91 -0.001486354412185143
107 91 0.001246541515564569
112 91  0.01234245938470341
113 91 0.004458844759192932
114 91 -0.004458844759192932
115 91   -0.017600165443328
116 91 0.004618300321086359
211 91 -0.006137811711862041
212 91 -0.0003436719289799551
217 91 0.007898952743127954
218 91 -0.00451958138343589
220 91 -0.001429528484038938
221 91 0.0008183370275827914
268 91 0.005778070652508434
269 91 0.0003953091441771045
270 91 -0.00272516137280706
280 91 -0.05433792851195952
281 91 0.005829712669430357
282 91 0.001601172865990228
298 91 0.009925503877820339
299 91 -0.006160701404322099
300 91 -0.003080313322026503
355 91   0.0132134362214452
356 91 -3.854704690181194e-05
357 91 -0.005624354190860418
365 91 -0.0003157448043358994
366 91  0.00021029833197307
367 91  -0.0160759379662257
368 91 0.001015521098529515
369 91 -0.0006718491695495612
370 91 0.002862501744780498
371 91 -0.0007128905552199602
88 92 0.0003221408460815829
89 92 -0.05827684718409247
90 92   0.0216267702730787
91 92 -0.006352166036610975
92 92  0.08740023127841093
93 92 -0.01224852732570146
97 92 -0.0002815633982316483
98 92 -0.03617318391156235
99 92 -0.00195831115715257
106 92 0.0008310276770430491
107 92 -0.005202240442647988
108 92 0.0006553267351420951
112 92 0.006688267138789376
113 92   0.0320514959484796
114 92 -0.01457188176429983
115 92 0.004790152059627841
116 92 -0.02735111723846688
117 92  0.01093235133392792
211 92 -0.0005155078934699305
212 92 -0.02148234099151719
213 92 -0.000281563398231648
217 92 -0.006779372075153877
218 92   0.0276463346009478
219 92 -0.005069057039538067
220 92 0.001227505541374185
221 92 -0.005003349694136273
222 92 0.0009167871846842202
268 92 0.0003855925672032533
269 92 0.001650877329288119
270 92 -0.0002196956479533323
280 92 0.005881810654072034
281 92 -0.02432617783835499
282 92 0.0005155552156244842
298 92 -0.005818419448451676
299 92   0.0116369136571724
300 92 0.003080313322026503
355 92 -2.569803126787504e-05
356 92 0.003775267491841483
364 92 -0.0002983685965262967
366 92 0.0001581697085442461
367 92 0.0009634073398363069
368 92 -0.01379402359857323
369 92 -0.0005155078934699308
370 92 -0.001069335832829944
371 92  0.01001875610673175
372 92 -0.003224416784340808
88 93 0.006104355500438962
89 93  0.02285408783279807
90 93  -0.1152783006073312
92 93 -0.01224852732570146
93 93   0.1043352894736981
97 93 0.003359811833076339
98 93 -0.003172102900921904
99 93 -0.03774292533027895
107 93 0.0009829901027131431
108 93 -0.001486354412185143
112 93 -0.006688267138789379
113 93 -0.01628426669745863
114 93   0.0234895712826857
116 93  0.01082497105190071
117 93 -0.02361342180459963
212 93 -0.0001877089321544336
213 93 -0.006137811711862041
218 93 -0.003379371359692043
219 93 0.007898952743127954
221 93 0.0006111914564561472
222 93 -0.001429528484038938
268 93 -0.001816774248538039
269 93 -0.000146463765302222
270 93 0.001650877329288119
280 93  0.00106744857732682
281 93 0.0003437034770829885
282 93 -0.01748091252229213
298 93 -0.002053542214684335
299 93 0.002053542214684334
300 93 0.004791648341109501
355 93 -0.003749569460573616
357 93 0.003775267491841483
364 93 0.0001401988879820508
365 93  0.00010544647236283
367 93 -0.0004478994463663766
368 93 -0.000343671928979955
369 93 -0.006637769236621981
371 93 -0.002149611189560536
372 93 0.002862501744780498
1 94 -3.534801037641711e-06
