%%MatrixMarket matrix coordinate real general
801 801 7248
1 1 9.656092321295899e-06
2 1  -1.474685226218e-06
3 1 9.192514564459479e-08
4 1 -5.639041573264692e-06
5 1 3.10960802326781e-07
6 1 5.145795213422986e-06
7 1 -4.536025858030906e-06
8 1 1.98524541648881e-06
9 1 -3.192926512880093e-06
13 1 -2.264733882713667e-06
14 1 4.230161967784687e-07
15 1 2.174178359821402e-07
19 1 -8.859978419951097e-07
20 1 3.622131939334721e-07
21 1 3.548663310359429e-07
1 2  -1.474685226218e-06
2 2 9.394960390706225e-06
3 2 -1.556873293715875e-06
4 2 3.714368015482511e-07
5 2 -2.843757083474573e-06
6 2 -1.720735157992412e-06
7 2 1.713082830211606e-06
8 2 -8.003023253523135e-06
9 2 5.83815680474936e-06
13 2 4.048849604606089e-07
14 2 -9.408612642839587e-07
15 2 2.260584793789454e-07
19 2 4.413941315959951e-07
20 2 -2.099892704904144e-06
21 2 1.601650339079315e-07
1 3 9.192514564459479e-08
2 3 -1.556873293715876e-06
3 3 1.692529113945881e-05
4 3 6.719623993667961e-06
5 3 -2.059705674637207e-06
6 3 -1.011427302717385e-05
7 3 -3.597755254660029e-06
8 3 7.363639536235868e-06
9 3 -1.088955607078606e-05
13 3 -2.544298706421937e-07
14 3 3.276848207572034e-07
15 3 3.247335815004668e-08
19 3 4.726441630492929e-07
20 3 -2.83647448620658e-07
21 3 -5.021778726414627e-09
1 4 -5.639041573264692e-06
2 4 3.714368015482509e-07
3 4 6.719623993667961e-06
4 4  0.08478910872650329
5 4 0.003343745540249711
6 4  0.01224278394165547
7 4 -0.03453063538063001
8 4 0.009407507849474528
9 4  0.01398078943644664
10 4 -0.002131625665795896
11 4 -0.002235403148885247
12 4 3.041017080895251e-06
19 4 1.716284923563656e-08
20 4 -1.576093608000956e-06
21 4 2.429701058505764e-06
31 4 0.001229808540115886
32 4 -0.0003698420342042678
33 4 0.002973507890490265
1 5 3.10960802326781e-07
2 5 -2.843757083474573e-06
3 5 -2.059705674637207e-06
4 5 0.003343745540249711
5 5   0.1134821598269279
6 5  0.02350579744759014
7 5 0.008729447743826238
8 5 -0.06180854466644207
9 5 -0.01741372711140128
10 5 -0.003358008189209509
11 5 -0.007506782330468939
12 5 -0.001663135947760579
19 5 -1.432445676500548e-06
20 5 -2.670652277123761e-07
21 5 4.228229330593307e-06
31 5 0.001249039809187276
32 5 -0.008959511912742845
33 5 -0.0008553385777123138
1 6 5.145795213422986e-06
2 6 -1.720735157992412e-06
3 6 -1.011427302717385e-05
4 6  0.01224278394165548
5 6  0.02350579744759014
6 6   0.1249760008952146
7 6  0.01132645671793943
8 6 -0.01361317172932405
9 6 -0.03463128774273969
10 6 2.028047869019206e-06
11 6 -0.001108756625263442
12 6 -0.002141867168181523
19 6 1.290001243286652e-06
20 6 3.423076638906047e-06
21 6 -1.200464222174266e-06
31 6 0.003529483134782456
32 6 -0.003405546832728276
33 6 0.003661197974395324
1 7 -4.536025858030906e-06
2 7 1.713082830211606e-06
3 7 -3.597755254660029e-06
4 7 -0.03453063538063001
5 7 0.008729447743826238
6 7  0.01132645671793943
7 7  0.07011608404385782
8 7 -0.0009290717626717011
9 7 -0.0001039558729849239
10 7 -0.007712671662883625
11 7 -0.003165020667322927
12 7 -0.001635504984681214
13 7 1.643660503698414e-06
14 7 -1.837323842570721e-06
15 7 4.377840824679673e-06
34 7 -0.01197816924222876
35 7 0.001216546711764568
36 7 2.250393733416309e-05
1 8 1.98524541648881e-06
2 8 -8.003023253523135e-06
3 8 7.363639536235868e-06
4 8 0.009407507849474528
5 8 -0.06180854466644207
6 8 -0.01361317172932405
7 8 -0.0009290717626717011
8 8  0.08600371273046495
9 8  0.03354734286256558
10 8 -0.002110372879787349
11 8 -0.002205107024059598
12 8 -7.542602855646985e-07
13 8 -1.614330265041983e-06
14 8 -6.912368736099189e-07
15 8 3.04262899607288e-06
34 8 -0.0001917962278926779
35 8 -0.0005243810845254002
36 8 0.002357851908602074
1 9 -3.192926512880093e-06
2 9 5.83815680474936e-06
3 9 -1.088955607078606e-05
4 9  0.01398078943644664
5 9 -0.01741372711140128
6 9 -0.03463128774273969
7 9 -0.0001039558729849239
8 9  0.03354734286256559
9 9  0.08550178606359903
10 9 -0.001090714820311609
11 9 -8.649207877093412e-07
12 9 -0.002204636766414762
13 9 3.519756570915752e-06
14 9 1.792740624546329e-06
15 9 -1.030807109725826e-06
34 9 -0.002846746402545439
35 9 0.002694984292521789
36 9 0.003116452048127754
4 10 -0.002131625665795896
5 10 -0.003358008189209509
6 10 2.028047869019206e-06
7 10 -0.007712671662883625
8 10 -0.002110372879787349
9 10 -0.001090714820311609
10 10  0.01092100894960818
11 10 0.005607957769156024
12 10 0.002897468155620555
4 11 -0.002235403148885247
5 11 -0.007506782330468939
6 11 -0.001108756625263442
7 11 -0.003165020667322927
8 11 -0.002205107024059598
9 11 -8.649207877093411e-07
10 11 0.005607957769156024
11 11  0.01043340331979504
12 11 0.002774239208267581
4 12 3.041017080895251e-06
5 12 -0.001663135947760579
6 12 -0.002141867168181523
7 12 -0.001635504984681214
8 12 -7.542602855646985e-07
9 12 -0.002204636766414762
10 12 0.002897468155620555
11 12 0.002774239208267581
12 12 0.006497319726816958
1 13 -2.264733882713667e-06
2 13 4.048849604606089e-07
3 13 -2.544298706421938e-07
7 13 1.643660503698414e-06
8 13 -1.614330265041983e-06
9 13 3.519756570915752e-06
13 13 0.003052072821636832
14 13 -3.694219911734565e-06
15 13 -0.0005265500501545791
19 13 2.443508856212132e-07
20 13 6.25044042906888e-07
21 13 -7.816068093839531e-08
34 13 -0.002024423632851768
35 13 1.635200186326474e-05
36 13 0.0006099513722740478
37 13 -0.001122672247801894
38 13 -1.044409114458064e-05
39 13 0.0002233177646447412
43 13 -0.00276079673060183
44 13 1.979379207933638e-05
45 13 0.0002596697336267854
1 14 4.230161967784687e-07
2 14 -9.408612642839587e-07
3 14 3.276848207572034e-07
7 14 -1.83732384257072e-06
8 14 -6.912368736099189e-07
9 14 1.792740624546329e-06
13 14 -3.694219911734565e-06
14 14 0.001269148061852476
15 14 -0.0001060674707100503
19 14 6.581678506693558e-07
20 14 2.694605519498875e-07
21 14 1.594804029681039e-08
34 14 1.213114998480155e-05
35 14 -0.0008857327486306916
36 14 0.0001226364850856783
37 14 -6.876247506524057e-06
38 14 -0.0004375551206936092
39 14 5.440300324321063e-07
43 14 1.455985458913072e-05
44 14 -0.001056327566349457
45 14 0.000152403739525491
1 15 2.174178359821402e-07
2 15 2.260584793789454e-07
3 15 3.247335815004668e-08
7 15 4.377840824679673e-06
8 15 3.04262899607288e-06
9 15 -1.030807109725826e-06
13 15 -0.0005265500501545794
14 15 -0.0001060674707100504
15 15  0.00147633301930196
19 15 1.053221041211343e-07
20 15 -1.697122939684743e-07
21 15 9.399410729101861e-07
34 15 0.0007400319716064757
35 15 0.0001462945372111871
36 15 -0.001129585832902814
37 15 0.0002214351837313432
38 15 -1.945388346828077e-05
39 15 -0.000388210235431041
43 15 0.0001258504325826222
44 15 0.0001817401790714287
45 15 -0.000945046773265513
16 16                    1
17 17                    1
18 18                    1
1 19 -8.859978419951097e-07
2 19 4.413941315959949e-07
3 19 4.726441630492929e-07
4 19 1.716284923563656e-08
5 19 -1.432445676500548e-06
6 19 1.290001243286652e-06
13 19 2.443508856212132e-07
14 19 6.581678506693558e-07
15 19 1.053221041211344e-07
19 19 1.212271794510039e-05
20 19 1.375688067734226e-06
21 19 2.507912115681194e-07
31 19 -8.220765732026343e-06
32 19 7.208936577116397e-09
33 19 6.379018769948901e-06
37 19 -2.877037158513853e-06
38 19 -1.62730020156757e-06
39 19 -2.149099025095336e-07
55 19 -1.24766823963368e-06
56 19 -1.110628811057105e-06
57 19 -2.481708306012073e-06
1 20 3.622131939334721e-07
2 20 -2.099892704904144e-06
3 20 -2.836474486206581e-07
4 20 -1.576093608000956e-06
5 20 -2.670652277123761e-07
6 20 3.423076638906047e-06
13 20 6.250440429068881e-07
14 20 2.694605519498875e-07
15 20 -1.697122939684743e-07
19 20 1.375688067734226e-06
20 20 1.259980940440896e-05
21 20 1.020320521278755e-06
31 20 7.233440651471652e-09
32 20 -5.78519487390742e-06
33 20 -5.819944937136438e-10
37 20 -1.551966160598487e-06
38 20 -2.165104127992353e-06
39 20 -2.271816059687394e-07
55 20 -8.565498379116283e-07
56 20 -4.785797821158557e-06
57 20 -4.454547166674556e-06
1 21 3.548663310359429e-07
2 21 1.601650339079315e-07
3 21 -5.021778726414627e-09
4 21 2.429701058505764e-06
5 21 4.228229330593307e-06
6 21 -1.200464222174266e-06
13 21 -7.816068093839531e-08
14 21 1.594804029681039e-08
15 21 9.399410729101861e-07
19 21 2.507912115681194e-07
20 21 1.020320521278754e-06
21 21 2.381042625664933e-05
31 21 8.385498088352459e-06
32 21 -7.193408599901266e-10
33 21 -1.787231335131662e-05
37 21 -6.956717493332389e-07
38 21 -6.494320708963307e-07
39 21 -2.891518519642549e-07
55 21 -3.009300656426761e-06
56 21 -5.878670486742216e-06
57 21 -3.169983539588564e-06
22 22                    1
23 23                    1
24 24                    1
25 25                    1
26 26                    1
27 27                    1
28 28                    1
29 29                    1
30 30                    1
4 31 0.001229808540115886
5 31 0.001249039809187281
6 31 0.003529483134782456
19 31 -8.220765732026343e-06
20 31 7.233440651471652e-09
21 31 8.385498088352459e-06
31 31   0.0733275298882884
32 31  0.01649925417841735
33 31  0.03043881599528824
55 31 -0.02750025738891355
56 31 -0.01814038926073976
57 31 -0.002870990390902048
4 32 -0.0003698420342042681
5 32 -0.008959511912742845
6 32 -0.003405546832728276
19 32 7.208936577116186e-09
20 32 -5.78519487390742e-06
21 32 -7.193408599901266e-10
31 32  0.01649925417841735
32 32  0.06943715654312653
33 32 0.006925965717702804
55 32 -0.01672084926490551
56 32 -0.03567498250142433
57 32 -0.004473280093754474
4 33 0.002973507890490265
5 33 -0.0008553385777123138
6 33 0.003661197974395324
19 33 6.379018769948901e-06
20 33 -5.819944937136438e-10
21 33 -1.787231335131662e-05
31 33  0.03043881599528824
32 33 0.006925965717702804
33 33  0.07480671690258017
55 33 -0.004304391012786864
56 33 -0.006707760061983967
57 33 -0.01404166993277109
7 34 -0.01197816924222876
8 34 -0.0001917962278926779
9 34 -0.002846746402545439
13 34 -0.002024423632851768
14 34 1.213114998480155e-05
15 34 0.0007400319716064754
34 34  0.08269720046024218
35 34 -0.004636359586399547
36 34  0.01658446466671593
37 34 0.0006771296182497778
38 34 -0.0004054150907219689
39 34 0.000116414949277604
43 34 -0.03397722715226708
44 34  0.01065505812379844
45 34 -0.003999066890234223
7 35 0.001216546711764568
8 35 -0.0005243810845254002
9 35 0.002694984292521789
13 35 1.635200186326474e-05
14 35 -0.0008857327486306917
15 35 0.0001462945372111871
34 35 -0.004636359586399547
35 35   0.0629118656986675
36 35  0.02374999408564746
37 35 -0.0003362758644015892
38 35 -0.0004289536517585573
39 35   0.0004897484293841
43 35 0.009320481966133181
44 35 -0.01462481616195719
45 35 0.002298248879590441
7 36 2.250393733416338e-05
8 36 0.002357851908602074
9 36 0.003116452048127754
13 36 0.0006099513722740481
14 36 0.0001226364850856783
15 36 -0.001129585832902814
34 36  0.01658446466671593
35 36  0.02374999408564746
36 36   0.1081971186925799
37 36 -1.653057583069749e-05
38 36 0.0002178588875640049
39 36 0.000882933874025391
43 36 -0.005996161542496353
44 36 0.003446672571080272
45 36 -0.01080302640202246
13 37 -0.001122672247801894
14 37 -6.876247506524057e-06
15 37 0.0002214351837313432
19 37 -2.877037158513853e-06
20 37 -1.551966160598487e-06
21 37 -6.95671749333239e-07
34 37 0.0006771296182497778
35 37 -0.0003362758644015892
36 37 -1.653057583069745e-05
37 37  0.05545835527771822
38 37 -0.006566773917121294
39 37 0.006677173930918432
43 37 0.001111421099874915
44 37 0.0003095144449208008
45 37 -3.666718647675319e-06
55 37 -0.00256476437053966
56 37  0.00151222706814129
57 37 0.002722264888776151
67 37 -0.006854282257833011
68 37 0.002618529763281218
69 37 0.0006624758884064747
79 37 -0.006038977167412922
80 37 -0.0002360628928425957
81 37 0.004560750657906223
13 38 -1.04440911445807e-05
14 38 -0.0004375551206936092
15 38 -1.945388346828077e-05
19 38 -1.62730020156757e-06
20 38 -2.165104127992353e-06
21 38 -6.494320708963307e-07
34 38 -0.0004054150907219689
35 38 -0.0004289536517585572
36 38 0.0002178588875640049
37 38 -0.006566773917121294
38 38  0.07382582542185032
39 38 -0.005499606225112868
43 38 0.0002591496659452594
44 38 -0.0003382409907455647
45 38 1.38417097240161e-05
55 38 0.001651427581875484
56 38 0.0001416469589254046
57 38 -0.001624332191612163
67 38 0.002856836917120261
68 38 -0.02642609319973355
69 38 -0.002865462396534705
79 38 0.0001478453919101696
80 38 -0.002230050586879343
81 38 -0.0009771023299802398
13 39 0.0002233177646447412
14 39 5.440300324321063e-07
15 39 -0.000388210235431041
19 39 -2.149099025095336e-07
20 39 -2.271816059687395e-07
21 39 -2.891518519642549e-07
34 39 0.000116414949277604
35 39   0.0004897484293841
36 39 0.000882933874025391
37 39 0.006677173930918432
38 39 -0.005499606225112868
39 39   0.1239443918055539
43 39 -4.961447326174608e-05
44 39 0.000296138412083141
45 39 0.001021490161051249
55 39   0.0042593588741609
56 39 -0.002404556919853345
57 39 0.0008491210341418998
67 39 0.001261644924423346
68 39 -0.006789108382879076
69 39 -0.00290523897326575
79 39 0.003379845021301071
80 39 -0.0005833134310367551
81 39 -0.004148603945480072
40 40                    1
41 41                    1
42 42                    1
13 43 -0.00276079673060183
14 43 1.455985458913078e-05
15 43 0.0001258504325826223
34 43 -0.03397722715226708
35 43 0.009320481966133181
36 43 -0.005996161542496353
37 43 0.001111421099874914
38 43 0.0002591496659452594
39 43 -4.961447326174608e-05
43 43  0.07589087073365586
44 43 -0.004714823640658361
45 43  0.01497070191933707
85 43 -0.007865407710340635
86 43 0.003074800808951341
87 43 -9.017297423342983e-05
13 44 1.979379207933636e-05
14 44 -0.001056327566349457
15 44 0.0001817401790714287
34 44  0.01065505812379844
35 44 -0.01462481616195719
36 44 0.003446672571080272
37 44 0.0003095144449208008
38 44 -0.0003382409907455648
39 44 0.000296138412083141
43 44 -0.004714823640658361
44 44  0.06037461324109732
45 44  0.02231272123392706
85 44 0.001459175868748825
86 44 0.0006722948217102861
87 44 0.002615662639721272
13 45 0.0002596697336267854
14 45 0.000152403739525491
15 45 -0.000945046773265513
34 45 -0.003999066890234223
35 45 0.002298248879590441
36 45 -0.01080302640202246
37 45 -3.666718647675319e-06
38 45 1.38417097240161e-05
39 45 0.001021490161051249
43 45  0.01497070191933707
44 45  0.02231272123392706
45 45   0.0793608318278763
85 45 -0.00194482423446689
86 45 0.003460349158391366
87 45 0.002013804165385061
49 49                    1
50 50                    1
51 51                    1
52 52                    1
53 53                    1
54 54                    1
19 55 -1.24766823963368e-06
20 55 -8.565498379116283e-07
21 55 -3.009300656426761e-06
31 55 -0.02750025738891355
32 55 -0.01672084926490551
33 55 -0.004304391012786864
37 55 -0.00256476437053966
38 55 0.001651427581875484
39 55   0.0042593588741609
55 55    0.155414053369373
56 55  0.00181041325914762
57 55  0.03435299275476124
64 55 -0.0003659268600204611
65 55 0.0001983144202671117
66 55 -0.0002620538956559355
67 55 -0.004590788213766751
68 55 -0.002129269473920864
69 55 0.007683998812875981
100 55 -0.01295829771969969
101 55  0.01078210082335372
102 55 0.003817429077296714
19 56 -1.110628811057106e-06
20 56 -4.785797821158557e-06
21 56 -5.878670486742216e-06
31 56 -0.01814038926073976
32 56 -0.03567498250142433
33 56 -0.006707760061983967
37 56  0.00151222706814129
38 56 0.0001416469589254046
39 56 -0.002404556919853345
55 56  0.00181041325914762
56 56   0.1684744559727473
57 56 0.005744156276008838
64 56 0.0002807410723851032
65 56 -0.001519750443730885
66 56 0.001537895736938238
67 56 -0.001992410871406486
68 56 4.81962469332446e-05
69 56 0.002198721097839977
100 56  0.01255567626030511
101 56 -0.02242939179892765
102 56 -0.002799266069966371
19 57 -2.481708306012073e-06
20 57 -4.454547166674556e-06
21 57 -3.169983539588564e-06
31 57 -0.002870990390902048
32 57 -0.004473280093754474
33 57 -0.01404166993277109
37 57 0.002722264888776151
38 57 -0.001624332191612163
39 57 0.0008491210341418998
55 57  0.03435299275476124
56 57 0.005744156276008838
57 57   0.3066487629031826
64 57 -0.0002245047198386196
65 57 0.001075890888512177
66 57 -0.0004842537718142798
67 57 0.004909029562020155
68 57 0.001431622880385487
69 57  0.00181791041916346
100 57 0.007383406131303742
101 57 -0.00704914214832205
102 57 0.001982245222290424
58 58                    1
59 59                    1
60 60                    1
61 61                    1
62 62                    1
63 63                    1
55 64 -0.0003659268600204611
56 64 0.0002807410723851032
57 64 -0.0002245047198386196
64 64 0.005963680858919417
65 64 -0.0001634921298972275
66 64 -0.001034048664606068
67 64 -0.002107051066523079
68 64 7.814773697301011e-05
69 64 0.0004639075239977306
100 64 -0.003355552292830746
101 64 3.049411858442293e-07
102 64 0.002329713974027402
112 64 -0.002072840889506673
113 64 -9.71744325972769e-05
114 64 0.0001988129696392751
55 65 0.0001983144202671117
56 65 -0.001519750443730885
57 65 0.001075890888512177
64 65 -0.0001634921298972277
65 65 0.009793012588540585
66 65 -0.0007385702629904296
67 65 7.812993439775386e-05
68 65 -0.00381314031368177
69 65 0.0003529874194911506
100 65 3.469914315250657e-07
101 65 -0.002185428995514306
102 65 -1.411261480893894e-06
112 65 -1.480988639901415e-05
113 65 -0.006874583185470459
114 65 -0.0002438934318933297
55 66 -0.0002620538956559355
56 66 0.001537895736938238
57 66 -0.0004842537718142798
64 66 -0.001034048664606068
65 66 -0.0007385702629904296
66 66 0.008955643441934343
67 66 0.0002448538672651952
68 66 0.0003530872036734441
69 66 -0.001128558782646659
100 66 0.002847125637964099
101 66 -1.646954874760971e-06
102 66 -0.006493508540373246
112 66 0.0002363338533200153
113 66 -0.0007055501740298203
114 66 -0.002064883055711686
37 67 -0.006854282257833011
38 67 0.002856836917120261
39 67 0.001261644924423346
55 67 -0.004590788213766752
56 67 -0.001992410871406486
57 67 0.004909029562020155
64 67 -0.002107051066523079
65 67 7.812993439775386e-05
66 67 0.0002448538672651952
67 67  0.07471741293373653
68 67  0.00308520982965712
69 67 0.0004314790330445565
76 67 -0.01494355776126782
77 67 -0.007707251899833621
78 67 0.005692843496779167
112 67 0.0008862480731359514
113 67 0.0007999265811081287
114 67 0.0002931520702247495
118 67 -0.003978694930959501
119 67 0.002733589456516338
120 67 0.0004949961381734232
37 68 0.002618529763281217
38 68 -0.02642609319973355
39 68 -0.006789108382879076
55 68 -0.002129269473920864
56 68 4.81962469332446e-05
57 68 0.001431622880385487
64 68 7.814773697301011e-05
65 68 -0.00381314031368177
66 68 0.0003530872036734441
67 68  0.00308520982965712
68 68  0.09433149283747837
69 68 0.003999895574141194
76 68 -0.007583138565489413
77 68 -0.01258989967049433
78 68 0.004679365595068095
112 68 0.0008390898242741042
113 68 0.003349313174423981
114 68 -0.000544607013988597
118 68 0.002732246237808267
119 68 -0.009198930298165472
120 68 -0.001281952297316029
37 69 0.0006624758884064747
38 69 -0.002865462396534705
39 69 -0.00290523897326575
55 69 0.007683998812875981
56 69 0.002198721097839977
57 69  0.00181791041916346
64 69 0.0004639075239977306
65 69 0.0003529874194911506
66 69 -0.001128558782646659
67 69 0.0004314790330445565
68 69 0.003999895574141194
69 69   0.1565586429131972
76 69 0.003684028397572343
77 69 0.003020242956009238
78 69 -0.005673972229366812
112 69 0.0005026596671636872
113 69 -0.000764118637448296
114 69 0.001385974409453226
118 69 0.001070217011377239
119 69 -0.002659246082008235
120 69 -0.001448878537804518
70 70                    1
71 71                    1
72 72                    1
73 73                    1
74 74                    1
75 75                    1
67 76 -0.01494355776126782
68 76 -0.007583138565489413
69 76 0.003684028397572343
76 76  0.04624723514546247
77 76 0.008838261736783874
78 76 0.007321856918017539
79 76 -0.0004640542154872905
80 76 0.0002967539044307832
81 76 0.0004385038647162249
115 76 -0.001326049569266443
116 76 -0.0001929438715667945
117 76 0.0005774223426091052
127 76 -0.01060167466197701
128 76 0.003744875980671134
129 76 -0.0001872465381134863
142 76 -0.0001532648279375328
143 76 -1.722448953794777e-05
144 76 5.764128186203526e-05
145 76 9.953316563165182e-06
146 76 -3.026639667788708e-05
147 76 7.914664136483229e-06
67 77 -0.007707251899833622
68 77 -0.01258989967049433
69 77 0.003020242956009238
76 77 0.008838261736783874
77 77  0.04591035469378973
78 77 0.001582014688908198
79 77 -0.0002233856194507296
80 77 -0.004287406067611588
81 77 -0.0002459769485617199
115 77 0.0002499327434592341
116 77 -0.00714178868625383
117 77 0.0006007690727013491
127 77 0.003919445041735637
128 77 -0.001787945916155987
129 77 0.0002318954630222295
142 77 -1.643101532771702e-05
143 77 -4.507699019260608e-05
144 77 1.105833060471186e-05
145 77 -2.895335036181561e-05
146 77 9.149328639468178e-06
147 77 9.415177441539198e-06
67 78 0.005692843496779167
68 78 0.004679365595068095
69 78 -0.005673972229366812
76 78  0.00732185691801754
77 78 0.001582014688908198
78 78  0.07049896652057977
79 78 0.0004297014144036085
80 78 0.000196199852998401
81 78 -0.0006053510745417199
115 78 0.0005820966626762196
116 78 -0.0005685354995655828
117 78 -1.830146099871552e-05
127 78 -0.002568056790200809
128 78  0.00109431877605175
129 78 0.002020062908981583
142 78 2.607386563314803e-05
143 78 6.610874317118494e-06
144 78 -5.473653410049598e-07
145 78 5.54205778889876e-07
146 78 2.055497669946539e-06
147 78 3.113067500248617e-05
37 79 -0.006038977167412922
38 79 0.0001478453919101696
39 79 0.003379845021301071
76 79 -0.0004640542154872905
77 79 -0.0002233856194507296
78 79 0.0004297014144036085
79 79  0.02456214835804074
80 79 -0.002026862875001324
81 79 0.001788803212595466
85 79 -2.946936756959637e-05
86 79 9.08843552407643e-06
87 79 0.0001093905625022223
88 79 -1.552676077700224e-05
89 79 0.0002561221304723145
90 79 -4.192369115996807e-05
127 79 -0.01612582369350782
128 79 0.001444846669935061
129 79 -0.00220406946719961
130 79 -0.0004086416047734241
131 79 0.0002634123018068313
132 79 -0.0006655801751267608
37 80 -0.0002360628928425957
38 80 -0.002230050586879343
39 80 -0.0005833134310367551
76 80 0.0002967539044307833
77 80 -0.004287406067611588
78 80 0.000196199852998401
79 80 -0.002026862875001325
80 80  0.02028174826828245
81 80 -0.003779727828140613
85 80 -2.216144957221692e-05
86 80 -0.000148560006750662
87 80 0.0001060934436875061
88 80 0.0002056252690995912
89 80 -0.0004524201431977063
90 80 0.0004090165712337259
127 80 0.001380121128614879
128 80 -0.005905602638762927
129 80 4.121259639336199e-05
130 80 0.0002257515117674318
131 80 0.0004903003681675493
132 80 0.0004876906722302574
37 81 0.004560750657906223
38 81 -0.0009771023299802398
39 81 -0.004148603945480072
76 81 0.0004385038647162249
77 81 -0.0002459769485617199
78 81 -0.0006053510745417199
79 81 0.001788803212595466
80 81 -0.003779727828140613
81 81  0.03189453044420613
85 81 0.0001531580116762221
86 81 0.0001690678023362354
87 81 1.357402982071918e-05
88 81 -0.0001184857013139797
89 81 0.0006920536009447136
90 81 0.0004320182392584231
127 81 -0.004827438943261628
128 81 5.637553837562013e-05
129 81 -0.002163417114967875
130 81 -0.001107754729633723
131 81 0.0006987809827871848
132 81 0.0009128630745733063
82 82                    1
83 83                    1
84 84                    1
43 85 -0.007865407710340635
44 85 0.001459175868748825
45 85 -0.00194482423446689
79 85 -2.946936756959637e-05
80 85 -2.216144957221697e-05
81 85 0.0001531580116762221
85 85   0.1267737014230313
86 85 -0.008115496608072084
87 85  0.02137689945259047
88 85 -0.08210885112010345
89 85   0.0085210517870843
90 85 -0.01040668705604413
43 86 0.003074800808951341
44 86 0.0006722948217102861
45 86 0.003460349158391366
79 86 9.08843552407643e-06
80 86 -0.000148560006750662
81 86 0.0001690678023362354
85 86 -0.008115496608072084
86 86  0.07666642425615008
87 86   0.0239783278282269
88 86 0.006652916631666481
89 86 -0.02434644909524086
90 86  0.00225394175182855
43 87 -9.017297423342975e-05
44 87 0.002615662639721272
45 87 0.002013804165385061
79 87 0.0001093905625022223
80 87 0.0001060934436875061
81 87 1.357402982071918e-05
85 87  0.02137689945259047
86 87   0.0239783278282269
87 87    0.111053539870915
88 87 -0.01558226747037283
89 87 0.003340436955325847
90 87 -0.02393231394815764
79 88 -1.552676077700224e-05
80 88 0.0002056252690995912
81 88 -0.0001184857013139796
85 88 -0.08210885112010345
86 88 0.006652916631666481
87 88 -0.01558226747037283
88 88   0.1619528738366534
89 88 -0.009938424188949763
90 88  0.03636640439043015
130 88 -0.005749182330830688
131 88 -0.01665527729027365
132 88 -0.008790323160450978
157 88 -0.02113138352958744
158 88  0.01298553351640364
159 88 -0.0002505904094822201
79 89 0.0002561221304723145
80 89 -0.0004524201431977061
81 89 0.0006920536009447136
85 89   0.0085210517870843
86 89 -0.02434644909524086
87 89 0.003340436955325847
88 89 -0.009938424188949763
89 89   0.1007366840973813
90 89  0.02952615376025541
130 89 -0.01526513303607999
131 89 0.004882541287208908
132 89 -0.005357223400555033
157 89  0.01038277978480949
158 89 -0.01243253397231303
159 89 0.004197891221097274
79 90 -4.192369115996807e-05
80 90 0.0004090165712337259
81 90 0.0004320182392584231
85 90 -0.01040668705604413
86 90  0.00225394175182855
87 90 -0.02393231394815764
88 90  0.03636640439043015
89 90  0.02952615376025541
90 90   0.1863351525466078
130 90 -0.01529755767677427
131 90 -0.01094113956292428
132 90  0.01681413667590087
157 90 -0.004111886966630269
158 90 0.007587686898830263
159 90 -0.000245844068238059
91 91                    1
92 92                    1
93 93                    1
94 94                    1
95 95                    1
96 96                    1
97 97                    1
98 98                    1
99 99                    1
55 100 -0.01295829771969969
56 100  0.01255567626030511
57 100 0.007383406131303742
64 100 -0.003355552292830746
65 100 3.469914315250657e-07
66 100 0.002847125637964099
100 100   0.1516787245571763
101 100 -0.04173877446612875
102 100 -0.01216748340176897
112 100 -0.01937599759779291
113 100 0.002360954101715212
114 100 0.001329154313599995
55 101  0.01078210082335372
56 101 -0.02242939179892765
57 101 -0.00704914214832205
64 101 3.049411858442293e-07
65 101 -0.002185428995514306
66 101 -1.646954874761188e-06
100 101 -0.04173877446612875
101 101   0.2748018269789364
102 101  0.05276946383769705
112 101 0.004133963034982744
113 101 -0.06865123403694301
114 101 -0.008494343285715284
55 102 0.003817429077296714
56 102 -0.002799266069966371
57 102 0.001982245222290424
64 102 0.002329713974027402
65 102 -1.411261480893894e-06
66 102 -0.006493508540373246
100 102 -0.01216748340176896
101 102  0.05276946383769705
102 102   0.1754342804725173
112 102 0.001993705207294424
113 102 -0.01274260284815482
114 102 -0.01956045643595775
103 103                    1
104 104                    1
105 105                    1
106 106                    1
107 107                    1
108 108                    1
109 109 0.006601116728839397
110 109 0.0009617401498741154
111 109 0.0001390917311314862
112 109 -0.003183703196532576
113 109 -0.0004268649745723509
114 109 0.0008688879650778572
118 109 -0.002593749262171022
119 109 -0.0004583375882293828
120 109 -8.903107909803037e-05
163 109 -0.003555062769757914
164 109 -0.0006538660769669258
165 109 -0.0001734666852439566
109 110 0.0009617401498741154
110 110  0.00978507696605297
111 110 0.004341832699631109
112 110 -0.0005089638786974016
113 110 -0.005723832150929677
114 110 -0.002118692573200581
118 110 -0.0004583753754162204
119 110 -0.004020094930434999
120 110 -0.002069280287896608
163 110 -0.0005717921591206552
164 110 -0.004951800394884015
165 110 -0.002760389886499621
109 111 0.0001390917311314862
110 111 0.004341832699631109
111 111  0.01275408715334027
112 111 0.001128878220356043
113 111 -0.001658524766045895
114 111 -0.005300639406304533
118 111 -0.0002522467372293143
119 111 -0.002069068489126677
120 111 -0.003733117228934953
163 111 -4.714684468436594e-05
164 111 -0.003220417644511881
165 111 -0.008268144130431719
64 112 -0.002072840889506673
65 112 -1.480988639901415e-05
66 112 0.0002363338533200153
67 112 0.0008862480731359514
68 112 0.0008390898242741042
69 112 0.0005026596671636872
100 112 -0.01937599759779291
101 112 0.004133963034982744
102 112 0.001993705207294424
109 112 -0.003183703196532576
110 112 -0.0005089638786974016
111 112 0.001128878220356043
112 112   0.0742707167662786
113 112 0.004885269592712124
114 112  0.02372321905385188
118 112 0.001114174268342238
119 112 -0.0005862407033190008
120 112 0.0001568981707466218
163 112 -0.006967655892575468
164 112 -0.008677081777861776
165 112 0.0001661475507057704
64 113 -9.717443259727696e-05
65 113 -0.006874583185470459
66 113 -0.0007055501740298201
67 113 0.0007999265811081287
68 113 0.003349313174423981
69 113 -0.000764118637448296
100 113 0.002360954101715212
101 113 -0.06865123403694301
102 113 -0.01274260284815482
109 113 -0.0004268649745723509
110 113 -0.005723832150929676
111 113 -0.001658524766045894
112 113 0.004885269592712125
113 113   0.1314506443255726
114 113   0.0167502544351506
118 113 -0.0005471813851914591
119 113  0.00289153142119375
120 113  0.00188774964670619
163 113 -0.007046018852625991
164 113 -0.01904419383026469
165 113 -0.002646535989270491
64 114 0.0001988129696392751
65 114 -0.0002438934318933297
66 114 -0.002064883055711686
67 114 0.0002931520702247495
68 114 -0.000544607013988597
69 114 0.001385974409453226
100 114 0.001329154313599995
101 114 -0.008494343285715284
102 114 -0.01956045643595775
109 114 0.0008688879650778572
110 114 -0.002118692573200581
111 114 -0.005300639406304533
112 114  0.02372321905385188
113 114   0.0167502544351506
114 114   0.1160150271515386
118 114 -5.982549821383629e-05
119 114  0.00166882052745349
120 114 0.003664074360741651
163 114 -0.001339493546739726
164 114 -0.00643878104981062
165 114 0.003090992974653019
76 115 -0.001326049569266443
77 115 0.0002499327434592341
78 115 0.0005820966626762196
115 115  0.08317866271286099
116 115 0.002091936885806557
117 115  0.01601086391308372
118 115 -0.02314031739606057
119 115 0.0005602096398828521
120 115 -0.0009744964055181441
145 115 -0.01127805218345409
146 115 -0.002910340245773969
147 115 0.001446060387178101
184 115 -0.007298985190941771
185 115 -0.003569198293445618
186 115 0.000797560125669533
76 116 -0.0001929438715667945
77 116 -0.00714178868625383
78 116 -0.0005685354995655829
115 116 0.002091936885806557
116 116  0.07569768469437584
117 116 -0.007974719937100057
118 116 0.0008197908485614607
119 116 -0.005672762128871237
120 116 0.0003102530199405802
145 116 -0.002820991267487659
146 116 -0.003192617883763464
147 116 0.000106780258683795
184 116 -0.003097020645795395
185 116 -0.02278054137800718
186 116  0.00386339834887045
76 117 0.0005774223426091052
77 117 0.0006007690727013491
78 117 -1.830146099871552e-05
115 117  0.01601086391308372
116 117 -0.007974719937100054
117 117    0.124714613194323
118 117  0.00205151493467448
119 117 0.0001984859291710025
120 117 -0.002413074512515326
145 117 -8.359808181677565e-05
146 117 -0.0003940245187691647
147 117 -0.00103598431996873
184 117 0.0002171587111436454
185 117 0.001216822794394262
186 117 -0.004060672418540619
67 118 -0.003978694930959501
68 118 0.002732246237808267
69 118 0.001070217011377239
109 118 -0.002593749262171022
110 118 -0.0004583753754162204
111 118 -0.0002522467372293144
112 118 0.001114174268342238
113 118 -0.0005471813851914591
114 118 -5.982549821383627e-05
115 118 -0.02314031739606058
116 118 0.0008197908485614607
117 118  0.00205151493467448
118 118  0.07656749270891032
119 118 -0.009019057906672392
120 118 0.001505676705751599
163 118 -0.002792648745907978
164 118 0.0004774741502348436
165 118  0.00440841159810737
178 118 -0.01154830833355106
179 118 0.007026539998163943
180 118 0.0009560028898510618
181 118 -6.718481519102734e-05
182 118 0.0008564287787045316
183 118 0.0004418866408343569
184 118 0.0006540774981928742
185 118 -0.002089019795695508
186 118 0.0008328551558958575
67 119 0.002733589456516338
68 119 -0.009198930298165472
69 119 -0.002659246082008235
109 119 -0.0004583375882293828
110 119 -0.004020094930434999
111 119 -0.002069068489126677
112 119 -0.0005862407033190008
113 119  0.00289153142119375
114 119  0.00166882052745349
115 119 0.0005602096398828521
116 119 -0.005672762128871237
117 119 0.0001984859291710025
118 119 -0.009019057906672392
119 119  0.06329261474930505
120 119 0.004025619166921468
163 119 0.0004552713961896298
164 119 0.0006818347096308951
165 119 0.001221731809623531
178 119 0.007327119607502957
179 119 -0.01488885001742762
180 119 -0.001160483701256321
181 119 0.0009492649747451926
182 119 0.000121602200538921
183 119 -0.0008836765751777286
184 119 -0.002022016710732569
185 119 0.0004198988111829047
186 119 0.0002369129567278583
67 120 0.0004949961381734232
68 120 -0.001281952297316029
69 120 -0.001448878537804518
109 120 -8.903107909803037e-05
110 120 -0.002069280287896608
111 120 -0.003733117228934953
112 120 0.0001568981707466218
113 120  0.00188774964670619
114 120 0.003664074360741651
115 120 -0.0009744964055181441
116 120 0.0003102530199405802
117 120 -0.002413074512515326
118 120 0.001505676705751599
119 120 0.004025619166921468
120 120   0.1146728820604752
163 120 0.006299471838520813
164 120  0.00137881665814877
165 120 0.000961776982240619
178 120 0.002275064939882578
179 120 -0.002845245040996796
180 120  -0.0040742962141764
181 120 0.0007202078292600284
182 120 -0.001404027354666169
183 120 0.0006219001601159202
184 120 0.0004622282632126928
185 120 -0.0001386421497450402
186 120 0.001246248921550755
121 121                    1
122 122                    1
123 123                    1
124 124                    1
125 125                    1
126 126                    1
76 127 -0.01060167466197701
77 127 0.003919445041735637
78 127 -0.002568056790200809
79 127 -0.01612582369350782
80 127 0.001380121128614879
81 127 -0.004827438943261628
127 127    0.567650295931758
128 127  0.04232487540856823
129 127 -0.03423710263360098
130 127  -0.3009200302832757
131 127 -0.007206456070174894
132 127  0.02760477133905699
142 127 -0.03022922260333083
143 127 -0.006795024935822659
144 127  0.01091136979877328
148 127 -0.002114672211526043
149 127 0.004565135857963913
150 127  0.00492849869578621
154 127 -0.01011040746174501
155 127  -0.0149351792257717
156 127 0.005071598975862121
76 128 0.003744875980671134
77 128 -0.001787945916155987
78 128  0.00109431877605175
79 128 0.001444846669935061
80 128 -0.005905602638762927
81 128 5.637553837562013e-05
127 128  0.04232487540856823
128 128   0.5449105695968079
129 128 -0.03379844747811134
130 128 -0.009544376113238502
131 128  -0.2672672544443729
132 128  0.04263017991879228
142 128 -0.006141885108688444
143 128 -0.04156249366336004
144 128 0.009631486273813453
148 128 0.003756662961142562
149 128 -0.0005632682283639039
150 128 -0.006648260482411635
154 128 -0.01400367647503314
155 128 -0.02946959232671263
156 128  0.01059253442549026
76 129 -0.0001872465381134863
77 129 0.0002318954630222295
78 129 0.002020062908981581
79 129 -0.00220406946719961
80 129 4.121259639336189e-05
81 129 -0.002163417114967875
127 129 -0.03423710263360098
128 129 -0.03379844747811134
129 129   0.6878792422746747
130 129  0.02211839175163099
131 129  0.06343204489570597
132 129  -0.2425763647428721
142 129 0.008519164310641474
143 129  0.00597061009987522
144 129 -0.01895489034197953
148 129 0.003179589505627617
149 129 -0.005106588164732679
150 129 0.001139531399800437
154 129 0.002635264565810088
155 129 0.005192832402644716
156 129 -0.002671365915180714
79 130 -0.0004086416047734241
80 130 0.0002257515117674318
81 130 -0.001107754729633723
88 130 -0.005749182330830688
89 130 -0.01526513303607999
90 130 -0.01529755767677427
127 130  -0.3009200302832757
128 130 -0.009544376113238502
129 130  0.02211839175163099
130 130   0.7636260263706859
131 130 -0.03078229280846747
132 130 0.006467803465250224
148 130 -0.02008848910451611
149 130 0.001323160128988627
150 130  0.01812844407016595
151 130 -0.03419058161831785
152 130  0.01047719559011096
153 130  0.02102976718604467
157 130 -0.01173481044633187
158 130 -0.002662978475342792
159 130 -2.220400787381918e-05
205 130 0.009074243003444522
206 130 0.008239105602363263
207 130 0.000963749282124443
79 131 0.0002634123018068314
80 131 0.0004903003681675493
81 131 0.0006987809827871848
88 131 -0.01665527729027365
89 131 0.004882541287208908
90 131 -0.01094113956292428
127 131 -0.007206456070174894
128 131  -0.2672672544443729
129 131  0.06343204489570597
130 131 -0.03078229280846747
131 131   0.6820354238853532
132 131 -0.06796212957471916
148 131 0.001839328038565789
149 131 -0.01295952877645156
150 131 -0.003696746912894709
151 131 0.009830847992503037
152 131 -0.05887743852151019
153 131 -0.01081796568193999
157 131 -0.003983076615315699
158 131 -0.04098141438086779
159 131 -0.02298381142189134
205 131  0.00782663604306027
206 131    0.015682988388233
207 131  -0.0092591812448644
79 132 -0.0006655801751267608
80 132 0.0004876906722302573
81 132 0.0009128630745733059
88 132 -0.008790323160450978
89 132 -0.005357223400555033
90 132  0.01681413667590087
127 132  0.02760477133905699
128 132  0.04263017991879228
129 132  -0.2425763647428721
130 132 0.006467803465250224
131 132 -0.06796212957471916
132 132   0.9168538687513856
148 132  0.01228067657762372
149 132 -0.003088574041556145
150 132 -0.01348090268687452
151 132  0.01852781496400733
152 132 -0.003350228086331323
153 132 -0.05345290243961578
157 132 -1.751473639319705e-05
158 132 -0.01533446229208452
159 132 -0.01177193881763613
205 132 -0.002044220064811166
206 132 -0.00694727203431785
207 132  0.02843513087222856
133 133                    1
134 134                    1
135 135                    1
136 136                    1
137 137                    1
138 138                    1
139 139                    1
140 140                    1
141 141                    1
76 142 -0.0001532648279375328
77 142 -1.643101532771702e-05
78 142 2.607386563314803e-05
127 142 -0.03022922260333083
128 142 -0.006141885108688443
129 142 0.008519164310641474
142 142  0.06934159456746358
143 142 -0.01219385492434097
144 142 -0.002630979158763329
145 142 -0.0009662323646003184
146 142 1.861653709061438e-05
147 142  0.00017363157990344
154 142 -0.02727556828913467
155 142  0.01896906720320157
156 142 0.003303242577050564
208 142 5.307680714925273e-05
209 142 -0.0001679603243761109
210 142 4.310246874593217e-05
76 143 -1.722448953794777e-05
77 143 -4.507699019260608e-05
78 143 6.610874317118494e-06
127 143 -0.006795024935822659
128 143 -0.04156249366336005
129 143  0.00597061009987522
142 143 -0.01219385492434097
143 143  0.09130826608885342
144 143 0.009935157197255445
145 143 0.0001575839625243064
146 143 -0.004591533649150023
147 143 0.0002675372110793768
154 143  0.01845094400636135
155 143 -0.04011679597914704
156 143 -0.003900464543354998
208 143 -0.0001603461580798615
209 143 5.047487314318658e-05
210 143 0.0002121183673773555
76 144 5.764128186203526e-05
77 144 1.105833060471186e-05
78 144 -5.473653410049581e-07
127 144  0.01091136979877328
128 144 0.009631486273813453
129 144 -0.01895489034197953
142 144 -0.00263097915876333
143 144 0.009935157197255445
144 144  0.08823692781885543
145 144 0.0001981023068571996
146 144 -0.0005113810474439153
147 144 5.87067600857325e-05
154 144 0.001257797174734703
155 144 -0.0009963622551804497
156 144  -0.0129720024873849
208 144 -6.683785929504409e-07
209 144 0.0001694406453639181
210 144 0.000166954569695288
76 145 9.953316563165182e-06
77 145 -2.895335036181561e-05
78 145 5.54205778889876e-07
115 145 -0.01127805218345409
116 145 -0.002820991267487659
117 145 -8.359808181677557e-05
142 145 -0.0009662323646003184
143 145 0.0001575839625243064
144 145 0.0001981023068571996
145 145  0.07132550755300271
146 145 0.004317742141108664
147 145  0.01139288979027372
184 145 0.0003532474818856861
185 145 0.002005784594410283
186 145 -3.105764187314185e-05
208 145 -0.009717064672773015
