%%MatrixMarket matrix coordinate real general
654 654 4812
1 1  0.09745885213271173
2 1 -0.01340317569090626
3 1 0.003691355497273936
13 1 -0.02832017168049628
14 1 0.003546515629401744
15 1 0.004079068044253446
19 1 -0.01035674882569581
20 1  0.00226338269636101
21 1 0.005346026952599758
1 2 -0.01340317569090626
2 2   0.0937638910749469
3 2  -0.0110512105191785
13 2 0.002823425145936866
14 2 -0.01149009159033504
15 2 0.003995013259926163
19 2 0.003846013692194069
20 2  -0.0272205857059516
21 2 0.003827037334513999
1 3 0.003691355497273938
2 3  -0.0110512105191785
3 3   0.1445748202277579
13 3 -0.00138011102236566
14 3 0.004587741489057371
15 3 -0.001615477485573707
19 3 0.006033919529164012
20 3 -0.001317336555958407
21 3 -0.002291892888936122
4 4                    1
5 5                    1
6 6                    1
7 7                    1
8 8                    1
9 9                    1
10 10                    1
11 11                    1
12 12                    1
1 13 -0.02832017168049628
2 13 0.002823425145936856
3 13 -0.00138011102236566
13 13   0.4867278626529137
14 13 -0.003018125482791194
15 13 -0.02949509450534758
19 13 0.003808640939293898
20 13 0.009742417444588584
21 13 -0.001218272520306911
28 13  -0.1650233501874728
29 13  -0.0158959969993607
30 13  0.02291085882199357
37 13 -0.02317225660310357
38 13 0.005519417011610316
39 13  0.00427178815429335
1 14 0.003546515629401744
2 14 -0.01149009159033504
3 14 0.004587741489057364
13 14 -0.003018125482791194
14 14   0.2806083727469967
15 14 0.003860666881927641
19 14  0.01025871060222806
20 14 0.004200019521402004
21 14 0.0002485784286047499
28 14 -0.01434270147945643
29 14  -0.1004634139820875
30 14 -0.01109342431518301
37 14 0.004722966943458059
38 14 -0.01783992892419434
39 14 0.005011471784878358
1 15 0.004079068044253446
2 15 0.003995013259926164
3 15 -0.001615477485573707
13 15 -0.02949509450534758
14 15 0.003860666881927658
15 15   0.3838631708038855
19 15 0.001641631363637363
20 15 -0.002645266412955793
21 15  0.01465064487778866
28 15  0.01970481335988059
29 15 -0.02064982127174472
30 15 -0.07320190121348547
37 15 0.0002692718626532268
38 15 0.005980832690229942
39 15 -0.00492958462553211
16 16                    1
17 17                    1
18 18                    1
1 19 -0.01035674882569581
2 19 0.003846013692194069
3 19 0.006033919529164012
13 19 0.003808640939293898
14 19  0.01025871060222806
15 19 0.001641631363637377
19 19   0.1185558640592595
20 19  0.01849181983456957
21 19  0.02570431509008288
28 19   -0.041062532640412
29 19 -0.02089255251077641
30 19 -0.004356161116722009
49 19 0.0003982858701032141
50 19 -0.002343529920100818
51 19 0.001502466412588767
1 20  0.00226338269636101
2 20  -0.0272205857059516
3 20 -0.001317336555958427
13 20 0.009742417444588584
14 20 0.004200019521402004
15 20 -0.002645266412955789
19 20  0.01849181983456957
20 20   0.1233950119635747
21 20  0.01311677071479016
28 20 -0.02001281594929189
29 20 -0.02612558262251271
30 20 -0.003188160175008324
49 20 -0.001446077886405535
50 20 -0.003201404079825264
51 20 -0.0009764549788051094
1 21 0.005346026952599758
2 21 0.003827037334513999
3 21 -0.002291892888936122
13 21 -0.001218272520306909
14 21 0.0002485784286047508
15 21  0.01465064487778866
19 21  0.02570431509008288
20 21  0.01311677071479016
21 21   0.1777354444933777
28 21 -0.01104326598605394
29 21 -0.008119120565850693
30 21 -0.005328826222620814
49 21 0.001182346086603536
50 21 -0.002277546241322608
51 21 0.002465051682358116
22 22                    1
23 23                    1
24 24                    1
25 25                    1
26 26                    1
27 27                    1
13 28  -0.1650233501874728
14 28 -0.01434270147945643
15 28  0.01970481335988059
19 28   -0.041062532640412
20 28 -0.02001281594929189
21 28 -0.01104326598605394
28 28   0.4001026403111438
29 28 -0.01559819841242787
30 28 -0.02317577925481566
37 28 0.004140025687975119
38 28 0.008649054593416149
39 28 0.003691555942008886
49 28 0.005280372852768438
50 28 0.003534306545244509
51 28 0.002869165093760403
52 28 -0.04855207319598828
53 28  0.01664800001000304
54 28 2.66627407621285e-05
61 28 0.004265065798993777
62 28 -0.02009030217738559
63 28 0.003842971196286104
64 28 -0.08900957784503274
65 28  0.01438158910226379
66 28  0.04656928910427235
13 29  -0.0158959969993607
14 29  -0.1004634139820875
15 29 -0.02064982127174472
19 29 -0.02089255251077641
20 29 -0.02612558262251271
21 29 -0.008119120565850693
28 29  -0.0155981984124279
29 29   0.4641796248196555
30 29  0.02600533221156367
37 29 0.008208925707377832
38 29 0.003484655825580743
39 29 -0.003499205351357935
49 29 0.003747674417221092
50 29 0.004236846408909286
51 29 0.003646780686383254
52 29   0.0196725612324492
53 29  -0.1725705921090882
54 29 -0.03391804229570106
61 29 -0.01930491062583686
62 29 0.004110277402693877
63 29  0.02036659449103894
64 29  0.01394493146539819
65 29 -0.04715930475513076
66 29 -0.02430192097013884
13 30  0.02291085882199357
14 30 -0.01109342431518301
15 30 -0.07320190121348547
19 30 -0.004356161116722009
20 30 -0.003188160175008325
21 30 -0.005328826222620814
28 30 -0.02317577925481564
29 30  0.02600533221156367
30 30    0.526834631486396
37 30 0.001266879325144709
38 30 -0.001032264452302992
39 30  0.01141238792006869
49 30 0.004074630922640285
50 30 0.002450844798917945
51 30  0.01358119372137238
52 30 0.003358101922026455
53 30 -0.05154064179411048
54 30 -0.04588308733188862
61 30 -0.0002920163665813334
62 30   0.0161662099438247
63 30  0.01336010807313238
64 30  0.03501046917688407
65 30 -0.02139883230005863
66 30 -0.06054676672224938
31 31                    1
32 32                    1
33 33                    1
34 34                    1
35 35                    1
36 36                    1
13 37 -0.02317225660310357
14 37 0.004722966943458059
15 37 0.0002692718626532268
28 37 0.004140025687975119
29 37 0.008208925707377832
30 37 0.001266879325144709
37 37   0.1272360359689139
38 37 0.009919118104851327
39 37  0.03156981611240786
64 37 -0.03457590571673531
65 37 -0.01510430146221453
66 37 -0.005889051905403217
70 37 -0.0003471894875623952
71 37 -0.003278955697091241
72 37 -0.001667060562959467
73 37 -0.003919502831877749
74 37 0.002180995340074519
75 37 -0.0004727422179406053
13 38 0.005519417011610316
14 38 -0.01783992892419434
15 38 0.005980832690229942
28 38 0.008649054593416149
29 38 0.003484655825580743
30 38 -0.001032264452302992
37 38 0.009919118104851327
38 38  0.09806165809982123
39 38  0.01485124686916296
64 38 -0.01419580080336525
65 38 -0.03411839020396268
66 38 -0.01002876600791682
70 38 -0.003087836013901791
71 38 0.0005045581884440289
72 38 -0.0007986714648146473
73 38 0.001430813453975411
74 38 -0.0004968201286658959
75 38 0.001641942209111016
13 39  0.00427178815429335
14 39 0.005011471784878358
15 39 -0.00492958462553211
28 39 0.003691555942008886
29 39 -0.003499205351357935
30 39  0.01141238792006869
37 39  0.03156981611240786
38 39  0.01485124686916296
39 39   0.1502963239916441
64 39 -0.008626180568762168
65 39 -0.01492393391276207
66 39 -0.01720503731848024
70 39 -0.002724905504621644
71 39 -0.001869905319330213
72 39  0.00296577709719634
73 39 -0.001543105796776652
74 39 0.002445578712560248
75 39 0.001262966840898801
40 40                    1
41 41                    1
42 42                    1
43 43                    1
44 44                    1
45 45                    1
46 46                    1
47 47                    1
48 48                    1
19 49 0.0003982858701032141
20 49 -0.001446077886405535
21 49 0.001182346086603536
28 49 0.005280372852768438
29 49 0.003747674417221092
30 49 0.004074630922640285
49 49   0.1934561429475795
50 49 0.0002175673610348289
51 49 -0.001712091660671093
52 49 -0.08684157753998437
53 49 -0.002247234351591281
54 49 0.006179336629058533
88 49 0.000412210671452327
89 49 -0.002322488050571012
90 49 0.001495154541006883
19 50 -0.002343529920100818
20 50 -0.003201404079825264
21 50 -0.002277546241322608
28 50 0.003534306545244508
29 50 0.004236846408909286
30 50 0.002450844798917945
49 50 0.0002175673610348289
50 50   0.3245852694584366
51 50 -0.02125033119520669
52 50 -0.002142700860645472
53 50  -0.1360585056833133
54 50  0.01035300277838187
88 50 -0.001430824836110194
89 50 -0.003151148332411387
90 50 -0.0009603673575480996
19 51 0.001502466412588767
20 51 -0.0009764549788051094
21 51 0.002465051682358116
28 51 0.002869165093760403
29 51 0.003646780686383254
30 51  0.01358119372137238
49 51 -0.001712091660671093
50 51 -0.02125033119520669
51 51   0.2490143885000866
52 51 -0.002141937856649618
53 51 0.008793483281318954
54 51 -0.05527585781741828
88 51 0.001179202773310891
89 51 -0.002242472111478848
90 51 0.002434862969897487
28 52 -0.04855207319598828
29 52   0.0196725612324492
30 52 0.003358101922026455
49 52 -0.08684157753998437
50 52 -0.002142700860645472
51 52 -0.002141937856649618
52 52   0.4059807819710279
53 52 -0.001851374387718978
54 52 -0.03333224254238232
61 52  -0.1245088051140382
62 52 -0.01224586613923646
63 52  0.04116188042154086
88 52 0.005159799510169033
89 52 0.003475611275999475
90 52 0.002817581381211217
94 52 0.004511962818508323
95 52  -0.0206605259012122
96 52 0.004192544476703709
97 52 -0.04036681678687067
98 52  0.01931753115347208
99 52 0.001547532235043427
28 53  0.01664800001000304
29 53  -0.1725705921090882
30 53 -0.05154064179411048
49 53 -0.002247234351591281
50 53  -0.1360585056833133
51 53 0.008793483281318954
52 53 -0.001851374387718978
53 53    0.552150412761365
54 53  0.06361380517273532
61 53 -0.01272143999579303
62 53 -0.07746232278811606
63 53 0.006346000387813131
88 53 0.003684646084977732
89 53 0.004114176734579894
90 53 0.003548477965598116
94 53 -0.01971105676062379
95 53 0.003976725290353159
96 53 0.002773466234974803
97 53  0.02176302365030229
98 53  -0.1155343730736607
99 53 -0.02264041843503694
28 54 2.66627407621285e-05
29 54 -0.03391804229570106
30 54 -0.04588308733188862
49 54 0.006179336629058533
50 54  0.01035300277838187
51 54 -0.05527585781741828
52 54 -0.03333224254238232
53 54  0.06361380517273532
54 54   0.5505164088395923
61 54  0.02852267511766318
62 54 0.006824738847865732
63 54 -0.06968104781027988
88 54 0.004001246298671766
89 54  0.00237682907829971
90 54  0.01323855455951128
94 54 0.0002438276684228902
95 54 -0.001195158934885995
96 54  0.01362617887040304
97 54 0.005016929980962471
98 54 -0.03635432688871384
99 54 -0.03323595959143742
55 55                    1
56 56                    1
57 57                    1
58 58                    1
59 59                    1
60 60                    1
28 61 0.004265065798993777
29 61 -0.01930491062583686
30 61 -0.0002920163665813334
52 61  -0.1245088051140382
53 61 -0.01272143999579303
54 61  0.02852267511766318
61 61    0.341123323928337
62 61 0.005790046378631602
63 61 0.003076754985458799
64 61  -0.0159990993581227
65 61  0.01528298158803242
66 61 0.004364042037007373
94 61 -0.02379619999175255
95 61  0.01505097231914345
96 61 0.0005303448072950341
112 61 -0.05047278152868216
113 61 0.0004247515171241049
114 61   0.0207189228467623
115 61 0.003431175857005829
116 61 -0.01043364077699157
117 61 0.002728397547598759
28 62 -0.02009030217738559
29 62 0.004110277402693877
30 62   0.0161662099438247
52 62 -0.01224586613923646
53 62 -0.07746232278811604
54 62 0.006824738847865732
61 62 0.005790046378631602
62 62   0.3544667572401689
63 62 -0.0008229325302413733
64 62  0.01261157601866133
65 62 -0.08018227610233195
66 62 -0.01467124254297936
94 62  0.01686791520356625
95 62  -0.0968275478634032
96 62 0.006594159523447243
112 62 0.0009734255489733138
113 62 -0.01684063265289912
114 62 -0.003675194203636822
115 62 -0.009980998404949572
116 62 0.003154019601037263
117 62 0.003245664831598979
28 63 0.003842971196286104
29 63  0.02036659449103894
30 63  0.01336010807313238
52 63  0.04116188042154086
53 63 0.006346000387813131
54 63 -0.06968104781027988
61 63 0.003076754985458799
62 63 -0.0008229325302413733
63 63   0.3663356704121649
64 63 0.001006125004741799
65 63 -0.004843949430214583
66 63 -0.01261136859263521
94 63 0.003823102351182555
95 63 -0.005079820046874937
96 63  -0.0139089326079894
112 63  0.01166347582904248
113 63 -0.002174693115877285
114 63 -0.01343813090200105
115 63 0.0001910496341868922
116 63  0.00070858531771706
117 63  0.01073158075531682
28 64 -0.08900957784503274
29 64  0.01394493146539819
30 64  0.03501046917688407
37 64 -0.03457590571673531
38 64 -0.01419580080336525
39 64 -0.008626180568762166
61 64  -0.0159990993581227
62 64  0.01261157601866133
63 64 0.001006125004741799
64 64   0.3125776079064471
65 64 -0.02568766649332099
66 64 -0.01161409834916384
70 64 -0.04533243129814082
71 64   0.0104676669247587
72 64  0.03416199842321062
112 64 0.002513995901636862
113 64 -0.00222465022103334
114 64 -0.0007492289187928434
28 65  0.01438158910226379
29 65 -0.04715930475513076
30 65 -0.02139883230005863
37 65 -0.01510430146221453
38 65 -0.03411839020396268
39 65 -0.01492393391276207
61 65  0.01528298158803242
62 65 -0.08018227610233195
63 65 -0.004843949430214583
64 65 -0.02568766649332099
65 65   0.3202934625266731
66 65  0.02712439247656155
70 65  0.01055386394501496
71 65 -0.03693687440736675
72 65 -0.01894928959748914
112 65 -0.003338692601512914
113 65  0.00344200385427806
114 65  0.00685242386533423
28 66  0.04656928910427235
29 66 -0.02430192097013884
30 66 -0.06054676672224939
37 66 -0.005889051905403217
38 66 -0.01002876600791682
39 66 -0.01720503731848024
61 66 0.004364042037007373
62 66 -0.01467124254297937
63 66 -0.01261136859263521
64 66 -0.01161409834916384
65 66  0.02712439247656155
66 66   0.4240887400790752
70 66  0.02554994799050083
71 66 -0.01510556582902951
72 66 -0.04312108305951173
112 66 -0.001994174911527725
113 66 0.004589687289446974
114 66  0.01252712161059873
67 67                    1
68 68                    1
69 69                    1
37 70 -0.0003471894875623953
38 70 -0.003087836013901791
39 70 -0.002724905504621644
64 70 -0.04533243129814082
65 70  0.01055386394501496
66 70  0.02554994799050083
70 70   0.3371598747957131
71 70 -0.003241361273043265
72 70 0.005157577535185354
73 70  -0.2046877512844298
74 70 0.001303471848819602
75 70  0.03145633479868355
112 70 0.0005540423559538787
113 70 0.001473292461180247
114 70 0.001726444961632468
118 70 -0.06728530620573739
119 70 -0.003975223668191975
120 70  -0.0179343460705488
124 70 0.002306687631055649
125 70 -0.004566897335280996
126 70 0.001585758414475467
37 71 -0.003278955697091241
38 71 0.0005045581884440289
39 71 -0.001869905319330213
64 71   0.0104676669247587
65 71 -0.03693687440736675
66 71 -0.01510556582902951
70 71 -0.003241361273043265
71 71   0.2031635374959797
72 71  0.02339231417409234
73 71 0.0003320196258438674
74 71 -0.08518353514721952
75 71 -0.01256001550761236
112 71 0.002460896976729155
113 71 -0.003774980654164871
114 71  0.00103228694915883
118 71 -0.003909808945098061
119 71 -0.02287479839703946
120 71 -0.001605443897510416
124 71 -0.004344686415406125
125 71 0.002071139342774571
126 71 -0.003071342450889717
37 72 -0.001667060562959467
38 72 -0.0007986714648146473
39 72  0.00296577709719634
64 72  0.03416199842321062
65 72 -0.01894928959748914
66 72 -0.04312108305951173
70 72 0.005157577535185354
71 72  0.02339231417409234
72 72   0.3635069528802665
73 72   0.0304496343461856
74 72 -0.007090900496958961
75 72 -0.07210193893786773
112 72  0.00233860344448663
113 72 -0.0003077632220095542
114 72 0.002927309854973768
118 72 -0.02715570196714009
119 72 -0.001972096168969566
120 72 -0.02382375960336746
124 72 0.0003386490892901895
125 72 -0.004316843993381761
126 72 0.007279395414154732
37 73 -0.003919502831877749
38 73 0.001430813453975411
39 73 -0.001543105796776651
70 73  -0.2046877512844298
71 73 0.0003320196258438674
72 73   0.0304496343461856
73 73   0.3262388214607835
74 73   0.0014200356394797
75 73 -0.02753036709357928
118 73 -0.0003062327885481758
119 73 -0.003478373619934094
120 73 -0.00176590186280291
130 73 -0.004302415912350604
131 73 0.002312369067670635
132 73 -0.0005100114388513007
37 74 0.002180995340074519
38 74 -0.0004968201286658959
39 74 0.002445578712560248
70 74 0.001303471848819602
71 74 -0.08518353514721952
72 74 -0.007090900496958961
73 74   0.0014200356394797
74 74   0.1389912234153366
75 74  0.02089503681650174
118 74 -0.003282302703271276
119 74 0.0005431512197938261
120 74 -0.0008229671764721526
130 74 0.001524950184741881
131 74 -0.0006327408452990227
132 74 0.001676580092511674
37 75 -0.0004727422179406053
38 75 0.001641942209111016
39 75 0.001262966840898801
70 75  0.03145633479868355
71 75 -0.01256001550761236
72 75 -0.07210193893786773
73 75 -0.02753036709357928
74 75  0.02089503681650174
75 75   0.1862346864289697
118 75 -0.002857246969594602
119 75 -0.001921952902640964
120 75 0.002974652229274247
130 75 -0.001628613340543104
131 75 0.002502955821725366
132 75 0.001160125060688104
76 76                    1
77 77                    1
78 78                    1
79 79                    1
80 80                    1
81 81                    1
82 82                    1
83 83                    1
84 84                    1
85 85                    1
86 86                    1
87 87                    1
49 88 0.000412210671452327
50 88 -0.001430824836110194
51 88 0.001179202773310891
52 88 0.005159799510169033
53 88 0.003684646084977732
54 88 0.004001246298671765
88 88   0.2339930177115669
89 88  0.03537211874376679
90 88  0.04117531470036228
97 88   -0.103348816834953
98 88 -0.01870405399290679
99 88 -0.01313802647483945
145 88 -0.002857238330519173
146 88 -0.002373570401155551
147 88 -0.003661072269937754
151 88 0.002736551795296396
152 88 0.001395439192184019
153 88 0.004742780191201466
49 89 -0.002322488050571012
50 89 -0.003151148332411387
51 89 -0.002242472111478848
52 89 0.003475611275999475
53 89 0.004114176734579894
54 89  0.00237682907829971
88 89  0.03537211874376679
89 89   0.3374995563061501
90 89   0.1509951032259239
97 89 -0.01800751561315121
98 89  -0.1396260994627145
99 89 -0.06952865875629217
145 89  -0.0035498971172874
146 89 -0.0008152153240203299
147 89 -1.466119917410694e-05
151 89   0.0031284619535381
152 89 -0.005523535120686226
153 89 -0.001852476942318735
49 90 0.001495154541006883
50 90 -0.0009603673575480996
51 90 0.002434862969897487
52 90 0.002817581381211217
53 90 0.003548477965598116
54 90  0.01323855455951128
88 90   0.0411753147003624
89 90   0.1509951032259239
90 90     0.42298623468154
97 90  -0.0203227111773359
98 90 -0.07106211871488773
99 90  -0.1378519612306696
145 90 -0.005496287244830494
146 90 -2.017177018266193e-05
147 90 -0.0008044651645380114
151 90 0.006576887480976664
152 90 -0.004329026997243799
153 90 0.005268199755695879
91 91                    1
92 92                    1
93 93                    1
52 94 0.004511962818508323
53 94  -0.0197110567606238
54 94 0.0002438276684228902
61 94 -0.02379619999175255
62 94  0.01686791520356625
63 94 0.003823102351182555
94 94   0.3782537388785744
95 94 -0.003378280412215278
96 94  0.02959645983944282
97 94  -0.1329586556509588
98 94  0.01922423774831422
99 94 -0.004380914835907007
115 94 -0.09165190933106239
116 94 -0.01714790604820069
117 94  0.01543389096154429
154 94 -0.03837221373007628
155 94 -0.009823927614009879
156 94 -0.0001350495384535993
52 95  -0.0206605259012122
53 95 0.003976725290353159
54 95 -0.001195158934885995
61 95  0.01505097231914345
62 95  -0.0968275478634032
63 95 -0.005079820046874937
94 95 -0.003378280412215278
95 95   0.3600134826845814
96 95 -0.03280530406019757
97 95  0.01987861776622426
98 95 -0.03513003167302601
99 95 0.0007773047206927263
115 95 -0.01679706530981411
116 95 -0.02635405982669799
117 95 -0.002183713909099346
154 95 -0.007715379477420856
155 95  -0.1190364514086747
156 95   0.0239246201556691
52 96 0.004192544476703709
53 96 0.002773466234974803
54 96  0.01362617887040304
61 96 0.0005303448072950341
62 96 0.006594159523447243
63 96  -0.0139089326079894
94 96  0.02959645983944282
95 96 -0.03280530406019757
96 96   0.3539952752840944
97 96 0.009184321806794384
98 96 -0.003065678956617543
99 96 -0.02518961837283196
115 96 0.004396190433158604
116 96 -0.004150190988963056
117 96  -0.0149031881622285
154 96 -0.001233519792968689
155 96  0.01210611925563133
156 96 -0.02841365159606509
52 97 -0.04036681678687066
53 97  0.02176302365030229
54 97 0.005016929980962471
88 97   -0.103348816834953
89 97 -0.01800751561315121
90 97  -0.0203227111773359
94 97  -0.1329586556509588
95 97  0.01987861776622427
96 97 0.009184321806794384
97 97   0.4312043518493174
98 97 -0.04854332511366166
99 97 -0.001832377475206427
145 97  -0.0619904528640173
146 97  0.03531010443726778
147 97 0.003689363394566577
154 97 0.007169196103298124
155 97 -0.02289727535405359
156 97 0.009128737733306714
52 98  0.01931753115347208
53 98  -0.1155343730736607
54 98 -0.03635432688871384
88 98 -0.01870405399290679
89 98  -0.1396260994627145
90 98 -0.07106211871488771
94 98  0.01922423774831422
95 98 -0.03513003167302601
96 98 -0.003065678956617543
97 98 -0.04854332511366166
98 98   0.4447679704180257
99 98  0.07697743822477561
145 98  0.03825726929274859
146 98  -0.1163678291660052
147 98 -0.01169978260718782
154 98 -0.02216286963462073
155 98 0.004602416272124283
156 98 0.002596749545560108
52 99 0.001547532235043427
53 99 -0.02264041843503694
54 99 -0.03323595959143742
88 99 -0.01313802647483945
89 99 -0.06952865875629217
90 99  -0.1378519612306696
94 99 -0.004380914835907007
95 99 0.0007773047206927263
96 99 -0.02518961837283196
97 99 -0.001832377475206363
98 99  0.07697743822477561
99 99   0.5054787571254874
145 99 0.009194633622569824
146 99 -0.02515018271508546
147 99 -0.02817590730670508
154 99 0.005066379859594751
155 99 -0.001519625369244016
156 99  0.01365985366689194
100 100                    1
101 101                    1
102 102                    1
103 103                    1
104 104                    1
105 105                    1
106 106                    1
107 107                    1
108 108                    1
109 109                    1
110 110                    1
111 111                    1
61 112 -0.05047278152868216
62 112 0.0009734255489733138
63 112  0.01166347582904248
64 112 0.002513995901636862
65 112 -0.003338692601512914
66 112 -0.001994174911527725
70 112 0.0005540423559538787
71 112 0.002460896976729155
72 112  0.00233860344448663
112 112   0.3445268265075938
113 112 -0.06876057013778213
114 112  -0.0340424598426844
115 112 -0.02532537902729576
116 112 0.009327900263605512
117 112 0.0005816956223462487
124 112  -0.1346746689192078
125 112  0.08568645236953173
126 112  0.01999149363338007
172 112 0.003528039989349367
173 112 -0.01116440066480848
174 112  0.00286504108937268
61 113 0.0004247515171241049
62 113 -0.01684063265289912
63 113 -0.002174693115877286
64 113 -0.00222465022103334
65 113  0.00344200385427806
66 113 0.004589687289446974
70 113 0.001473292461180247
71 113 -0.003774980654164871
72 113 -0.0003077632220095542
112 113 -0.06876057013778211
113 113   0.4599550766476344
114 113  0.02373115822180036
115 113  0.01165052935311509
116 113   -0.102004912655145
117 113 -0.0007800559805440947
124 113  0.08379793702118898
125 113  -0.1703071663139248
126 113  -0.0190569851152955
172 113 -0.01065828349948641
173 113 0.003355088229134195
174 113  0.01409960626452914
61 114   0.0207189228467623
62 114 -0.003675194203636822
63 114 -0.01343813090200105
64 114 -0.0007492289187928434
65 114  0.00685242386533423
66 114  0.01252712161059873
70 114 0.001726444961632468
71 114  0.00103228694915883
72 114 0.002927309854973768
112 114  -0.0340424598426844
113 114  0.02373115822180036
114 114    0.373708105598701
115 114 0.003280331037710763
116 114 -0.01379848961670203
117 114 -0.01306548622208142
124 114 0.009751614543340541
125 114 -0.008359474370735673
126 114 -0.06695545690508767
172 114 -4.442743508163444e-05
173 114  0.01126279828747171
174 114  0.01109754768468316
61 115 0.003431175857005829
62 115 -0.009980998404949572
63 115 0.0001910496341868918
94 115 -0.09165190933106239
95 115 -0.01679706530981411
96 115 0.004396190433158594
112 115 -0.02532537902729576
113 115  0.01165052935311509
114 115 0.003280331037710763
115 115     0.36812007388174
116 115  0.02840075841620451
117 115 -0.002553343995937152
154 115 0.003865696484172936
155 115  0.02194992137871669
156 115 -0.0003398733838234688
172 115  -0.1025818551906516
173 115 -0.01337806506150663
174 115  0.03833083626243568
175 115 0.003715868355226443
176 115 -0.01927885951625642
177 115 0.003302732126925925
178 115 -0.03580068344543164
179 115 -0.004423976066343176
180 115  0.00197599171057137
61 116 -0.01043364077699157
62 116 0.003154019601037263
63 116  0.00070858531771706
94 116 -0.01714790604820069
95 116 -0.02635405982669799
96 116 -0.004150190988963056
112 116 0.009327900263605512
113 116   -0.102004912655145
114 116 -0.01379848961670204
115 116  0.02840075841620451
116 116   0.4450447317275163
117 116 -0.02625317164942606
154 116   0.0226409946626287
155 116 0.003589567630256443
156 116 0.004264017020300779
172 116 -0.01330751831316378
173 116 -0.06610044166507902
174 116  0.00805993902165715
175 116 -0.01863845940342006
176 116 0.003476094587208763
177 116 0.004979793615405889
178 116 -0.002050836878749309
179 116  -0.1359162322588797
180 116 -0.005458936915705674
61 117 0.002728397547598759
62 117 0.003245664831598977
63 117  0.01073158075531682
94 117  0.01543389096154429
95 117 -0.00218371390909934
96 117  -0.0149031881622285
112 117 0.0005816956223462487
113 117 -0.0007800559805440938
114 117 -0.01306548622208142
115 117 -0.002553343995937152
116 117 -0.02625317164942606
117 117   0.4712528560172343
154 117 0.003545597027959914
155 117 0.0003905222272820742
156 117  0.01218636858601545
172 117  0.02716188287033947
173 117 0.007664521533047066
174 117 -0.06167720677057638
175 117 -0.0003475366411124139
176 117 0.001390324075389861
177 117  0.01185911135097382
178 117 0.001868205737777218
179 117 -0.01876048177389958
180 117 -0.02647890586686259
70 118 -0.06728530620573739
71 118 -0.003909808945098061
72 118 -0.02715570196714009
73 118 -0.0003062327885481758
74 118 -0.00328230270327128
75 118 -0.002857246969594602
118 118   0.3821290592361065
119 118 -0.04510354659396566
120 118  0.02892152800633313
124 118 -0.03984890301518675
125 118 0.004244720305786748
126 118 0.0004302802326790686
130 118 -0.00694656704191234
131 118 0.001481987033809138
132 118 0.003241914888976313
181 118  0.00408193196957503
182 118   -0.013328288477675
183 118 0.002507857393522661
190 118  -0.1069110358006487
191 118   0.0439569294954951
192 118  0.02162920649266382
70 119 -0.003975223668191975
71 119 -0.02287479839703946
72 119 -0.001972096168969567
73 119 -0.003478373619934094
74 119 0.0005431512197938261
75 119 -0.001921952902640964
118 119 -0.04510354659396566
119 119   0.4371307336294662
120 119 -0.00234631105067766
124 119 0.007185194698077163
125 119  -0.1611230104643754
126 119 0.002708648967634866
130 119 0.0005629858287628795
131 119 -0.02587275482811265
132 119 -0.01703414015449866
181 119 -0.01275823132812994
182 119 0.004113144099377343
183 119  0.01240139692065564
190 119  0.04270934899529684
191 119 -0.06755729914650255
192 119 -0.01633972381484256
70 120  -0.0179343460705488
71 120 -0.001605443897510416
72 120 -0.02382375960336746
73 120 -0.00176590186280291
74 120 -0.0008229671764721526
75 120 0.002974652229274247
118 120  0.02892152800633313
119 120 -0.00234631105067766
120 120    0.474149436798618
124 120 0.002383442229466587
125 120 -0.01415054290125127
126 120 -0.03319510952709648
130 120 0.002014649701244839
131 120 -0.01187907262581372
132 120 -0.01057580347315754
181 120 -0.0007315901956176599
182 120 0.009206202645474802
183 120   0.0139575366788318
190 120 0.008941853500764695
191 120 -0.009346982691878334
192 120 -0.03013324232201545
121 121                    1
122 122                    1
123 123                    1
70 124 0.002306687631055649
71 124 -0.004344686415406125
72 124 0.0003386490892901895
112 124  -0.1346746689192078
113 124  0.08379793702118898
114 124  0.00975161454334054
118 124 -0.03984890301518675
119 124 0.007185194698077163
120 124 0.002383442229466587
124 124   0.3890038197791555
125 124 -0.03257306965239402
126 124 -0.002612160787295557
172 124 -0.007394712684729188
173 124 -0.001469353867835184
174 124 0.001980944126318357
181 124  -0.0909854432623815
182 124 -0.02743336664478123
183 124  0.03251242035082005
70 125 -0.004566897335280996
71 125 0.002071139342774571
72 125 -0.004316843993381761
112 125  0.08568645236953173
113 125  -0.1703071663139248
114 125 -0.008359474370735673
118 125 0.004244720305786748
119 125  -0.1611230104643754
120 125 -0.01415054290125127
124 125 -0.03257306965239402
125 125   0.5636671728476106
126 125  0.02900411887622313
172 125 -0.0001200733819996342
173 125  -0.0355072753348009
174 125 0.003496858157286629
181 125 -0.02705951623275485
182 125 -0.05402565086598488
183 125 0.003565882929657576
70 126 0.001585758414475467
71 126 -0.003071342450889717
72 126 0.007279395414154732
112 126  0.01999149363338007
113 126  -0.0190569851152955
114 126 -0.06695545690508767
118 126 0.0004302802326790686
119 126 0.002708648967634866
120 126 -0.03319510952709648
124 126 -0.002612160787295557
125 126  0.02900411887622313
126 126   0.3987833007593027
172 126 0.001785056222949649
173 126 -0.002556374551523222
174 126 0.0005067238991122987
181 126  0.02125366099964694
182 126 -7.502271184313099e-05
183 126 -0.03911159658729172
127 127                    1
128 128                    1
129 129                    1
73 130 -0.004302415912350604
74 130 0.001524950184741881
75 130 -0.001628613340543103
118 130 -0.00694656704191234
119 130 0.0005629858287628795
120 130 0.002014649701244839
130 130  0.03150129646039777
131 130 0.001347237814277931
132 130 0.006098920532608841
190 130 -0.0002411971753490904
191 130 -0.001340401150517589
192 130 -0.002033981454296989
196 130 -5.076876580673904e-07
197 130 2.73282473539204e-07
198 130 -6.20718135850382e-08
73 131 0.002312369067670635
74 131 -0.0006327408452990227
75 131 0.002502955821725366
118 131 0.001481987033809138
119 131 -0.02587275482811265
120 131 -0.01187907262581372
130 131 0.001347237814277931
131 131  0.04588348638354734
132 131  0.02786054709942285
190 131 -0.00201199364613343
191 131 0.000712367641817902
192 131 0.0009477421671105133
196 131 1.81436932359878e-07
197 131 -8.163463205997681e-08
198 131 1.956250295484151e-07
73 132 -0.0005100114388513007
74 132 0.001676580092511674
75 132 0.001160125060688104
118 132 0.003241914888976313
119 132 -0.01703414015449866
120 132 -0.01057580347315754
130 132 0.006098920532608841
131 132  0.02786054709942286
132 132   0.0744005495187175
190 132 -0.003270914669935466
191 132 0.0006382526237728889
192 132 0.003383389950345513
196 132 -1.920161189916105e-07
197 132 2.929112386065529e-07
198 132 1.269578952158443e-07
133 133                    1
134 134                    1
135 135                    1
136 136                    1
137 137                    1
138 138                    1
139 139                    1
140 140                    1
141 141                    1
142 142                    1
143 143                    1
144 144                    1
88 145 -0.002857238330519173
89 145  -0.0035498971172874
90 145 -0.005496287244830494
97 145  -0.0619904528640173
98 145  0.03825726929274859
99 145 0.009194633622569824
145 145   0.4183665327582788
146 145 -0.004259386978220595
147 145  0.01999159325492698
151 145 -0.04452223805117884
152 145 0.0001142309634884122
153 145  -0.0222947267645775
154 145  -0.1269931164659691
155 145 -0.02876476196410819
156 145 5.269150136613752e-05
217 145 0.003726605688871642
218 145 0.004912651992111654
219 145 0.001318032866493981
223 145 -0.02510085642799426
224 145 -0.006654932899078142
225 145 0.001197947660765485
88 146 -0.002373570401155551
89 146 -0.0008152153240203299
90 146 -2.017177018266193e-05
97 146  0.03531010443726778
98 146  -0.1163678291660052
99 146 -0.02515018271508546
145 146 -0.004259386978220595
146 146   0.4104350066674367
147 146   0.0286682080361406
151 146 0.0001222270239087417
152 146 -0.01264558084498454
153 146 0.0001121201897865328
154 146 -0.02891725236994672
155 146 -0.05589760909939757
156 146 -0.007765801556726396
217 146 0.004422209022843404
218 146 0.003159774789354053
219 146 0.002951218384667907
223 146 -0.003804082702238696
224 146 -0.09786849772804973
225 146  0.00249662660016156
88 147 -0.003661072269937754
89 147 -1.466119917410694e-05
90 147 -0.0008044651645380114
97 147 0.003689363394566577
98 147 -0.01169978260718782
99 147 -0.02817590730670508
145 147  0.01999159325492698
146 147   0.0286682080361406
147 147   0.3730110717317374
151 147 -0.01486375064869339
152 147 7.920610231181912e-05
153 147  -0.0127066029603677
154 147 -0.01188223768044932
155 147 -0.01010517035961099
156 147 -0.02970561783191209
217 147 0.002657251202829529
218 147 0.001962490436615748
219 147  0.01083506104249159
223 147 -0.0001008153142952424
224 147 -0.009764076159275957
225 147 -0.01787381386143659
148 148                    1
149 149                    1
150 150                    1
88 151 0.002736551795296396
89 151   0.0031284619535381
90 151 0.006576887480976666
145 151 -0.04452223805117884
146 151 0.0001222270239087417
147 151 -0.01486375064869339
151 151  0.09299924256009434
152 151 0.001241646225515971
153 151  0.05241348406935932
217 151 0.0008442636622776187
218 151 -0.004504940220922795
219 151 0.002903685988684549
88 152 0.001395439192184019
89 152 -0.005523535120686226
90 152 -0.004329026997243799
145 152 0.0001142309634884117
146 152 -0.01264558084498454
147 152 7.920610231181912e-05
151 152 0.001241646225515971
152 152  0.06131239317261911
153 152 0.005998022407013059
217 152 -0.002775173675245554
218 152 -0.005991906198442513
219 152 -0.001869675258207012
88 153 0.004742780191201466
89 153 -0.001852476942318735
90 153 0.005268199755695879
145 153  -0.0222947267645775
146 153 0.0001121201897865328
147 153  -0.0127066029603677
151 153  0.05241348406935929
152 153 0.005998022407013059
153 153   0.1178573506298098
217 153 0.002293270811721781
218 153 -0.00433600098890174
219 153 0.004722628953233611
94 154 -0.03837221373007628
95 154 -0.007715379477420858
96 154 -0.001233519792968689
97 154 0.007169196103298124
98 154 -0.02216286963462073
99 154 0.005066379859594751
115 154 0.003865696484172936
116 154   0.0226409946626287
117 154 0.003545597027959914
145 154  -0.1269931164659691
146 154 -0.02891725236994673
147 154 -0.01188223768044932
154 154   0.6468164312113572
155 154  0.03196918133257873
156 154   0.1018508098552249
178 154  -0.1586749668354642
179 154 0.002808044471327569
180 154 -0.01618855733518901
208 154   -0.225235242122928
209 154 -0.003199567306897457
210 154 -0.04725119555140995
223 154 0.003630022643763455
224 154  0.02750545167963435
225 154 -0.001264190014693637
226 154 0.003892684411294909
227 154 -0.03196355099849026
228 154 0.003901817311219288
94 155 -0.009823927614009893
95 155  -0.1190364514086747
96 155  0.01210611925563133
97 155 -0.02289727535405359
98 155 0.004602416272124283
99 155 -0.001519625369244016
115 155  0.02194992137871669
116 155 0.003589567630256443
117 155 0.0003905222272820742
145 155 -0.02876476196410819
146 155 -0.05589760909939757
147 155 -0.01010517035961099
154 155  0.03196918133257873
155 155   0.5370441174088317
156 155  0.02904188470263424
178 155 0.002766370878919838
179 155  -0.0436123487427193
180 155 -0.0003487573083359632
208 155 -0.0004269401752469738
209 155  -0.2325789201011426
210 155 -0.04957797315962354
223 155  0.02754260967852358
224 155 0.003590613479522237
225 155  0.01230996831731807
226 155 -0.03114068805376943
227 155 0.003588859808223265
228 155 -0.001738048557758158
94 156 -0.0001350495384535993
95 156   0.0239246201556691
96 156 -0.02841365159606509
97 156 0.009128737733306714
98 156 0.002596749545560108
99 156  0.01365985366689194
115 156 -0.0003398733838234688
116 156 0.004264017020300779
117 156  0.01218636858601545
145 156 5.269150136613752e-05
146 156 -0.007765801556726396
147 156 -0.02970561783191209
154 156   0.1018508098552249
155 156  0.02904188470263424
156 156   0.5163374857872535
178 156 -0.02912647484289251
179 156 -0.0001151750718991363
180 156  -0.0392429695426806
208 156 -0.04703379428803144
209 156 -0.06433830396842088
210 156  -0.1458083567501934
223 156 0.003195157380218356
224 156 0.008179337802557481
225 156  0.01266533333998259
226 156 -0.000721437545266955
227 156 -0.006350229936993484
228 156  0.01224607246605652
157 157                    1
158 158                    1
159 159                    1
160 160                    1
161 161                    1
162 162                    1
163 163                    1
164 164                    1
165 165                    1
166 166                    1
167 167                    1
168 168                    1
169 169                    1
170 170                    1
171 171                    1
112 172 0.003528039989349367
113 172 -0.01065828349948641
114 172 -4.442743508163574e-05
115 172  -0.1025818551906516
116 172 -0.01330751831316378
117 172  0.02716188287033947
124 172 -0.007394712684729188
125 172 -0.0001200733819996342
126 172 0.001785056222949649
172 172    0.372356646010875
173 172 -0.01276477764341326
174 172 0.008884727055762685
175 172 -0.05920995099425277
176 172  0.03328713502026558
177 172 -0.002025213643641485
181 172 0.004059914378686421
182 172  0.01559350273786082
183 172 0.003197433309017888
238 172  -0.1160158483831516
239 172 -0.006211097004352462
240 172  0.01064083088852566
112 173 -0.01116440066480848
113 173 0.003355088229134195
114 173  0.01126279828747171
115 173 -0.01337806506150663
116 173 -0.06610044166507902
117 173 0.007664521533047066
124 173 -0.001469353867835184
125 173 -0.03550727533480089
126 173 -0.002556374551523222
172 173 -0.01276477764341326
173 173   0.3302283936559085
174 173 -0.05668649360895164
175 173  0.03556938593476294
176 173  -0.1110069505417493
177 173  0.03245156082892789
181 173  0.01499820854241731
182 173 0.003829614037913381
183 173 0.0004253346257359352
238 173 -0.005839698602933536
239 173 -0.03289079225162377
240 173 0.001658492845513178
112 174  0.00286504108937268
113 174  0.01409960626452914
114 174  0.01109754768468316
115 174  0.03833083626243568
116 174  0.00805993902165715
117 174 -0.06167720677057638
124 174 0.001980944126318357
125 174 0.003496858157286629
126 174 0.0005067238991122987
172 174 0.008884727055762688
173 174 -0.05668649360895164
174 174   0.3960887605643855
175 174 0.001187178903022139
176 174   0.0212859572856241
177 174 -0.04725666506473256
181 174 -0.0001510422511855382
182 174 0.003779036156186972
183 174  0.01319414173375403
238 174 -0.003143521819836253
239 174 -0.0005669547268926873
240 174  -0.0246843109856308
115 175 0.003715868355226444
116 175 -0.01863845940342006
117 175 -0.0003475366411124139
172 175 -0.05920995099425277
173 175  0.03556938593476294
174 175 0.001187178903022139
175 175   0.4044269114362005
176 175  0.02481764319882365
177 175  0.04750226879288146
178 175  -0.1402990106146497
179 175 -0.02169950319752403
180 175  0.00830011772235891
226 175 0.003651049784942676
227 175  0.03243651988945558
228 175 -0.0008769793833789093
238 175 0.0007408437241666927
239 175   0.0144438742651074
240 175 -0.007042648984025867
241 175 -0.04559454394829736
242 175 -0.04670291175014552
243 175 0.001186726353663022
244 175 -0.03221276668147553
245 175   -0.013746062180054
246 175  0.01093774193546151
115 176 -0.01927885951625642
116 176 0.003476094587208763
117 176 0.001390324075389861
172 176  0.03328713502026558
173 176  -0.1110069505417493
174 176   0.0212859572856241
175 176  0.02481764319882365
176 176    0.396616621665332
177 176 -0.02668351984276441
178 176 -0.02201636635273196
179 176 -0.04228904809081521
180 176 -0.004296784505666702
226 176  0.03328259032523693
227 176 0.002923492583973751
