%%MatrixMarket matrix coordinate real general
1149 1149 9159
1 1                    1
2 2                    1
3 3                    1
4 4                    1
5 5                    1
6 6                    1
7 7                    1
8 8                    1
9 9                    1
10 10                    1
11 11                    1
12 12                    1
13 13                    1
14 14                    1
15 15                    1
16 16                    1
17 17                    1
18 18                    1
19 19                    1
20 20                    1
21 21                    1
22 22                    1
23 23                    1
24 24                    1
25 25                    1
26 26                    1
27 27                    1
28 28                    1
29 29                    1
30 30                    1
31 31                    1
32 32                    1
33 33                    1
34 34                    1
35 35                    1
36 36                    1
37 37                    1
38 38                    1
39 39                    1
40 40                    1
41 41                    1
42 42                    1
43 43                    1
44 44                    1
45 45                    1
46 46                    1
47 47                    1
48 48                    1
49 49                    1
50 50                    1
51 51                    1
52 52                    1
53 53                    1
54 54                    1
55 55                    1
56 56                    1
57 57                    1
58 58                    1
59 59                    1
60 60                    1
61 61    88.50844554123867
62 61  0.03706131620354232
63 61 -0.002134589780127079
211 61     8.10680122235029
212 61 -0.008851457434225685
213 61 -0.006659252416918917
235 61       1.523926045534
236 61 -0.004854638512846441
237 61 -0.0007364417445366897
238 61    8.839456778529591
239 61 0.001148907617899603
240 61 -0.000589985631519775
61 62  0.03706131620354232
62 62    88.49027475452486
63 62  0.01678079484248528
211 62 -0.01227217482891156
212 62    8.129103681879888
213 62 -0.00120764260896972
235 62 -0.003756502777725962
236 62    1.517880182597901
237 62 -0.000372988741842291
238 62 0.001539279615815911
239 62    8.836139119352657
240 62 0.007409248223050367
61 63 -0.002134589780127075
62 63  0.01678079484248528
63 63     88.4669783107294
211 63 -0.009678832832832057
212 63 -0.001389145190518756
213 63    8.129304667336696
235 63 -0.0003410696520834371
236 63 0.0002999472182593053
237 63    1.525788300749646
238 63 -0.001663617306169582
239 63  0.01023208193193959
240 63    8.830878801608918
64 64                    1
65 65                    1
66 66                    1
67 67                    1
68 68                    1
69 69                    1
70 70                    1
71 71                    1
72 72                    1
73 73                    1
74 74                    1
75 75                    1
76 76                    1
77 77                    1
78 78                    1
79 79    149.0599681801777
80 79 -0.01245040290936806
81 79  -0.0525830333606894
82 79    22.19814711194561
83 79 0.005373182732086784
84 79  0.04818996222206964
88 79    23.32997481637315
89 79 -0.006514406554860137
90 79 -0.02253973404798149
130 79    15.44805081669344
131 79  0.00305450639484494
132 79 -0.008765895216202095
238 79    5.925381177410275
239 79 0.0001635534842162013
240 79 0.003331729569290646
253 79    2.937939861947164
254 79 0.002155573625886785
255 79 -0.00125675410290891
79 80 -0.01245040290936806
80 80    148.9958423809114
81 80  0.01854432971207844
82 80 -0.002775882643604211
83 80    22.27796845314134
84 80 -0.001116713631939557
88 80 -0.003293344002979789
89 80    23.33572161846834
90 80 -0.003533470753078447
130 80 0.003162025794632082
131 80    15.44439566877967
132 80  0.01111876435850482
238 80 -0.001166491478110679
239 80    5.931460950226351
240 80 0.003137746968528961
253 80  0.00324734270168143
254 80    2.930415838943393
255 80 0.0008682957737091312
79 81  -0.0525830333606894
80 81  0.01854432971207844
81 81    149.1372096530963
82 81  0.04458113720472008
83 81 -0.001848073508261732
84 81    22.18399356724815
88 81  -0.0159212988292206
89 81 -0.008238195571406783
90 81    23.28097166462423
130 81 -0.01237033135107922
131 81  0.01537884415983284
132 81    15.43984538683992
238 81 0.003563829278269727
239 81 0.001693947062248686
240 81    5.924226272788959
253 81 -0.001761241166724741
254 81 0.001814339700865654
255 81    2.938469809010833
79 82    22.19814711194561
80 82 -0.002775882643604209
81 82  0.04458113720472008
82 82    150.8235284146277
83 82 -0.01480759655581815
84 82 -0.07746813473689144
130 82    5.675736459709112
131 82 -0.006145237039666117
132 82 0.002691953007339203
196 82    16.11881440333817
197 82 -0.008419335143705766
198 82  0.00692982340758054
217 82    4.246147752223891
218 82 -0.0008211177918070883
219 82 -0.0008358530756212805
238 82    10.76837558288167
239 82 -0.001765559164901267
240 82 0.0002478023123758471
256 82    2.045631241470232
257 82 0.004888034491595692
258 82 -0.0005114647209826589
79 83 0.005373182732086784
80 83    22.27796845314134
81 83 -0.001848073508261732
82 83 -0.01480759655581815
83 83    150.8271548741153
84 83  0.04766108299641529
130 83 -0.004109731621552718
131 83    5.674002829649618
132 83 0.002685158639928289
196 83 -0.01252332854540224
197 83    16.13288571612136
198 83  0.01338859886946808
217 83 -0.000528388516228052
218 83    4.244990737021922
219 83 0.003944650648609562
238 83 -0.00133996623013243
239 83     10.7684314454189
240 83 -0.002808086024369745
256 83  0.00383316862533064
257 83    2.044865298006387
258 83 0.001692728306502679
79 84  0.04818996222206964
80 84 -0.001116713631939557
81 84    22.18399356724815
82 84 -0.07746813473689144
83 84  0.04766108299641529
84 84     150.921184341708
130 84 0.002777102776276378
131 84 0.004035016681294099
132 84    5.676055245194515
196 84 0.005975521634463681
197 84 0.008817065450504577
198 84    16.12447667165792
217 84 -0.001611015600703481
218 84 0.005878579789662398
219 84    4.241124703869534
238 84 0.001752034430594595
239 84 -0.005735885351477608
240 84    10.75319279372785
256 84 -0.001088995609607353
257 84 0.002656759418299931
258 84    2.049293070825811
85 85                    1
86 86                    1
87 87                    1
79 88    23.32997481637315
80 88 -0.003293344002979789
81 88  -0.0159212988292206
88 88    113.6741756169356
89 88 -0.03839585881859017
90 88  0.01076168269842401
103 88    14.77939089945489
104 88  0.01390189224423685
105 88 -0.02603143044569895
109 88    3.796201626234797
110 88 -0.009108397821021829
111 88 -0.0002933407585910328
235 88    3.838874075665649
236 88 -0.001164029526475004
237 88 -8.292097344012037e-05
238 88    2.103796851925118
239 88 -0.001159667793371091
240 88 -0.0004348627573060297
253 88 0.002679538007344673
254 88 5.796758098451366e-06
255 88 -1.175714523228975e-05
265 88    2.459564194008701
266 88 0.003234784313235874
267 88 -0.0008156201553777705
268 88 0.0007424303389069411
269 88 7.639215545627854e-07
270 88 5.570512051343539e-06
79 89 -0.006514406554860137
80 89    23.33572161846834
81 89 -0.008238195571406783
88 89 -0.03839585881859017
89 89    113.6638979985168
90 89 -0.004709237376885675
103 89  0.01491492511304962
104 89    14.79636518311503
105 89  0.01349448118540947
109 89 -0.008304300058690178
110 89    3.801605871845076
111 89 -0.004790916839643735
235 89 -0.001914079279786554
236 89    3.836885657341361
237 89  0.00514761051668138
238 89 -0.002405555002782419
239 89    2.109534913508164
240 89  0.00074663868304078
253 89 7.572484811079826e-06
254 89 0.002677928427044541
255 89 9.918985395584807e-06
265 89  0.00463736667526842
266 89    2.445312328063475
267 89 -0.001598932769852398
268 89 2.359156516019221e-06
269 89 0.000726163286991627
270 89 -1.580959812114775e-07
79 90 -0.02253973404798149
80 90 -0.003533470753078447
81 90    23.28097166462423
88 90  0.01076168269842401
89 90 -0.004709237376885675
90 90    113.6581338401021
103 90 -0.02064333090336464
104 90  0.01000617835057982
105 90    14.79876556203448
109 90 0.0007397995701790386
110 90 -0.004920580712972731
111 90    3.790706489568519
235 90 0.0007077990096866884
236 90 0.003586243671720708
237 90    3.833394887820798
238 90 -0.001169303763570873
239 90 0.0007708750373083264
240 90    2.109275737640719
253 90 -1.787881174733429e-05
254 90 1.385527266916981e-05
255 90 0.002687456886885525
265 90 -0.0007354525398012544
266 90 -0.0008812509229825867
267 90    2.458471097368879
268 90 5.769287994306788e-06
269 90 4.837779691130265e-07
270 90 0.000736880761497429
91 91                    1
92 92                    1
93 93                    1
94 94                    1
95 95                    1
96 96                    1
97 97                    1
98 98                    1
99 99                    1
100 100                    1
101 101                    1
102 102                    1
88 103    14.77939089945489
89 103  0.01491492511304962
90 103 -0.02064333090336464
103 103    116.3790183089387
104 103  -0.0573490517762964
105 103  0.02052333802392811
109 103    12.63853712301998
110 103 -0.008620321107725676
111 103 -0.008439152900418351
220 103    10.26912677535197
221 103  0.00524756629679097
222 103 -0.01028286571150444
235 103     2.43516224692779
236 103 0.001178510365285186
237 103 -0.006190075539258626
241 103    4.659970302878111
242 103 -0.002600174987107705
243 103 0.001667333276889288
244 103    6.404044843657669
245 103 -0.002496255397868973
246 103 -0.009776268618715153
88 104  0.01390189224423685
89 104    14.79636518311503
90 104  0.01000617835057982
103 104  -0.0573490517762964
104 104    116.3969884046937
105 104 0.006659989232593904
109 104 -0.003980455405027636
110 104    12.61479139727855
111 104 -0.001366447930599943
220 104 0.005656423873008271
221 104    10.27527369025646
222 104 0.006116325375177383
235 104 -5.835678407434958e-05
236 104      2.4465504439137
237 104 0.001827828470711349
241 104 -0.003763910272323546
242 104    4.659233001620919
243 104 0.006973194261880132
244 104 -0.001371710416804494
245 104    6.407022315118599
246 104 0.004681053826826809
88 105 -0.02603143044569895
89 105  0.01349448118540947
90 105    14.79876556203448
103 105  0.02052333802392811
104 105 0.006659989232593901
105 105    116.3295424135602
109 105 -0.007806238222880872
110 105 0.001250817404790835
111 105      12.648186459624
220 105 -0.007370813550932233
221 105 0.004084620958914038
222 105    10.26896810332057
235 105 -0.007501759301333462
236 105 0.002291340505312229
237 105    2.443290856850052
241 105 0.002722274050222129
242 105 0.004727963746204469
243 105     4.64914315340902
244 105 -0.007026244703970917
245 105 0.003794653198846402
246 105    6.399556661456236
106 106                    1
107 107                    1
108 108                    1
88 109    3.796201626234798
89 109 -0.008304300058690178
90 109 0.0007397995701790385
103 109    12.63853712301998
104 109 -0.003980455405027639
105 109 -0.007806238222880872
109 109    84.66571494964153
110 109  0.01253499792302203
111 109 -0.01593556422148019
244 109     6.85479257657795
245 109 0.002491905012836686
246 109 -0.005495470073950302
265 109    1.295650620847155
266 109 0.0006264667536645591
267 109 -0.002878789450793955
268 109    2.687392336790756
269 109 -0.00453687829222056
270 109 -0.001158986811036095
292 109 2.316658184224296e-05
293 109 1.750702237183508e-07
294 109 -2.21965749614785e-07
295 109    3.069838317800992
296 109 -0.003487454587782614
297 109 -0.003405487294070485
298 109 5.755169684560619e-05
299 109 -2.734508342204167e-08
300 109  3.7069043042548e-07
88 110 -0.009108397821021829
89 110    3.801605871845077
90 110 -0.004920580712972731
103 110 -0.008620321107725676
104 110    12.61479139727855
105 110 0.001250817404790835
109 110  0.01253499792302203
110 110    84.68805338031368
111 110 -0.00944050192618201
244 110 0.001020910635683422
245 110    6.847739609948675
246 110  0.01311448199437829
265 110 -0.0002080045496932496
266 110    1.270807684638634
267 110 0.003551992805803866
268 110  -0.0033847637468186
269 110    2.674471545386164
270 110  0.00359155576188699
292 110 2.631075103177185e-07
293 110 2.302793919213507e-05
294 110 -1.596946325516943e-08
295 110 -0.001783274985120102
296 110    3.059851785076494
297 110 -0.007351397070954706
298 110 2.517267861918307e-07
299 110 5.456658029748147e-05
300 110 -1.719944578961566e-07
88 111 -0.0002933407585910329
89 111 -0.004790916839643734
90 111     3.79070648956852
103 111 -0.008439152900418351
104 111 -0.001366447930599943
105 111      12.648186459624
109 111 -0.01593556422148019
110 111 -0.009440501926182008
111 111    84.62968990823998
244 111 -0.002995806153486113
245 111  0.01097424830395683
246 111    6.841191032447897
265 111 -0.003603552901597793
266 111 0.003477406456173454
267 111    1.296769422730874
268 111 -0.002094830225523662
269 111 0.004493257991597551
270 111    2.686159363711836
292 111 -3.200990653306545e-07
293 111 3.747615171286347e-08
294 111 2.324153739783276e-05
295 111 -0.002023618696562888
296 111 -0.006666393454298453
297 111    3.064948738958806
298 111 5.042272172843164e-07
299 111 -5.36525362742496e-08
300 111 5.561942907608808e-05
112 112                    1
113 113                    1
114 114                    1
115 115                    1
116 116                    1
117 117                    1
118 118                    1
119 119                    1
120 120                    1
121 121                    1
122 122                    1
123 123                    1
124 124                    1
125 125                    1
126 126                    1
127 127                    1
128 128                    1
129 129                    1
79 130    15.44805081669344
80 130 0.003162025794632081
81 130 -0.01237033135107922
82 130    5.675736459709112
83 130 -0.004109731621552718
84 130 0.002777102776276378
130 130    100.7494023503791
131 130 -0.02902845369178981
132 130 0.005568205269350082
133 130    8.951276249092858
134 130 -0.009131612639387538
135 130 -0.007697785540081328
217 130    5.235441287549901
218 130 -0.006531549939220864
219 130 -0.002737600145491675
253 130    1.168664380212195
254 130 -0.001325042372528462
255 130 -0.001379144243631338
259 130    5.280516097453353
260 130 -0.002349958190838874
261 130 -0.002028625907078397
79 131 0.003054506394844939
80 131    15.44439566877967
81 131  0.01537884415983284
82 131 -0.006145237039666117
83 131    5.674002829649618
84 131 0.004035016681294099
130 131 -0.02902845369178981
131 131    100.7770504560251
132 131  0.01883313536182893
133 131 -0.008525093710257298
134 131    8.950295763357648
135 131 0.006437416396183505
217 131 -0.009729733308015628
218 131    5.253973632671562
219 131 -0.0003561897880926806
253 131 -0.0008163138497119055
254 131    1.168458732605204
255 131 -0.001261498264762191
259 131 0.0004370218573958173
260 131    5.255905767752909
261 131 -0.007043071617823383
79 132 -0.008765895216202095
80 132  0.01111876435850482
81 132    15.43984538683992
82 132 0.002691953007339203
83 132 0.002685158639928289
84 132    5.676055245194514
130 132 0.005568205269350077
131 132  0.01883313536182893
132 132    100.7122328152086
133 132 -0.01071483760403555
134 132 0.009653470486684116
135 132    8.935302946251742
217 132 -0.004272421073145538
218 132 -0.0002504218077410077
219 132    5.253109764531135
253 132 -0.000792618322789903
254 132 -0.001492390502543513
255 132    1.166510582469114
259 132 -0.001183907072491932
260 132 -0.006315328189047727
261 132    5.272723315503983
130 133    8.951276249092858
131 133 -0.008525093710257298
132 133 -0.01071483760403555
133 133    51.92491416605471
134 133 0.004726695386658708
135 133 0.003799295217720029
139 133    4.100210354495061
140 133 -0.008146233553376934
141 133 0.005598060327553222
217 133   0.8864591955164106
218 133 -0.001844027140002936
219 133 0.001228571487154517
259 133   0.7692854124328484
260 133 -0.0005530742805491152
261 133 -0.003443156471033654
286 133    1.212859568609274
287 133 -0.002325137714163465
288 133 0.0007530473872388902
319 133    0.496432308535474
320 133 -0.0007380087996252293
321 133 0.0001354078049869945
322 133    1.255047780352463
323 133 -0.001553974185687935
324 133 -0.001285574576732331
130 134 -0.00913161263938754
131 134    8.950295763357648
132 134 0.009653470486684116
133 134 0.004726695386658706
134 134    51.93472398933881
135 134 -0.01662076504617455
139 134 -0.005904839256934025
140 134    4.086206561766742
141 134  0.01326997636698545
217 134 -0.002462134681603634
218 134   0.8864468556464107
219 134 0.0009154613237281731
259 134 -0.0002699310888044107
260 134   0.7703322143068119
261 134 0.0003399647300015724
286 134 -0.001814369319081935
287 134    1.213501328468422
288 134 -0.002493177317504292
319 134 -0.000361680737559808
320 134   0.4942918934813652
321 134 0.001872768210726356
322 134 -0.002604257086237905
323 134    1.261580054186043
324 134 -6.593723299283885e-05
130 135 -0.007697785540081327
131 135 0.006437416396183504
132 135    8.935302946251742
133 135 0.003799295217720029
134 135 -0.01662076504617455
135 135    51.93858886770952
139 135 0.004450017368881724
140 135  0.01524789813461511
141 135    4.089819075967503
217 135 0.001204896703975118
218 135 0.0005508106498284303
219 135   0.8871699096635488
259 135 -0.002681165445121434
260 135  2.3557812580664e-05
261 135   0.7668792143312402
286 135 0.001045567634146993
287 135 -0.00243078207615061
288 135    1.218126803703779
319 135 -0.000193024911741651
320 135 0.002191800398988805
321 135   0.4934475018477118
322 135 -0.001836221336870974
323 135 9.552136746366068e-06
324 135    1.261201797574537
136 136                    1
137 137                    1
138 138                    1
133 139    4.100210354495061
134 139 -0.005904839256934024
135 139 0.004450017368881724
139 139    53.57806825220972
140 139 -0.0008261142109680083
141 139 0.0001573266930982269
223 139    8.275222294720413
224 139 0.002545099611185228
225 139 -0.006813579561484911
319 139    2.168601813259122
320 139 -0.002208434918350684
321 139 -0.005836858791074297
322 139 0.007494088096578444
323 139 -4.924032505747231e-05
324 139 1.717036274639658e-05
325 139 0.008966657272205362
326 139 -3.267307556706632e-05
327 139 -3.920490760045867e-05
334 139    2.487757753304265
335 139 -0.002725696701044786
336 139 0.0005287107606142497
133 140 -0.008146233553376934
134 140    4.086206561766742
135 140  0.01524789813461511
139 140 -0.0008261142109680083
140 140    53.60356647739302
141 140 0.002032398769981051
223 140 0.004277796293749504
224 140    8.236951335299365
225 140 0.007817570171599219
319 140  -0.0014246559960006
320 140    2.166071536015239
321 140 -0.005193665808448391
322 140 -6.915586037189299e-05
323 140 0.007429977402531197
324 140 5.201399231474683e-05
325 140 -4.991540894413746e-05
326 140 0.009011935049869045
327 140 -2.620714666520905e-05
334 140 -0.001211206656081835
335 140    2.478483745013055
336 140 -0.0001653947774311033
133 141 0.005598060327553221
134 141  0.01326997636698545
135 141    4.089819075967503
139 141 0.0001573266930982269
140 141 0.002032398769981051
141 141    53.57767425605232
223 141 -0.01040672272125953
224 141  0.01020627448910958
225 141      8.2524227092023
319 141 -0.004082435145928795
320 141 -0.005475774740509219
321 141     2.15512911758272
322 141 1.921837174407221e-05
323 141 3.820561147657822e-05
324 141 0.007488953056240278
325 141 -5.340849758847602e-05
326 141 -1.958596614098548e-05
327 141 0.008989338467784868
334 141 0.0003439570572823282
335 141 0.0004679979373679371
336 141    2.489824666608389
142 142                    1
143 143                    1
144 144                    1
145 145                    1
146 146                    1
147 147                    1
148 148                    1
149 149                    1
150 150                    1
151 151                    1
152 152                    1
153 153                    1
154 154                    1
155 155                    1
156 156                    1
157 157                    1
158 158                    1
159 159                    1
160 160                    1
161 161                    1
162 162                    1
163 163                    1
164 164                    1
165 165                    1
166 166                    1
167 167                    1
168 168                    1
169 169                    1
170 170                    1
171 171                    1
172 172                    1
173 173                    1
174 174                    1
175 175                    1
176 176                    1
177 177                    1
178 178                    1
179 179                    1
180 180                    1
181 181                    1
182 182                    1
183 183                    1
184 184                    1
185 185                    1
186 186                    1
187 187                    1
188 188                    1
189 189                    1
190 190                    1
191 191                    1
192 192                    1
193 193                    1
194 194                    1
195 195                    1
82 196    16.11881440333817
83 196 -0.01252332854540224
84 196 0.005975521634463681
196 196    112.2578269059674
197 196 -0.002724061004075312
198 196  0.02002340070457326
208 196    5.429192681787836
209 196 -0.00154629317116397
210 196 -0.007726197187027987
238 196    2.067123633576246
239 196 -0.002043354246468687
240 196 -0.002457418560319681
250 196    11.72245353123895
251 196 -0.005720561462982978
252 196  0.00366433650760911
256 196   0.4806490280854924
257 196 0.0002046248652250189
258 196 -0.0003568329632132479
421 196   0.7645712197201683
422 196 0.001886044950196563
423 196 -9.250926710851499e-05
82 197 -0.008419335143705766
83 197    16.13288571612136
84 197 0.008817065450504577
196 197 -0.002724061004075311
197 197     112.270698094752
198 197  0.00370435814426608
208 197 -0.0004036323063424996
209 197    5.433953161497254
210 197 0.003282418269360881
238 197 -0.0009359778310019058
239 197    2.071767769229783
240 197 0.0001619089356980596
250 197 -0.009031935200116142
251 197    11.74176547436699
252 197  0.01390664227199507
256 197 0.000105475852354069
257 197   0.4797713164795694
258 197 0.0007904156740056356
421 197 0.001432885712678059
422 197   0.7615117554292936
423 197 0.001122681319378056
82 198 0.006929823407580541
83 198  0.01338859886946808
84 198    16.12447667165792
196 198  0.02002340070457327
197 198 0.003704358144266079
198 198    112.2520682107373
208 198 -0.006795381794092764
209 198 8.824220734830756e-05
210 198    5.413606486229717
238 198 -0.001838211169805361
239 198 -0.0001565919459917077
240 198    2.070366635790065
250 198 0.001744597374048265
251 198  0.01077866064911428
252 198     11.7383306385015
256 198 -0.0003935875813918053
257 198 0.001126785828361417
258 198   0.4804014096047926
421 198 -0.0002041481905090106
422 198 0.001663960104954445
423 198    0.765148378037559
199 199                    1
200 200                    1
201 201                    1
202 202                    1
203 203                    1
204 204                    1
205 205                    1
206 206                    1
207 207                    1
196 208    5.429192681787836
197 208 -0.0004036323063424996
198 208 -0.006795381794092763
208 208     42.1066298849015
209 208 0.005842488061368964
210 208 0.009597816278639636
211 208    8.551761400686146
212 208 0.001949638285230353
213 208 -0.006986239049035298
238 208    3.818436729235239
239 208 -0.008691687463814329
240 208 -0.0005181303392167002
250 208    1.522567228995694
251 208 0.0003807368259134762
252 208 -0.002042842660551976
427 208    1.104591208155832
428 208 -0.001450415010195373
429 208 0.002267167842520117
196 209 -0.00154629317116397
197 209    5.433953161497254
198 209 8.824220734830756e-05
208 209 0.005842488061368964
209 209    42.13108446541825
210 209 1.848044516465598e-05
211 209  0.00247989961872159
212 209       8.539973574404
213 209  0.02162774314634853
238 209 -0.006723677563589904
239 209    3.821997801729416
240 209 0.0008757553985216855
250 209 -0.0006205327154170474
251 209    1.528731391481099
252 209 0.0002527969139426969
427 209 -0.001958506208915759
428 209    1.105855172804018
429 209 0.001835009481942463
196 210 -0.007726197187027989
197 210 0.003282418269360882
198 210    5.413606486229717
208 210 0.009597816278639636
209 210 1.848044516465598e-05
210 210    42.15071276223145
211 210 -0.005866565891211734
212 210  0.01693026761747801
213 210     8.52768411857361
238 210 0.0002877725459318684
239 210 0.001681027832668019
240 210    3.825760935489149
250 210 -0.002554501909628103
251 210 0.0006570315197617224
252 210    1.527650107352649
427 210 0.001986743197439268
428 210 0.001146123601701801
429 210    1.104270769384454
61 211     8.10680122235029
62 211 -0.01227217482891156
63 211 -0.009678832832832057
208 211    8.551761400686146
209 211  0.00247989961872159
210 211 -0.005866565891211734
211 211    72.26156346346558
212 211 0.004934085683328745
213 211 0.001150252168464256
238 211    3.118922466289987
239 211 -0.002814285041607243
240 211 0.002726493495209756
427 211     3.43669081570571
428 211 -0.00323014683500154
429 211 0.007032142519436424
61 212 -0.008851457434225685
62 212    8.129103681879887
63 212 -0.001389145190518756
208 212 0.001949638285230353
209 212       8.539973574404
210 212  0.01693026761747801
211 212 0.004934085683328745
212 212    72.30108862085613
213 212 0.003632720961090438
238 212 -0.001802774806886356
239 212    3.116777236013119
240 212 0.002596999951634008
427 212 -0.005142993505172438
428 212    3.449400436703534
429 212 0.004357324574916362
61 213 -0.006659252416918917
62 213 -0.00120764260896972
63 213    8.129304667336696
208 213  -0.0069862390490353
209 213  0.02162774314634853
210 213     8.52768411857361
211 213 0.001150252168464256
212 213 0.003632720961090438
213 213     72.2648993118862
238 213 0.002978315186498823
239 213 0.003563680900920898
240 213    3.119781376918469
427 213 0.005619179113654008
428 213 0.002964010105365558
429 213    3.447282209838098
214 214                    1
215 215                    1
216 216                    1
82 217    4.246147752223891
83 217 -0.000528388516228052
84 217 -0.001611015600703481
130 217    5.235441287549902
131 217 -0.009729733308015628
132 217 -0.004272421073145538
133 217   0.8864591955164105
134 217 -0.002462134681603634
135 217 0.001204896703975118
217 217    26.06647981227576
218 217 -0.0006611835164882241
219 217 -0.001034788661153485
256 217    0.282111680852916
257 217 -0.0003219921300351655
258 217 0.0002398640491710215
322 217    0.547972051016637
323 217 0.0004119901916533195
324 217 -0.0005291599231844153
403 217  0.03385795346299067
404 217 0.0002516777519034067
405 217 -0.0001197375788610479
82 218 -0.0008211177918070883
83 218    4.244990737021922
84 218 0.005878579789662398
130 218 -0.006531549939220864
131 218    5.253973632671562
132 218 -0.0002504218077410077
133 218 -0.001844027140002936
134 218   0.8864468556464107
135 218 0.0005508106498284303
217 218 -0.0006611835164882241
218 218    26.09313498735601
219 218  0.01423952748655508
256 218 -0.000480039215502324
257 218   0.2823298508970726
258 218 0.001078155841468443
322 218 0.000466254198970665
323 218   0.5470779966659257
324 218 0.001760451651927353
403 218 0.0001674197723315742
404 218  0.03427394365312172
405 218 8.852452095356979e-05
82 219 -0.0008358530756212805
83 219 0.003944650648609562
84 219    4.241124703869534
130 219 -0.002737600145491674
131 219 -0.0003561897880926806
132 219    5.253109764531135
133 219 0.001228571487154517
134 219 0.0009154613237281731
135 219   0.8871699096635488
217 219 -0.001034788661153486
218 219  0.01423952748655508
219 219    26.06062064479051
256 219 0.0002342601098294742
257 219 0.0007245619968543309
258 219   0.2816055541864124
322 219 -0.0008008171828438532
323 219 0.002309580468939408
324 219   0.5454761984842691
403 219 -0.0001528108133577545
404 219 0.0001328629349550153
405 219  0.03424598100625915
103 220    10.26912677535197
104 220 0.005656423873008271
105 220 -0.007370813550932233
220 220    102.2831402698117
221 220 -0.005334253247229615
222 220  0.02199626052702395
241 220    2.617994619028063
242 220 0.001338267591231993
243 220 -0.001567571994762232
244 220    10.83704163549138
245 220 -0.0001591074109195002
246 220 -0.008822309304756693
103 221  0.00524756629679097
104 221    10.27527369025646
105 221 0.004084620958914038
220 221 -0.005334253247229615
221 221    102.3005385492562
222 221  0.02274236430978976
241 221 0.000445704658514289
242 221    2.624473616202643
243 221 0.001754628988507828
244 221 0.003453635605446445
245 221    10.81404172310419
246 221 -0.003786908165792517
103 222 -0.01028286571150444
104 222 0.006116325375177383
105 222    10.26896810332057
220 222  0.02199626052702395
221 222  0.02274236430978976
222 222    102.2746854167181
241 222 -0.002916903301494485
242 222 0.002264525647040342
243 222    2.625206900960666
244 222 -0.008170184365319307
245 222 -0.0002956288121857701
246 222    10.84431812234832
139 223    8.275222294720413
140 223 0.004277796293749504
141 223 -0.01040672272125953
223 223     112.518008882727
224 223 -0.002908353737197301
225 223  -0.0331429569648334
325 223  0.03983458710674669
326 223 -7.511166739222079e-05
327 223 3.594238416675213e-05
328 223    8.284294538277479
329 223 -0.006577070543090788
330 223 -0.004944153176105647
331 223   0.2298932634239562
332 223 0.0005513220919483976
333 223 -0.0004410496393851238
334 223    14.84399814401609
335 223 -0.009634729495342689
336 223 -0.008289167158294402
343 223    11.09219979171247
344 223 -0.01195475685603965
345 223 0.003917427913111603
442 223    4.154718960643846
443 223 -0.0007366833883340275
444 223 -0.001126469083495284
139 224 0.002545099611185228
140 224    8.236951335299365
141 224  0.01020627448910958
223 224 -0.002908353737197357
224 224    112.5500622209594
225 224 -0.009453599306955988
325 224 -0.0001237014049165474
326 224  0.03996352119114862
327 224 9.680967074568653e-05
328 224 -0.009698165824245229
329 224     8.28865265992825
330 224 -0.0004420391759342196
331 224 0.0006271002905289629
332 224   0.2303917585497285
333 224 0.0002276707853823923
334 224 -0.007245186575970172
335 224    14.82634536631908
336 224 -0.001020634166862058
343 224 -0.007726853430232238
344 224    11.07990831892318
345 224  0.01207161349694915
442 224  0.00113957730009471
443 224    4.145650365246962
444 224 -0.00238795507537903
139 225 -0.006813579561484911
140 225 0.007817570171599219
141 225      8.2524227092023
223 225  -0.0331429569648334
224 225 -0.009453599306955992
225 225    112.5133934099771
325 225 3.370208077624397e-05
326 225 7.055183710489985e-05
327 225  0.03991689142691757
328 225 -0.007390133854900261
329 225 -0.0002107680863848948
330 225    8.286579610011726
331 225 -0.0006463231097332304
332 225 0.0003170466613048163
333 225   0.2306135470184291
334 225 -0.00496812617167474
335 225 -0.0003344552006394519
336 225    14.83941748298464
343 225  0.00135903464609223
344 225  0.01390550863961329
345 225    11.08052720796955
442 225 -0.0008093914886017571
443 225 -0.001609751603965787
444 225    4.151839339099922
226 226                    1
227 227                    1
228 228                    1
229 229                    1
230 230                    1
231 231                    1
232 232                    1
233 233                    1
234 234                    1
61 235       1.523926045534
62 235 -0.003756502777725962
63 235 -0.0003410696520834371
88 235    3.838874075665649
89 235 -0.001914079279786554
90 235 0.0007077990096866884
103 235     2.43516224692779
104 235 -5.835678407434958e-05
105 235 -0.007501759301333462
235 235    13.38248611521062
236 235 0.001148094690038316
237 235 0.001434000283865943
238 235    1.155293947424831
239 235 -0.009737963689938095
240 235 -0.002767299677451536
241 235   0.8153195317152686
242 235 -0.001132822237232634
243 235 -0.001219602126300689
61 236 -0.004854638512846442
62 236    1.517880182597901
63 236 0.0002999472182593052
88 236 -0.001164029526475004
89 236    3.836885657341361
90 236 0.003586243671720708
103 236 0.001178510365285186
104 236      2.4465504439137
105 236 0.002291340505312229
235 236 0.001148094690038316
236 236    13.38234655671988
237 236 0.004827251264336904
238 236  -0.0110577338258221
239 236     1.15483302400474
240 236 -0.001668386320225941
241 236 -0.000531959937984131
242 236   0.8199525717804357
243 236   0.0010048975849282
61 237 -0.0007364417445366897
62 237 -0.000372988741842291
63 237    1.525788300749646
88 237 -8.292097344012024e-05
89 237 0.005147610516681379
90 237    3.833394887820798
103 237 -0.006190075539258626
104 237 0.001827828470711349
105 237    2.443290856850052
235 237 0.001434000283865943
236 237 0.004827251264336904
237 237    13.37209784883688
238 237 -0.00357522019231616
239 237 -0.001708399277569105
240 237    1.163729118181635
241 237 -0.0007010450466469136
242 237 0.0009476372451686553
243 237   0.8197138270443229
61 238    8.839456778529591
62 238 0.001539279615815911
63 238 -0.001663617306169583
79 238    5.925381177410275
80 238 -0.001166491478110678
81 238 0.003563829278269727
82 238    10.76837558288167
83 238 -0.00133996623013243
84 238 0.001752034430594594
88 238    2.103796851925118
89 238 -0.002405555002782419
90 238 -0.001169303763570873
196 238    2.067123633576246
197 238 -0.0009359778310019058
198 238 -0.001838211169805361
208 238    3.818436729235239
209 238 -0.006723677563589904
210 238 0.0002877725459318687
211 238    3.118922466289987
212 238 -0.001802774806886356
213 238 0.002978315186498823
235 238    1.155293947424831
236 238  -0.0110577338258221
237 238 -0.00357522019231616
238 238    52.48400698696245
239 238 0.005416711799202266
240 238 -0.01573515871540868
61 239 0.001148907617899601
62 239    8.836139119352657
63 239  0.01023208193193959
79 239 0.0001635534842162013
80 239    5.931460950226352
81 239 0.001693947062248686
82 239 -0.001765559164901267
83 239     10.7684314454189
84 239 -0.005735885351477608
88 239 -0.001159667793371091
89 239    2.109534913508164
90 239 0.0007708750373083264
196 239 -0.002043354246468687
197 239    2.071767769229783
198 239 -0.0001565919459917077
208 239 -0.008691687463814329
209 239    3.821997801729415
210 239 0.001681027832668019
211 239 -0.002814285041607244
212 239    3.116777236013119
213 239 0.003563680900920898
235 239 -0.009737963689938095
236 239     1.15483302400474
237 239 -0.001708399277569106
238 239 0.005416711799202259
239 239    52.50612025405612
240 239  0.02659348904622473
61 240 -0.0005899856315197747
62 240 0.007409248223050367
63 240    8.830878801608918
79 240 0.003331729569290646
80 240 0.003137746968528961
81 240     5.92422627278896
82 240 0.0002478023123758473
83 240 -0.002808086024369745
84 240    10.75319279372785
88 240 -0.0004348627573060296
89 240  0.00074663868304078
90 240    2.109275737640719
196 240 -0.002457418560319681
197 240 0.0001619089356980596
198 240    2.070366635790065
208 240 -0.0005181303392167002
209 240 0.0008757553985216855
210 240    3.825760935489148
211 240 0.002726493495209756
212 240 0.002596999951634008
213 240    3.119781376918469
235 240 -0.002767299677451536
236 240 -0.001668386320225941
237 240    1.163729118181635
238 240 -0.01573515871540868
239 240  0.02659348904622473
240 240    52.47428454530683
103 241    4.659970302878111
104 241 -0.003763910272323546
105 241 0.002722274050222129
220 241    2.617994619028063
221 241 0.000445704658514289
222 241 -0.002916903301494486
235 241   0.8153195317152686
236 241 -0.000531959937984131
237 241 -0.0007010450466469136
241 241    13.97609552336032
242 241 -0.008630200698163216
243 241 -0.006278727710282584
103 242 -0.002600174987107705
104 242    4.659233001620919
105 242 0.004727963746204469
220 242 0.001338267591231993
221 242    2.624473616202643
222 242 0.002264525647040342
235 242 -0.001132822237232634
236 242   0.8199525717804357
237 242 0.0009476372451686553
241 242 -0.008630200698163216
242 242    13.97392287625119
243 242 -0.0002368734566155663
103 243 0.001667333276889288
104 243 0.006973194261880132
105 243     4.64914315340902
220 243 -0.001567571994762232
221 243 0.001754628988507828
222 243    2.625206900960666
235 243 -0.001219602126300689
236 243   0.0010048975849282
237 243   0.8197138270443229
241 243 -0.006278727710282584
242 243 -0.0002368734566155663
243 243    13.97055810441772
103 244    6.404044843657669
104 244 -0.001371710416804494
105 244 -0.007026244703970917
109 244     6.85479257657795
110 244 0.001020910635683422
111 244 -0.002995806153486112
220 244    10.83704163549138
221 244 0.003453635605446445
222 244 -0.008170184365319308
244 244    47.94056152325512
245 244 -0.01512583316509994
246 244 -0.005026876084831483
295 244      1.2065905940405
296 244 -0.001840728833909234
297 244 -0.001197065329978574
103 245 -0.002496255397868974
104 245    6.407022315118599
105 245 0.003794653198846401
109 245 0.002491905012836686
110 245    6.847739609948674
111 245  0.01097424830395683
220 245 -0.0001591074109195002
221 245    10.81404172310419
222 245 -0.0002956288121857709
244 245 -0.01512583316509994
245 245     47.9359678126573
246 245 0.004312582988975966
295 245 -0.000951850356326618
296 245    1.198985211115405
297 245 -0.002920559862009451
103 246 -0.009776268618715153
104 246 0.004681053826826809
105 246    6.399556661456236
109 246 -0.005495470073950303
110 246  0.01311448199437829
111 246    6.841191032447896
220 246 -0.008822309304756693
221 246 -0.003786908165792517
222 246    10.84431812234832
244 246 -0.005026876084831483
245 246 0.004312582988975966
246 246    47.92508013420423
295 246 -0.000767877158630469
296 246 -0.002391132123916383
297 246    1.205363990552868
247 247                    1
248 248                    1
249 249                    1
196 250    11.72245353123895
197 250 -0.009031935200116142
198 250 0.001744597374048266
208 250    1.522567228995694
209 250 -0.0006205327154170474
210 250 -0.002554501909628104
250 250    78.50793512956939
251 250  0.02738630154038502
252 250 0.001952487917060143
421 250  0.05655774551722526
422 250 -2.699429778688724e-05
423 250 2.162505954989383e-05
427 250    1.769058638407388
428 250 0.001433689690484996
429 250 -0.001988593525486033
436 250    12.26988690289307
437 250 -0.005929806861276563
438 250 0.009060904171010376
451 250   0.3206686085246297
452 250 0.0009399857291747304
453 250  2.0258503021932e-05
457 250 0.0003966969583265399
458 250 4.25492291505775e-06
459 250 3.789967847528998e-06
196 251 -0.005720561462982976
197 251    11.74176547436699
198 251  0.01077866064911428
208 251 0.0003807368259134762
209 251    1.528731391481099
210 251 0.0006570315197617224
250 251  0.02738630154038502
251 251    78.52176631669242
252 251 0.0002160636514108576
421 251 -4.123683075413454e-05
422 251  0.05627228062553521
423 251 0.0002101507634072232
427 251  0.00192937358296149
428 251    1.769831625653773
429 251  0.00232507474096447
436 251 -0.006701128328653107
437 251    12.26162026289395
438 251  0.01922671778003155
451 251 0.0006544089344805074
452 251   0.3209730636478301
453 251 0.0002747553135781668
457 251 2.834090339942421e-06
458 251 0.0003970831818897036
459 251 -1.890221256203615e-06
196 252  0.00366433650760911
197 252  0.01390664227199507
198 252     11.7383306385015
208 252 -0.002042842660551976
209 252 0.0002527969139426969
210 252    1.527650107352649
250 252 0.001952487917060143
251 252 0.0002160636514108593
252 252    78.50593272986394
421 252 4.275192513503113e-05
422 252 0.0002929663662178292
423 252  0.05647928587062685
427 252 -0.001800072660213173
428 252 0.001299570192533764
