%%MatrixMarket matrix coordinate real general
2343 2343 62795
1 1 1.242643520238617e-06
4 1 3.185529548091548e-07
7 1 -1.853398644867405e-07
19 1 -5.043388184058293e-07
22 1 -1.491212397815103e-07
25 1 4.923770372524831e-07
28 1 -5.241358263730134e-06
31 1 -1.034284403600222e-06
40 1 3.978323258093083e-07
43 1 -1.15282348577892e-07
46 1 3.347421816745043e-07
52 1 -1.152870425248572e-06
55 1 -3.233350259904569e-07
58 1 -2.002450842238379e-07
61 1 -1.641200181400689e-08
2 2 1.242643520238617e-06
5 2 3.185529548091548e-07
8 2 -1.853398644867405e-07
20 2 -5.043388184058293e-07
23 2 -1.491212397815103e-07
26 2 4.923770372524831e-07
29 2 -5.241358263730134e-06
32 2 -1.034284403600222e-06
41 2 3.978323258093083e-07
44 2 -1.15282348577892e-07
47 2 3.347421816745043e-07
53 2 -1.152870425248572e-06
56 2 -3.233350259904569e-07
59 2 -2.002450842238379e-07
62 2 -1.641200181400689e-08
3 3 1.242643520238617e-06
6 3 3.185529548091548e-07
9 3 -1.853398644867405e-07
21 3 -5.043388184058293e-07
24 3 -1.491212397815103e-07
27 3 4.923770372524831e-07
30 3 -5.241358263730134e-06
33 3 -1.034284403600222e-06
42 3 3.978323258093083e-07
45 3 -1.15282348577892e-07
48 3 3.347421816745043e-07
54 3 -1.152870425248572e-06
57 3 -3.233350259904569e-07
60 3 -2.002450842238379e-07
63 3 -1.641200181400689e-08
1 4 3.185529548091548e-07
4 4 6.662921471285932e-07
7 4 -1.192067704973626e-07
19 4 -1.737336477151584e-07
22 4 -3.171448433806381e-07
25 4 6.039271815111701e-07
28 4 -1.215444685900244e-06
31 4 -2.405170474172746e-06
46 4 1.165302351268163e-07
52 4 -4.373889254008866e-07
58 4 -1.881051482258491e-08
61 4 -3.771784177384771e-08
100 4 3.30662276635398e-07
103 4 -1.26613347175788e-07
106 4 -1.679419752893076e-07
112 4 -1.283378231707896e-06
115 4 -2.191552372298254e-08
2 5 3.185529548091548e-07
5 5 6.662921471285932e-07
8 5 -1.192067704973626e-07
20 5 -1.737336477151584e-07
23 5 -3.171448433806381e-07
26 5 6.039271815111701e-07
29 5 -1.215444685900244e-06
32 5 -2.405170474172746e-06
47 5 1.165302351268163e-07
53 5 -4.373889254008866e-07
59 5 -1.881051482258491e-08
62 5 -3.771784177384771e-08
101 5 3.30662276635398e-07
104 5 -1.26613347175788e-07
107 5 -1.679419752893076e-07
113 5 -1.283378231707896e-06
116 5 -2.191552372298254e-08
3 6 3.185529548091548e-07
6 6 6.662921471285932e-07
9 6 -1.192067704973626e-07
21 6 -1.737336477151584e-07
24 6 -3.171448433806381e-07
27 6 6.039271815111701e-07
30 6 -1.215444685900244e-06
33 6 -2.405170474172746e-06
48 6 1.165302351268163e-07
54 6 -4.373889254008866e-07
60 6 -1.881051482258491e-08
63 6 -3.771784177384771e-08
102 6 3.30662276635398e-07
105 6 -1.26613347175788e-07
108 6 -1.679419752893076e-07
114 6 -1.283378231707896e-06
117 6 -2.191552372298254e-08
1 7 -1.853398644867405e-07
4 7 -1.192067704973626e-07
7 7 6.890001222432069e-08
19 7 9.790585700476536e-08
22 7 4.868104113746981e-08
25 7 -1.166414842760001e-07
28 7 7.688180053895152e-07
31 7 4.064974407894699e-07
46 7 -1.823214293357382e-08
52 7 6.416184953565817e-08
58 7 9.92346597665924e-09
61 7 5.126439959503192e-09
2 8 -1.853398644867405e-07
5 8 -1.192067704973626e-07
8 8 6.890001222432069e-08
20 8 9.790585700476536e-08
23 8 4.868104113746981e-08
26 8 -1.166414842760001e-07
29 8 7.688180053895152e-07
32 8 4.064974407894699e-07
47 8 -1.823214293357382e-08
53 8 6.416184953565817e-08
59 8 9.92346597665924e-09
62 8 5.126439959503192e-09
3 9 -1.853398644867405e-07
6 9 -1.192067704973626e-07
9 9 6.890001222432069e-08
21 9 9.790585700476536e-08
24 9 4.868104113746981e-08
27 9 -1.166414842760001e-07
30 9 7.688180053895152e-07
33 9 4.064974407894699e-07
48 9 -1.823214293357382e-08
54 9 6.416184953565817e-08
60 9 9.92346597665924e-09
63 9 5.126439959503192e-09
10 10 1.178380918321979e-08
13 10 8.997166207291413e-11
16 10 -8.111564135490253e-12
70 10 -6.628909569333918e-12
73 10 7.477191667716602e-11
82 10 7.569637740621948e-09
85 10 -6.744304760961847e-12
88 10 2.098409686681784e-10
91 10 -1.879513863871439e-11
94 10 -4.000541199580477e-12
97 10 -8.114831563858609e-10
124 10 -5.227617914235273e-12
130 10 -2.415952238293915e-08
136 10 -8.325073081789535e-10
139 10 -2.949448979958281e-10
142 10 -1.505209876927163e-08
145 10 -3.546700847451316e-10
151 10 -1.544177814827984e-08
154 10 -2.405172265710367e-08
11 11 1.178380918321979e-08
14 11 8.997166207291413e-11
17 11 -8.111564135490253e-12
71 11 -6.628909569333918e-12
74 11 7.477191667716602e-11
83 11 7.569637740621948e-09
86 11 -6.744304760961847e-12
89 11 2.098409686681784e-10
92 11 -1.879513863871439e-11
95 11 -4.000541199580477e-12
98 11 -8.114831563858609e-10
125 11 -5.227617914235273e-12
131 11 -2.415952238293915e-08
137 11 -8.325073081789535e-10
140 11 -2.949448979958281e-10
143 11 -1.505209876927163e-08
146 11 -3.546700847451316e-10
152 11 -1.544177814827984e-08
155 11 -2.405172265710367e-08
12 12 1.178380918321979e-08
15 12 8.997166207291413e-11
18 12 -8.111564135490253e-12
72 12 -6.628909569333918e-12
75 12 7.477191667716602e-11
84 12 7.569637740621948e-09
87 12 -6.744304760961847e-12
90 12 2.098409686681784e-10
93 12 -1.879513863871439e-11
96 12 -4.000541199580477e-12
99 12 -8.114831563858609e-10
126 12 -5.227617914235273e-12
132 12 -2.415952238293915e-08
138 12 -8.325073081789535e-10
141 12 -2.949448979958281e-10
144 12 -1.505209876927163e-08
147 12 -3.546700847451316e-10
153 12 -1.544177814827984e-08
156 12 -2.405172265710367e-08
10 13 8.997166207291413e-11
13 13  1.3349205790147e-08
16 13 -7.973273778049054e-12
64 13 1.088315365627025e-10
67 13 -1.046612610906809e-11
82 13 2.510395195286577e-10
97 13 -5.23124483580576e-12
118 13 8.514378569604252e-09
121 13 -7.975512638255522e-12
124 13 -2.251826703816939e-11
127 13 -9.474662133295386e-10
145 13 -2.630167584917979e-08
151 13 -9.979890818470765e-10
154 13 -3.549604172593375e-10
160 13 -6.581074263912683e-12
163 13 -1.633243749212899e-08
166 13 -4.282399045810194e-10
172 13 -1.796560797814058e-08
175 13 -2.83679196971986e-08
11 14 8.997166207291413e-11
14 14  1.3349205790147e-08
17 14 -7.973273778049054e-12
65 14 1.088315365627025e-10
68 14 -1.046612610906809e-11
83 14 2.510395195286577e-10
98 14 -5.23124483580576e-12
119 14 8.514378569604252e-09
122 14 -7.975512638255522e-12
125 14 -2.251826703816939e-11
128 14 -9.474662133295386e-10
146 14 -2.630167584917979e-08
152 14 -9.979890818470765e-10
155 14 -3.549604172593375e-10
161 14 -6.581074263912683e-12
164 14 -1.633243749212899e-08
167 14 -4.282399045810194e-10
173 14 -1.796560797814058e-08
176 14 -2.83679196971986e-08
12 15 8.997166207291413e-11
15 15  1.3349205790147e-08
18 15 -7.973273778049054e-12
66 15 1.088315365627025e-10
69 15 -1.046612610906809e-11
84 15 2.510395195286577e-10
99 15 -5.23124483580576e-12
120 15 8.514378569604252e-09
123 15 -7.975512638255522e-12
126 15 -2.251826703816939e-11
129 15 -9.474662133295386e-10
147 15 -2.630167584917979e-08
153 15 -9.979890818470765e-10
156 15 -3.549604172593375e-10
162 15 -6.581074263912683e-12
165 15 -1.633243749212899e-08
168 15 -4.282399045810194e-10
174 15 -1.796560797814058e-08
177 15 -2.83679196971986e-08
10 16 -8.111564135490253e-12
13 16 -7.973273778049054e-12
16 16 6.323004723059743e-13
82 16 -5.173957747645494e-12
97 16 4.068485385897441e-13
124 16 3.995946954487606e-13
145 16 3.179218986705112e-11
151 16 2.040355662831278e-11
154 16 3.237285489546264e-11
11 17 -8.111564135490253e-12
14 17 -7.973273778049054e-12
17 17 6.323004723059743e-13
83 17 -5.173957747645494e-12
98 17 4.068485385897441e-13
125 17 3.995946954487606e-13
146 17 3.179218986705112e-11
152 17 2.040355662831278e-11
155 17 3.237285489546264e-11
12 18 -8.111564135490253e-12
15 18 -7.973273778049054e-12
18 18 6.323004723059743e-13
84 18 -5.173957747645494e-12
99 18 4.068485385897441e-13
126 18 3.995946954487606e-13
147 18 3.179218986705112e-11
153 18 2.040355662831278e-11
156 18 3.237285489546264e-11
1 19 -5.043388184058293e-07
4 19 -1.737336477151584e-07
7 19 9.790585700476536e-08
19 19 6.63889820987983e-07
22 19 1.628653680157859e-07
25 19 -5.302704789683625e-07
28 19 1.846181086028662e-06
31 19 4.828444069775508e-07
2 20 -5.043388184058293e-07
5 20 -1.737336477151584e-07
8 20 9.790585700476536e-08
20 20 6.63889820987983e-07
23 20 1.628653680157859e-07
26 20 -5.302704789683625e-07
29 20 1.846181086028662e-06
32 20 4.828444069775508e-07
3 21 -5.043388184058293e-07
6 21 -1.737336477151584e-07
9 21 9.790585700476536e-08
21 21 6.63889820987983e-07
24 21 1.628653680157859e-07
27 21 -5.302704789683625e-07
30 21 1.846181086028662e-06
33 21 4.828444069775508e-07
1 22 -1.491212397815103e-07
4 22 -3.171448433806381e-07
7 22 4.868104113746981e-08
19 22 1.628653680157859e-07
22 22 3.136197337705887e-07
25 22 -5.167567854462937e-07
28 22 4.828444069775507e-07
31 22 1.003160901336785e-06
100 22 -1.440295942157295e-07
103 22 4.799594335190243e-08
106 22 1.510079847120978e-07
112 22 4.729351542979746e-07
2 23 -1.491212397815103e-07
5 23 -3.171448433806381e-07
8 23 4.868104113746981e-08
20 23 1.628653680157859e-07
23 23 3.136197337705887e-07
26 23 -5.167567854462937e-07
29 23 4.828444069775507e-07
32 23 1.003160901336785e-06
101 23 -1.440295942157295e-07
104 23 4.799594335190243e-08
107 23 1.510079847120978e-07
113 23 4.729351542979746e-07
3 24 -1.491212397815103e-07
6 24 -3.171448433806381e-07
9 24 4.868104113746981e-08
21 24 1.628653680157859e-07
24 24 3.136197337705887e-07
27 24 -5.167567854462937e-07
30 24 4.828444069775507e-07
33 24 1.003160901336785e-06
102 24 -1.440295942157295e-07
105 24 4.799594335190243e-08
108 24 1.510079847120978e-07
114 24 4.729351542979746e-07
1 25 4.923770372524831e-07
4 25 6.039271815111701e-07
7 25 -1.166414842760001e-07
19 25 -5.302704789683625e-07
22 25 -5.167567854462937e-07
25 25 7.921788838273258e-06
28 25 -1.790300838876452e-06
31 25 -1.898648601245621e-06
76 25 -8.522303198279338e-08
79 25 1.317476092398419e-07
100 25 5.911063642410822e-06
103 25 -1.164359546092091e-07
106 25 -7.440134959684036e-06
109 25 -5.726036162717237e-08
112 25 -1.292197732139889e-05
184 25 -1.236374102788405e-05
190 25 -1.672783904120652e-05
193 25 -4.177168146211219e-07
2 26 4.923770372524831e-07
5 26 6.039271815111701e-07
8 26 -1.166414842760001e-07
20 26 -5.302704789683625e-07
23 26 -5.167567854462937e-07
26 26 7.921788838273258e-06
29 26 -1.790300838876452e-06
32 26 -1.898648601245621e-06
77 26 -8.522303198279338e-08
80 26 1.317476092398419e-07
101 26 5.911063642410822e-06
104 26 -1.164359546092091e-07
107 26 -7.440134959684036e-06
110 26 -5.726036162717237e-08
113 26 -1.292197732139889e-05
185 26 -1.236374102788405e-05
191 26 -1.672783904120652e-05
194 26 -4.177168146211219e-07
3 27 4.923770372524831e-07
6 27 6.039271815111701e-07
9 27 -1.166414842760001e-07
21 27 -5.302704789683625e-07
24 27 -5.167567854462937e-07
27 27 7.921788838273258e-06
30 27 -1.790300838876452e-06
33 27 -1.898648601245621e-06
78 27 -8.522303198279338e-08
81 27 1.317476092398419e-07
102 27 5.911063642410822e-06
105 27 -1.164359546092091e-07
108 27 -7.440134959684036e-06
111 27 -5.726036162717237e-08
114 27 -1.292197732139889e-05
186 27 -1.236374102788405e-05
192 27 -1.672783904120652e-05
195 27 -4.177168146211219e-07
1 28 -5.241358263730134e-06
4 28 -1.215444685900244e-06
7 28 7.688180053895152e-07
19 28 1.846181086028662e-06
22 28 4.828444069775507e-07
25 28 -1.790300838876452e-06
28 28 2.345588169335428e-05
31 28 3.952451922487722e-06
40 28 -1.480715485666304e-06
43 28 3.950438388021827e-07
46 28 -1.305983037112659e-06
52 28 4.458501236384623e-06
55 28 1.261734148055104e-06
58 28 8.460059105541468e-07
61 28 6.416184953565818e-08
2 29 -5.241358263730134e-06
5 29 -1.215444685900244e-06
8 29 7.688180053895152e-07
20 29 1.846181086028662e-06
23 29 4.828444069775507e-07
26 29 -1.790300838876452e-06
29 29 2.345588169335428e-05
32 29 3.952451922487722e-06
41 29 -1.480715485666304e-06
44 29 3.950438388021827e-07
47 29 -1.305983037112659e-06
53 29 4.458501236384623e-06
56 29 1.261734148055104e-06
59 29 8.460059105541468e-07
62 29 6.416184953565818e-08
3 30 -5.241358263730134e-06
6 30 -1.215444685900244e-06
9 30 7.688180053895152e-07
21 30 1.846181086028662e-06
24 30 4.828444069775507e-07
27 30 -1.790300838876452e-06
30 30 2.345588169335428e-05
33 30 3.952451922487722e-06
42 30 -1.480715485666304e-06
45 30 3.950438388021827e-07
48 30 -1.305983037112659e-06
54 30 4.458501236384623e-06
57 30 1.261734148055104e-06
60 30 8.460059105541468e-07
63 30 6.416184953565818e-08
1 31 -1.034284403600222e-06
4 31 -2.405170474172746e-06
7 31 4.064974407894699e-07
19 31 4.828444069775508e-07
22 31 1.003160901336785e-06
25 31 -1.898648601245621e-06
28 31 3.952451922487722e-06
31 31 8.945233093149901e-06
46 31 -4.218099394726735e-07
52 31 1.58042776886878e-06
58 31 6.416184953565817e-08
61 31 1.427138756510097e-07
100 31 -1.077961326918183e-06
103 31 4.323195086921113e-07
106 31 4.729351542979746e-07
112 31  4.1759358516115e-06
115 31 7.380811134268225e-08
2 32 -1.034284403600222e-06
5 32 -2.405170474172746e-06
8 32 4.064974407894699e-07
20 32 4.828444069775508e-07
23 32 1.003160901336785e-06
26 32 -1.898648601245621e-06
29 32 3.952451922487722e-06
32 32 8.945233093149901e-06
47 32 -4.218099394726735e-07
53 32 1.58042776886878e-06
59 32 6.416184953565817e-08
62 32 1.427138756510097e-07
101 32 -1.077961326918183e-06
104 32 4.323195086921113e-07
107 32 4.729351542979746e-07
113 32  4.1759358516115e-06
116 32 7.380811134268225e-08
3 33 -1.034284403600222e-06
6 33 -2.405170474172746e-06
9 33 4.064974407894699e-07
21 33 4.828444069775508e-07
24 33 1.003160901336785e-06
27 33 -1.898648601245621e-06
30 33 3.952451922487722e-06
33 33 8.945233093149901e-06
48 33 -4.218099394726735e-07
54 33 1.58042776886878e-06
60 33 6.416184953565817e-08
63 33 1.427138756510097e-07
102 33 -1.077961326918183e-06
105 33 4.323195086921113e-07
108 33 4.729351542979746e-07
114 33  4.1759358516115e-06
117 33 7.380811134268225e-08
34 34   0.4061712599625084
35 34 -0.06525587391278825
36 34 -0.02384742449056246
37 34 -0.09554936491224725
38 34  0.03067428232233304
39 34 0.001326453312118987
181 34 -0.006998659524498711
182 34 0.002519709222271657
183 34 0.004491630983888602
187 34  0.01585762455438676
188 34  0.00427399052946567
189 34 -0.008804740402147701
190 34 -0.02869733971908801
191 34 -0.02575109117331324
192 34  0.02687782961564451
34 35 -0.06525587391278825
35 35    0.538600486092867
36 35  -0.1410521055731271
37 35  0.03616117658222613
38 35  -0.1897319763529117
39 35  0.05981140895187842
181 35 -0.0004265518435395298
182 35  0.02824986431028197
183 35 -0.02108506586093822
187 35 0.006410985794198406
188 35 0.004530749872682044
190 35 -0.03442052108302356
191 35  -0.0309823199017997
192 35  0.01045296186930977
34 36 -0.02384742449056246
35 36  -0.1410521055731271
36 36   0.4822465463266102
37 36 0.0008843022080793044
38 36  0.05523766559711966
39 36  -0.1197282944771047
181 36  0.01094356215277983
182 36 -0.02276751213171671
183 36  0.03666209566417605
187 36 -0.01320711060322141
189 36 0.004530749872682044
190 36  0.04031674442346684
191 36  0.01567944280396458
192 36 -0.01326214658241943
34 37 -0.09554936491224725
35 37  0.03616117658222613
36 37 0.0008843022080793044
37 37   0.2690490708985754
38 37 -0.03517148739422757
39 37 -0.008514571951810098
49 37 -0.03840271574339799
50 37 -0.01891759143559755
51 37  0.01525603930970495
181 37 -0.01232081807324166
182 37 0.001082509072375949
183 37 0.0005592932953052235
188 37 -0.001987806627530461
189 37 0.001357538367191632
190 37 0.004861173083574752
191 37 0.004857559391657623
192 37 -0.004857559391657623
196 37 -0.004311915364331759
197 37 -7.34510236303713e-05
198 37 0.002870432710856669
199 37  0.03072800417503603
200 37 -0.002894484648784874
201 37 -0.01042021587783035
202 37 0.002021033704738336
203 37 -0.0003715173580662242
204 37 -0.0005774382013538123
205 37  -0.0105052954306107
206 37 0.001441049094346242
207 37 0.002562249504233309
208 37 0.002930796783741498
209 37 -0.001410442699027805
210 37 -0.0004297612365358609
211 37  0.01101703502649898
212 37 -0.009348825722416122
213 37  0.00213759733732671
217 37 0.0009883445963464574
218 37 -0.0004048107899928213
219 37 0.0001512328830453244
220 37  0.02276011742523961
221 37 -0.003210856288900076
222 37 -0.004975480777472262
223 37 -0.02164403255070844
224 37 0.004104548446647443
225 37 0.0001909484466138999
226 37  -0.0476106585439653
227 37 0.006623516597875283
228 37  0.02039319056731188
34 38  0.03067428232233304
35 38  -0.1897319763529117
36 38  0.05523766559711966
37 38 -0.03517148739422757
38 38   0.2757761562869903
39 38 -0.04736315398504776
49 38 -0.01566302106197566
50 38 -0.04059383295703195
51 38 0.005492328188838901
181 38 0.001458591221650084
182 38 -0.02303015527879396
183 38  0.01202079479940584
187 38 -0.002456486391013344
189 38 0.0004201788402258857
190 38 0.007286339087486467
191 38  0.01701410579251149
192 38 -0.004861173083574752
196 38 -7.10315510694559e-05
197 38 -0.00252121458412807
198 38 0.0001321379095310966
199 38 -0.00192965643252327
200 38 0.009744598066374979
201 38 0.001929656432523271
202 38 -0.0002476782387108163
203 38 0.0005774382013538121
204 38 0.0002476782387108164
205 38 0.001326752292848483
206 38 -0.003001512980174498
207 38 -0.0006678570789367011
208 38 -0.002473798412321585
209 38  0.01025778874309522
210 38 -0.001635889272266743
211 38 -0.01192493508550086
212 38  0.03855962259274658
213 38 -0.005898893392324966
217 38 -0.0004811887824514627
218 38 0.0006064546340532535
219 38 -0.0001512328830453244
220 38 -0.003539439858015572
221 38 0.006502890692925571
222 38 0.001172708543312943
223 38 0.005998973991798382
224 38 -0.07290136247432003
225 38 0.004294332438828884
226 38 0.008306369444800604
227 38 -0.05889601937789872
228 38  -0.0124423332797985
34 39 0.001326453312118987
35 39  0.05981140895187842
36 39  -0.1197282944771047
37 39 -0.008514571951810098
38 39 -0.04736315398504776
39 39   0.2785753632444021
49 39  0.01017069287313676
50 39 0.003661552125892598
51 39 -0.01755478860009553
181 39 0.0001171421912655398
182 39  0.01195472584464029
183 39 -0.02447375078217849
187 39 0.002036307550787458
188 39 0.0006302682603388283
190 39 -0.007286339087486467
191 39 -0.007291759625362066
192 39 0.004861173083574752
196 39 0.002616604537646727
197 39 0.0001982068642966452
198 39 -0.005647248836329074
199 39 -0.01394127928810727
200 39 0.002894484648784875
201 39  0.01312268712365151
202 39 -0.0008661573020307165
203 39 0.0003715173580662244
204 39 0.0005774382013538121
205 39 0.003843374256349945
206 39 -0.001001785618405053
207 39 -0.003001512980174498
208 39 -0.0002865074910239074
209 39 -0.001090592848177833
210 39 0.002930796783741498
211 39 0.001425064891551143
212 39 -0.00393259559488332
213 39  0.01101703502649898
217 39 0.0001008219220302162
218 39 -0.0001008219220302163
219 39 0.0003543998289777134
220 39 -0.007337193763670657
221 39 0.001633035412431657
222 39 0.006502890692925571
223 39 0.0001272989644092663
224 39 0.002862888292552588
225 39  -0.0210100877833397
226 39  0.02471859968844565
227 39 -0.01508488955400694
228 39 -0.06593719704221769
1 40 3.978323258093083e-07
28 40 -1.480715485666304e-06
40 40 4.678037358210196e-06
43 40 -2.168805458056124e-06
46 40 2.560965169866905e-06
52 40 -4.983967760153876e-06
55 40 -3.503425321792698e-07
58 40 -1.042531305155829e-07
232 40 -1.246262281499145e-05
235 40 -4.545881523072978e-06
241 40 2.912410391732829e-07
244 40 -6.646651081762124e-08
247 40 3.316586794061533e-07
250 40 -1.089032216834783e-06
253 40 -1.131551975155189e-06
256 40 -2.355856162037986e-07
259 40 -2.296204288397793e-07
262 40 -3.023085075897885e-08
2 41 3.978323258093083e-07
29 41 -1.480715485666304e-06
41 41 4.678037358210196e-06
44 41 -2.168805458056124e-06
47 41 2.560965169866905e-06
53 41 -4.983967760153876e-06
56 41 -3.503425321792698e-07
59 41 -1.042531305155829e-07
233 41 -1.246262281499145e-05
236 41 -4.545881523072978e-06
242 41 2.912410391732829e-07
245 41 -6.646651081762124e-08
248 41 3.316586794061533e-07
251 41 -1.089032216834783e-06
254 41 -1.131551975155189e-06
257 41 -2.355856162037986e-07
260 41 -2.296204288397793e-07
263 41 -3.023085075897885e-08
3 42 3.978323258093083e-07
30 42 -1.480715485666304e-06
42 42 4.678037358210196e-06
45 42 -2.168805458056124e-06
48 42 2.560965169866905e-06
54 42 -4.983967760153876e-06
57 42 -3.503425321792698e-07
60 42 -1.042531305155829e-07
234 42 -1.246262281499145e-05
237 42 -4.545881523072978e-06
243 42 2.912410391732829e-07
246 42 -6.646651081762124e-08
249 42 3.316586794061533e-07
252 42 -1.089032216834783e-06
255 42 -1.131551975155189e-06
258 42 -2.355856162037986e-07
261 42 -2.296204288397793e-07
264 42 -3.023085075897885e-08
1 43 -1.15282348577892e-07
28 43 3.950438388021827e-07
40 43 -2.168805458056124e-06
43 43 1.56580919766629e-06
46 43 -1.72942034266811e-06
52 43 3.416622731547689e-06
55 43 9.495803029827901e-08
58 43 4.402711938476741e-08
232 43 5.316911147858111e-06
235 43 3.163946874336944e-06
247 43 -3.674535576954603e-08
253 43 1.211523668103553e-07
259 43 2.431017926946359e-08
262 43 1.280004624669445e-08
2 44 -1.15282348577892e-07
29 44 3.950438388021827e-07
41 44 -2.168805458056124e-06
44 44 1.56580919766629e-06
47 44 -1.72942034266811e-06
53 44 3.416622731547689e-06
56 44 9.495803029827901e-08
59 44 4.402711938476741e-08
233 44 5.316911147858111e-06
236 44 3.163946874336944e-06
248 44 -3.674535576954603e-08
254 44 1.211523668103553e-07
260 44 2.431017926946359e-08
263 44 1.280004624669445e-08
3 45 -1.15282348577892e-07
30 45 3.950438388021827e-07
42 45 -2.168805458056124e-06
45 45 1.56580919766629e-06
48 45 -1.72942034266811e-06
54 45 3.416622731547689e-06
57 45 9.495803029827901e-08
60 45 4.402711938476741e-08
234 45 5.316911147858111e-06
237 45 3.163946874336944e-06
249 45 -3.674535576954603e-08
255 45 1.211523668103553e-07
261 45 2.431017926946359e-08
264 45 1.280004624669445e-08
1 46 3.347421816745043e-07
4 46 1.165302351268163e-07
7 46 -1.823214293357382e-08
28 46 -1.305983037112659e-06
31 46 -4.218099394726735e-07
40 46 2.560965169866905e-06
43 46 -1.72942034266811e-06
46 46 6.442755926023203e-06
52 46 -1.441426334369822e-05
55 46 -1.297185859723386e-07
58 46 -1.492043618078407e-07
61 46 -4.406647869832793e-08
100 46 4.497085326817557e-07
103 46 -2.118242065693285e-08
112 46 -1.73282702299273e-06
115 46 -2.089404025273581e-07
214 46 3.033559707929703e-06
229 46 -2.350735297362656e-07
232 46 -5.622363659833569e-06
235 46 -1.239521483342934e-05
238 46 -2.293931385673843e-06
247 46 1.861882621922095e-07
253 46 -6.599348605110093e-07
259 46 -3.598591727036343e-08
262 46 -7.346628358428685e-08
265 46 -4.578860424962361e-08
2 47 3.347421816745043e-07
5 47 1.165302351268163e-07
8 47 -1.823214293357382e-08
29 47 -1.305983037112659e-06
32 47 -4.218099394726735e-07
41 47 2.560965169866905e-06
44 47 -1.72942034266811e-06
47 47 6.442755926023203e-06
53 47 -1.441426334369822e-05
56 47 -1.297185859723386e-07
59 47 -1.492043618078407e-07
62 47 -4.406647869832793e-08
101 47 4.497085326817557e-07
104 47 -2.118242065693285e-08
113 47 -1.73282702299273e-06
116 47 -2.089404025273581e-07
215 47 3.033559707929703e-06
230 47 -2.350735297362656e-07
233 47 -5.622363659833569e-06
236 47 -1.239521483342934e-05
239 47 -2.293931385673843e-06
248 47 1.861882621922095e-07
254 47 -6.599348605110093e-07
260 47 -3.598591727036343e-08
263 47 -7.346628358428685e-08
266 47 -4.578860424962361e-08
3 48 3.347421816745043e-07
6 48 1.165302351268163e-07
9 48 -1.823214293357382e-08
30 48 -1.305983037112659e-06
33 48 -4.218099394726735e-07
42 48 2.560965169866905e-06
45 48 -1.72942034266811e-06
48 48 6.442755926023203e-06
54 48 -1.441426334369822e-05
57 48 -1.297185859723386e-07
60 48 -1.492043618078407e-07
63 48 -4.406647869832793e-08
102 48 4.497085326817557e-07
105 48 -2.118242065693285e-08
114 48 -1.73282702299273e-06
117 48 -2.089404025273581e-07
216 48 3.033559707929703e-06
231 48 -2.350735297362656e-07
234 48 -5.622363659833569e-06
237 48 -1.239521483342934e-05
240 48 -2.293931385673843e-06
249 48 1.861882621922095e-07
255 48 -6.599348605110093e-07
261 48 -3.598591727036343e-08
264 48 -7.346628358428685e-08
267 48 -4.578860424962361e-08
37 49   -0.038402715743398
38 49 -0.01566302106197566
39 49  0.01017069287313676
49 49   0.4015688971807614
50 49  -0.1033553734898791
51 49 0.007037845801889896
208 49  0.03378220356719951
209 49 -0.01964990879453963
210 49 -0.007066147386329862
223 49 -0.07378932896670137
224 49  0.03348877205940637
225 49  0.02112978828412328
37 50 -0.01891759143559755
38 50 -0.04059383295703195
39 50 0.003661552125892598
49 50  -0.1033553734898791
50 50   0.4297712694400543
51 50 -0.05184470462341288
208 50 -0.02064217895889737
209 50  0.03874355438898733
210 50 0.007066147386329861
223 50  0.03682353369883146
224 50 -0.02055253318706959
225 50 -0.01072769951222248
37 51  0.01525603930970495
38 51 0.005492328188838901
39 51 -0.01755478860009553
49 51 0.007037845801889903
50 51 -0.05184470462341288
51 51   0.3658294320741192
208 51 -0.01059922107949478
209 51  0.01059922107949478
210 51  0.01611683510137477
223 51  0.03169468242618463
224 51 -0.01609154926833372
225 51 -0.02096485825639343
1 52 -1.152870425248572e-06
4 52 -4.373889254008866e-07
7 52 6.416184953565817e-08
28 52 4.458501236384623e-06
31 52 1.58042776886878e-06
40 52 -4.983967760153876e-06
43 52 3.416622731547689e-06
46 52 -1.441426334369822e-05
52 52 4.485903310952081e-05
55 52 3.950438388021829e-07
58 52 5.39780686825972e-07
61 52 1.738718475074347e-07
100 52 -1.486853692750106e-06
103 52 7.380811134268224e-08
112 52 5.701035964824642e-06
115 52 7.280645587734097e-07
214 52 -5.899233649342321e-06
229 52 6.645173553183563e-07
232 52 6.165851187868523e-06
235 52 1.664577612817938e-05
238 52 4.449954088519731e-06
2 53 -1.152870425248572e-06
5 53 -4.373889254008866e-07
8 53 6.416184953565817e-08
29 53 4.458501236384623e-06
32 53 1.58042776886878e-06
41 53 -4.983967760153876e-06
44 53 3.416622731547689e-06
47 53 -1.441426334369822e-05
53 53 4.485903310952081e-05
56 53 3.950438388021829e-07
59 53 5.39780686825972e-07
62 53 1.738718475074347e-07
101 53 -1.486853692750106e-06
104 53 7.380811134268224e-08
113 53 5.701035964824642e-06
116 53 7.280645587734097e-07
215 53 -5.899233649342321e-06
230 53 6.645173553183563e-07
233 53 6.165851187868523e-06
236 53 1.664577612817938e-05
239 53 4.449954088519731e-06
3 54 -1.152870425248572e-06
6 54 -4.373889254008866e-07
9 54 6.416184953565817e-08
30 54 4.458501236384623e-06
33 54 1.58042776886878e-06
42 54 -4.983967760153876e-06
45 54 3.416622731547689e-06
48 54 -1.441426334369822e-05
54 54 4.485903310952081e-05
57 54 3.950438388021829e-07
60 54 5.39780686825972e-07
63 54 1.738718475074347e-07
102 54 -1.486853692750106e-06
105 54 7.380811134268224e-08
114 54 5.701035964824642e-06
117 54 7.280645587734097e-07
216 54 -5.899233649342321e-06
231 54 6.645173553183563e-07
234 54 6.165851187868523e-06
237 54 1.664577612817938e-05
240 54 4.449954088519731e-06
1 55 -3.233350259904569e-07
28 55 1.261734148055104e-06
40 55 -3.503425321792698e-07
43 55 9.495803029827901e-08
46 55 -1.297185859723386e-07
52 55 3.950438388021829e-07
55 55 3.191016722383673e-07
58 55 7.289959417366065e-08
2 56 -3.233350259904569e-07
29 56 1.261734148055104e-06
41 56 -3.503425321792698e-07
44 56 9.495803029827901e-08
47 56 -1.297185859723386e-07
53 56 3.950438388021829e-07
56 56 3.191016722383673e-07
59 56 7.289959417366065e-08
3 57 -3.233350259904569e-07
30 57 1.261734148055104e-06
42 57 -3.503425321792698e-07
45 57 9.495803029827901e-08
48 57 -1.297185859723386e-07
54 57 3.950438388021829e-07
57 57 3.191016722383673e-07
60 57 7.289959417366065e-08
1 58 -2.002450842238379e-07
4 58 -1.881051482258491e-08
7 58 9.92346597665924e-09
28 58 8.460059105541468e-07
31 58 6.416184953565817e-08
40 58 -1.042531305155829e-07
43 58 4.402711938476741e-08
46 58 -1.492043618078407e-07
52 58 5.39780686825972e-07
55 58 7.289959417366065e-08
58 58 8.994864073712031e-08
61 58 6.283183737525389e-09
2 59 -2.002450842238379e-07
5 59 -1.881051482258491e-08
8 59 9.92346597665924e-09
29 59 8.460059105541468e-07
32 59 6.416184953565817e-08
41 59 -1.042531305155829e-07
44 59 4.402711938476741e-08
47 59 -1.492043618078407e-07
53 59 5.39780686825972e-07
56 59 7.289959417366065e-08
59 59 8.994864073712031e-08
62 59 6.283183737525389e-09
3 60 -2.002450842238379e-07
6 60 -1.881051482258491e-08
9 60 9.92346597665924e-09
30 60 8.460059105541468e-07
33 60 6.416184953565817e-08
42 60 -1.042531305155829e-07
45 60 4.402711938476741e-08
48 60 -1.492043618078407e-07
54 60 5.39780686825972e-07
57 60 7.289959417366065e-08
60 60 8.994864073712031e-08
63 60 6.283183737525389e-09
1 61 -1.641200181400689e-08
4 61 -3.771784177384771e-08
7 61 5.126439959503192e-09
28 61 6.416184953565818e-08
31 61 1.427138756510097e-07
46 61 -4.406647869832793e-08
52 61 1.738718475074347e-07
58 61 6.283183737525389e-09
61 61 1.35960175388952e-08
100 61 -1.868936023724277e-08
103 61 5.935450445668819e-09
112 61 7.380811134268224e-08
115 61 7.401656577768188e-09
2 62 -1.641200181400689e-08
5 62 -3.771784177384771e-08
8 62 5.126439959503192e-09
29 62 6.416184953565818e-08
32 62 1.427138756510097e-07
47 62 -4.406647869832793e-08
53 62 1.738718475074347e-07
59 62 6.283183737525389e-09
62 62 1.35960175388952e-08
101 62 -1.868936023724277e-08
104 62 5.935450445668819e-09
113 62 7.380811134268224e-08
116 62 7.401656577768188e-09
3 63 -1.641200181400689e-08
6 63 -3.771784177384771e-08
9 63 5.126439959503192e-09
30 63 6.416184953565818e-08
33 63 1.427138756510097e-07
48 63 -4.406647869832793e-08
54 63 1.738718475074347e-07
60 63 6.283183737525389e-09
63 63 1.35960175388952e-08
102 63 -1.868936023724277e-08
105 63 5.935450445668819e-09
114 63 7.380811134268224e-08
117 63 7.401656577768188e-09
13 64 1.088315365627025e-10
64 64 1.456992047494716e-08
67 64 -9.796059836902163e-12
118 64 2.820054601028265e-10
127 64 -6.599698181283038e-12
160 64 -2.567210620828169e-11
166 64 -2.826907089855667e-08
172 64 -1.121945615066262e-09
175 64 -4.296492082827523e-10
268 64 8.919477063381343e-09
271 64 -8.406073171002456e-12
274 64 -1.026996729106037e-09
277 64 1.214233335246437e-10
280 64 -1.218880211260075e-11
283 64 -7.289821375607074e-12
286 64 -1.681560399582254e-08
289 64 -4.775395217738453e-10
295 64 -1.906631184674264e-08
298 64 -3.149911702439598e-08
14 65 1.088315365627025e-10
65 65 1.456992047494716e-08
68 65 -9.796059836902163e-12
119 65 2.820054601028265e-10
128 65 -6.599698181283038e-12
161 65 -2.567210620828169e-11
167 65 -2.826907089855667e-08
173 65 -1.121945615066262e-09
176 65 -4.296492082827523e-10
269 65 8.919477063381343e-09
272 65 -8.406073171002456e-12
275 65 -1.026996729106037e-09
278 65 1.214233335246437e-10
281 65 -1.218880211260075e-11
284 65 -7.289821375607074e-12
287 65 -1.681560399582254e-08
290 65 -4.775395217738453e-10
296 65 -1.906631184674264e-08
299 65 -3.149911702439598e-08
15 66 1.088315365627025e-10
66 66 1.456992047494716e-08
69 66 -9.796059836902163e-12
120 66 2.820054601028265e-10
129 66 -6.599698181283038e-12
162 66 -2.567210620828169e-11
168 66 -2.826907089855667e-08
174 66 -1.121945615066262e-09
177 66 -4.296492082827523e-10
270 66 8.919477063381343e-09
273 66 -8.406073171002456e-12
276 66 -1.026996729106037e-09
279 66 1.214233335246437e-10
282 66 -1.218880211260075e-11
285 66 -7.289821375607074e-12
288 66 -1.681560399582254e-08
291 66 -4.775395217738453e-10
297 66 -1.906631184674264e-08
300 66 -3.149911702439598e-08
13 67 -1.046612610906809e-11
64 67 -9.796059836902163e-12
67 67 8.295329862748789e-13
118 67 -6.517673530570228e-12
127 67 5.479737519376918e-13
160 67 5.107259171969774e-13
166 67 3.900331116298765e-11
172 67 2.568676967176884e-11
175 67 4.182191856645257e-11
14 68 -1.046612610906809e-11
65 68 -9.796059836902163e-12
68 68 8.295329862748789e-13
119 68 -6.517673530570228e-12
128 68 5.479737519376918e-13
161 68 5.107259171969774e-13
167 68 3.900331116298765e-11
173 68 2.568676967176884e-11
176 68 4.182191856645257e-11
15 69 -1.046612610906809e-11
66 69 -9.796059836902163e-12
69 69 8.295329862748789e-13
120 69 -6.517673530570228e-12
129 69 5.479737519376918e-13
162 69 5.107259171969774e-13
168 69 3.900331116298765e-11
174 69 2.568676967176884e-11
177 69 4.182191856645257e-11
10 70 -6.628909569333918e-12
70 70 4.969601948429276e-13
73 70 -6.377473008367089e-12
88 70 -3.972445395551286e-12
91 70 3.065499805113019e-13
94 70 2.941263786867658e-13
130 70 2.648856560660685e-11
136 70 1.565184681157679e-11
139 70 2.543418375020441e-11
11 71 -6.628909569333918e-12
71 71 4.969601948429276e-13
74 71 -6.377473008367089e-12
89 71 -3.972445395551286e-12
92 71 3.065499805113019e-13
95 71 2.941263786867658e-13
131 71 2.648856560660685e-11
137 71 1.565184681157679e-11
140 71 2.543418375020441e-11
12 72 -6.628909569333918e-12
72 72 4.969601948429276e-13
75 72 -6.377473008367089e-12
90 72 -3.972445395551286e-12
93 72 3.065499805113019e-13
96 72 2.941263786867658e-13
132 72 2.648856560660685e-11
138 72 1.565184681157679e-11
141 72 2.543418375020441e-11
10 73 7.477191667716602e-11
70 73 -6.377473008367089e-12
73 73 1.038261010347203e-08
88 73 6.527077983399412e-09
91 73 -4.006753000492739e-12
94 73 -6.885073486025214e-10
130 73 -2.954720889240294e-10
136 73 -1.296415903682487e-08
139 73 -2.086118649587031e-08
307 73 -1.330111466807147e-08
310 73 -2.164754599965384e-08
11 74 7.477191667716602e-11
71 74 -6.377473008367089e-12
74 74 1.038261010347203e-08
89 74 6.527077983399412e-09
92 74 -4.006753000492739e-12
95 74 -6.885073486025214e-10
131 74 -2.954720889240294e-10
137 74 -1.296415903682487e-08
140 74 -2.086118649587031e-08
308 74 -1.330111466807147e-08
311 74 -2.164754599965384e-08
12 75 7.477191667716602e-11
72 75 -6.377473008367089e-12
75 75 1.038261010347203e-08
90 75 6.527077983399412e-09
93 75 -4.006753000492739e-12
96 75 -6.885073486025214e-10
132 75 -2.954720889240294e-10
138 75 -1.296415903682487e-08
141 75 -2.086118649587031e-08
309 75 -1.330111466807147e-08
312 75 -2.164754599965384e-08
25 76 -8.522303198279338e-08
76 76 2.705668550571818e-08
79 76 -4.053877841368349e-08
100 76 -5.589435914984429e-08
106 76 4.547189045105936e-08
109 76 1.480918782787513e-08
184 76 2.115002537261581e-07
190 76 3.971443568179258e-07
193 76 1.32687911542933e-07
26 77 -8.522303198279338e-08
77 77 2.705668550571818e-08
80 77 -4.053877841368349e-08
101 77 -5.589435914984429e-08
107 77 4.547189045105936e-08
110 77 1.480918782787513e-08
185 77 2.115002537261581e-07
191 77 3.971443568179258e-07
194 77 1.32687911542933e-07
27 78 -8.522303198279338e-08
78 78 2.705668550571818e-08
81 78 -4.053877841368349e-08
102 78 -5.589435914984429e-08
108 78 4.547189045105936e-08
111 78 1.480918782787513e-08
186 78 2.115002537261581e-07
192 78 3.971443568179258e-07
195 78 1.32687911542933e-07
25 79 1.317476092398419e-07
76 79 -4.053877841368349e-08
79 79 1.397644917371169e-07
100 79 2.004463526002307e-07
106 79 -7.259171293876436e-08
109 79 -6.514817249854674e-08
184 79 -8.815412632174594e-07
190 79 -5.499450372586207e-07
193 79 -4.955430121138583e-07
316 79 -1.503851550979837e-08
319 79 -1.060799513402708e-07
322 79 -6.576755364336815e-09
325 79 2.959954181680753e-08
26 80 1.317476092398419e-07
77 80 -4.053877841368349e-08
80 80 1.397644917371169e-07
101 80 2.004463526002307e-07
107 80 -7.259171293876436e-08
110 80 -6.514817249854674e-08
185 80 -8.815412632174594e-07
191 80 -5.499450372586207e-07
194 80 -4.955430121138583e-07
317 80 -1.503851550979837e-08
320 80 -1.060799513402708e-07
323 80 -6.576755364336815e-09
326 80 2.959954181680753e-08
27 81 1.317476092398419e-07
78 81 -4.053877841368349e-08
81 81 1.397644917371169e-07
102 81 2.004463526002307e-07
108 81 -7.259171293876436e-08
111 81 -6.514817249854674e-08
186 81 -8.815412632174594e-07
192 81 -5.499450372586207e-07
195 81 -4.955430121138583e-07
318 81 -1.503851550979837e-08
321 81 -1.060799513402708e-07
324 81 -6.576755364336815e-09
327 81 2.959954181680753e-08
10 82 7.569637740621948e-09
13 82 2.510395195286577e-10
16 82 -5.173957747645494e-12
82 82 6.895110824921928e-07
85 82 -7.430346883911606e-10
88 82 6.242754013297752e-09
91 82 -6.680712817039372e-12
97 82 -9.983172660236509e-10
118 82 7.492282425913293e-09
121 82 -9.210970189782909e-10
124 82 -2.850573656276429e-11
127 82 -7.887728032344197e-12
130 82 -1.485530458466986e-08
136 82 -1.525549196229845e-08
142 82 -6.157641574234323e-07
145 82 -9.852947673545289e-10
151 82 -1.086301684342969e-06
154 82 -1.523366909314524e-08
163 82 -1.821178989893116e-08
331 82 6.342100906580217e-09
337 82 -5.524350927465915e-12
340 82 1.494696646338811e-10
343 82 -1.187931612495411e-11
346 82 -2.098499136127325e-12
349 82 -5.932419019419431e-10
352 82 -4.08615199940917e-12
355 82 -8.166456493073911e-07
361 82 -5.939517726031779e-10
364 82 -9.680135415363157e-09
367 82 -1.234301764290076e-08
373 82 -1.174264478776055e-08
379 82 -1.334528528806563e-08
382 82 -3.940736889223133e-07
11 83 7.569637740621948e-09
14 83 2.510395195286577e-10
17 83 -5.173957747645494e-12
83 83 6.895110824921928e-07
86 83 -7.430346883911606e-10
89 83 6.242754013297752e-09
92 83 -6.680712817039372e-12
98 83 -9.983172660236509e-10
119 83 7.492282425913293e-09
122 83 -9.210970189782909e-10
125 83 -2.850573656276429e-11
128 83 -7.887728032344197e-12
131 83 -1.485530458466986e-08
137 83 -1.525549196229845e-08
143 83 -6.157641574234323e-07
146 83 -9.852947673545289e-10
152 83 -1.086301684342969e-06
155 83 -1.523366909314524e-08
164 83 -1.821178989893116e-08
332 83 6.342100906580217e-09
338 83 -5.524350927465915e-12
341 83 1.494696646338811e-10
344 83 -1.187931612495411e-11
347 83 -2.098499136127325e-12
350 83 -5.932419019419431e-10
353 83 -4.08615199940917e-12
356 83 -8.166456493073911e-07
362 83 -5.939517726031779e-10
365 83 -9.680135415363157e-09
368 83 -1.234301764290076e-08
374 83 -1.174264478776055e-08
380 83 -1.334528528806563e-08
383 83 -3.940736889223133e-07
12 84 7.569637740621948e-09
15 84 2.510395195286577e-10
18 84 -5.173957747645494e-12
84 84 6.895110824921928e-07
87 84 -7.430346883911607e-10
90 84 6.242754013297752e-09
93 84 -6.680712817039372e-12
99 84 -9.983172660236509e-10
120 84 7.492282425913293e-09
123 84 -9.210970189782909e-10
126 84 -2.850573656276429e-11
129 84 -7.887728032344197e-12
132 84 -1.485530458466986e-08
138 84 -1.525549196229845e-08
144 84 -6.157641574234323e-07
147 84 -9.852947673545289e-10
153 84 -1.086301684342969e-06
156 84 -1.523366909314524e-08
165 84 -1.821178989893116e-08
333 84 6.342100906580217e-09
339 84 -5.524350927465915e-12
342 84 1.494696646338811e-10
345 84 -1.187931612495411e-11
348 84 -2.098499136127325e-12
351 84 -5.932419019419431e-10
354 84 -4.08615199940917e-12
357 84 -8.166456493073911e-07
363 84 -5.939517726031779e-10
366 84 -9.680135415363157e-09
369 84 -1.234301764290076e-08
375 84 -1.174264478776055e-08
381 84 -1.334528528806563e-08
384 84 -3.940736889223133e-07
10 85 -6.744304760961847e-12
82 85 -7.430346883911606e-10
85 85 7.248611548555828e-11
88 85 -7.015520778568458e-10
91 85 6.11805369952925e-13
97 85 6.437611626853142e-13
130 85 2.623822978604953e-11
136 85 1.812379450651034e-09
142 85 1.919084377575288e-09
340 85 -2.078026268521593e-12
343 85 1.421398271405388e-13
346 85 1.294210037369246e-13
355 85 1.095342770829887e-09
361 85 8.223629805560895e-12
364 85 1.022833928318741e-09
11 86 -6.744304760961847e-12
83 86 -7.430346883911606e-10
86 86 7.248611548555828e-11
89 86 -7.015520778568458e-10
92 86 6.11805369952925e-13
98 86 6.437611626853142e-13
131 86 2.623822978604953e-11
137 86 1.812379450651034e-09
143 86 1.919084377575288e-09
341 86 -2.078026268521593e-12
344 86 1.421398271405388e-13
347 86 1.294210037369246e-13
356 86 1.095342770829887e-09
362 86 8.223629805560895e-12
365 86 1.022833928318741e-09
12 87 -6.744304760961847e-12
84 87 -7.430346883911606e-10
87 87 7.248611548555828e-11
90 87 -7.015520778568458e-10
93 87 6.11805369952925e-13
99 87 6.437611626853142e-13
132 87 2.623822978604953e-11
138 87 1.812379450651034e-09
144 87 1.919084377575288e-09
342 87 -2.078026268521593e-12
345 87 1.421398271405388e-13
348 87 1.294210037369246e-13
357 87 1.095342770829887e-09
363 87 8.223629805560895e-12
366 87 1.022833928318741e-09
10 88 2.098409686681784e-10
70 88 -3.972445395551286e-12
73 88 6.527077983399412e-09
