%%MatrixMarket matrix coordinate real general
654 654 4812
1 1  0.09443528854170574
2 1  -0.0127474855545044
3 1 0.001839005586071561
13 1 -0.02721884360903207
14 1 0.003065739309036856
15 1 0.004187978769213049
19 1 -0.01062702768686108
20 1  0.00252812428401744
21 1 0.005360522263157698
1 2  -0.0127474855545044
2 2  0.09117532762402707
3 2 -0.008920931549477396
13 2 0.002273145057316103
14 2  -0.0109891251472259
15 2 0.004069409896285467
19 2 0.004083481117652311
20 2 -0.02765185823269328
21 2 0.003722890731246502
1 3 0.001839005586071561
2 3 -0.008920931549477398
3 3   0.1389704719252431
13 3 -0.0009721250002272851
14 3 0.004505721321822647
15 3 -0.001950249560453358
19 3 0.006138261360857064
20 3 -0.00156027640539581
21 3 -0.002118629622246088
4 4                    1
5 5                    1
6 6                    1
7 7                    1
8 8                    1
9 9                    1
10 10                    1
11 11                    1
12 12                    1
1 13 -0.02721884360903207
2 13 0.002273145057316104
3 13 -0.0009721250002272851
13 13   0.4729613361606091
14 13 0.000163917014530569
15 13  -0.0223420107426871
19 13 0.004626895597622227
20 13  0.01096441596294475
21 13 -0.0004784053837701761
28 13  -0.1603177938497629
29 13 -0.01921460744257478
30 13  0.02045433272314103
37 13 -0.02317225660310421
38 13 0.005519417011611222
39 13  0.00427178815429346
1 14 0.003065739309036856
2 14  -0.0109891251472259
3 14 0.004505721321822647
13 14 0.000163917014530569
14 14    0.276307137961333
15 14 0.002038369078790417
19 14  0.01209056711970116
20 14 0.004701668607247299
21 14 0.001232135915901409
28 14 -0.01787117165241042
29 14  -0.1006679856994146
30 14 -0.009687482303929979
37 14 0.004722966943459081
38 14 -0.01783992892419864
39 14 0.005011471784879624
1 15  0.00418797876921305
2 15 0.004069409896285467
3 15 -0.001950249560453358
13 15  -0.0223420107426871
14 15 0.002038369078790415
15 15   0.3699317287313677
19 15 0.002661240557264455
20 15 -0.001985999054846103
21 15  0.01597622153625171
28 15  0.01639803789300574
29 15 -0.01916667941519549
30 15 -0.06994782160998526
37 15 0.000269271862653438
38 15 0.005980832690231494
39 15 -0.004929584625534453
16 16                    1
17 17                    1
18 18                    1
1 19 -0.01062702768686108
2 19 0.004083481117652311
3 19 0.006138261360857064
13 19 0.004626895597622227
14 19  0.01209056711970116
15 19 0.002661240557264455
19 19   0.1234033108573918
20 19  0.01833194314171766
21 19  0.02785359055664001
28 19 -0.04482467821932934
29 19 -0.02272029670898208
30 19 -0.004453095297183246
49 19 0.0003982858701032812
50 19 -0.002343529920100789
51 19  0.00150246641258879
1 20  0.00252812428401744
2 20 -0.02765185823269328
3 20 -0.00156027640539581
13 20  0.01096441596294475
14 20 0.004701668607247299
15 20 -0.001985999054846103
19 20  0.01833194314171766
20 20   0.1251495313211831
21 20  0.01295358801597024
28 20 -0.02123765085779984
29 20 -0.02709846409016618
30 20 -0.003833749934165334
49 20 -0.001446077886405521
50 20 -0.003201404079825096
51 20 -0.000976454978805101
1 21 0.005360522263157698
2 21 0.003722890731246501
3 21 -0.002118629622246088
13 21 -0.0004784053837701761
14 21 0.001232135915901409
15 21  0.01597622153625171
19 21  0.02785359055664001
20 21  0.01295358801597024
21 21    0.178937109708827
28 21 -0.01160882965358451
29 21 -0.009090348809468764
30 21 -0.005831728060338624
49 21 0.001182346086603548
50 21 -0.002277546241322577
51 21  0.00246505168235822
22 22                    1
23 23                    1
24 24                    1
25 25                    1
26 26                    1
27 27                    1
13 28  -0.1603177938497629
14 28 -0.01787117165241042
15 28  0.01639803789300574
19 28 -0.04482467821932934
20 28 -0.02123765085779984
21 28 -0.01160882965358451
28 28    0.404029355355125
29 28 -0.01149329507551721
30 28 -0.02396383766361247
37 28 0.004140025687975032
38 28  0.00864905459341544
39 28    0.003691555942009
49 28 0.005280372852768932
50 28 0.003534306545244503
51 28 0.002869165093760611
52 28 -0.04855207319599105
53 28  0.01664800001000412
54 28 2.666274076201748e-05
61 28 0.004354310203325648
62 28 -0.02094713744142877
63 28 0.004200371649063413
64 28 -0.09084685525794922
65 28  0.01524620032564092
66 28  0.04740691749962979
13 29 -0.01921460744257478
14 29  -0.1006679856994146
15 29 -0.01916667941519549
19 29 -0.02272029670898208
20 29 -0.02709846409016618
21 29 -0.009090348809468764
28 29 -0.01149329507551721
29 29   0.4679093877797386
30 29  0.02442900303412939
37 29 0.008208925707377187
38 29 0.003484655825580722
39 29 -0.003499205351358545
49 29 0.003747674417221048
50 29 0.004236846408909708
51 29  0.00364678068638317
52 29  0.01967256123244951
53 29   -0.172570592109091
54 29 -0.03391804229570212
61 29 -0.01987618588198875
62 29 0.004074449440739592
63 29  0.02056924524553906
64 29  0.01452182812775541
65 29 -0.04779946902527504
66 29 -0.02450756685866509
13 30  0.02045433272314103
14 30 -0.009687482303929979
15 30 -0.06994782160998526
19 30 -0.004453095297183246
20 30 -0.003833749934165334
21 30 -0.005831728060338624
28 30 -0.02396383766361247
29 30  0.02442900303412938
30 30   0.5302424168321804
37 30 0.001266879325144874
38 30  -0.0010322644523036
39 30  0.01141238792006849
49 30 0.004074630922640479
50 30 0.002450844798917937
51 30  0.01358119372137302
52 30 0.003358101922026716
53 30 -0.05154064179411304
54 30 -0.04588308733189055
61 30 -6.878168328177964e-05
62 30  0.01647056905388558
63 30   0.0131000240836749
64 30  0.03571099344217427
65 30 -0.02170662063492238
66 30 -0.06158053340556424
31 31                    1
32 32                    1
33 33                    1
34 34                    1
35 35                    1
36 36                    1
13 37 -0.02317225660310421
14 37 0.004722966943459081
15 37 0.000269271862653438
28 37 0.004140025687975032
29 37 0.008208925707377187
30 37 0.001266879325144874
37 37   0.1287452152346884
38 37  0.01009430472766689
39 37  0.03189369560054266
64 37 -0.03489685314996123
65 37 -0.01520663475480428
66 37 -0.005889772306595737
70 37 -0.0003471894875625582
71 37 -0.003278955697091066
72 37 -0.001667060562959442
73 37 -0.003919502831877316
74 37 0.002180995340074523
75 37 -0.0004727422179404777
13 38  0.00551941701161122
14 38 -0.01783992892419864
15 38 0.005980832690231494
28 38  0.00864905459341544
29 38 0.003484655825580722
30 38  -0.0010322644523036
37 38  0.01009430472766689
38 38   0.1003581321569326
39 38  0.01637558784339658
64 38 -0.01426429740336241
65 38 -0.03523930029174924
66 38 -0.01062099899507555
70 38 -0.003087836013901642
71 38 0.0005045581884440672
72 38 -0.0007986714648146069
73 38 0.001430813453975444
74 38 -0.0004968201286658645
75 38 0.001641942209111011
13 39  0.00427178815429346
14 39 0.005011471784879625
15 39 -0.004929584625534453
28 39    0.003691555942009
29 39 -0.003499205351358545
30 39  0.01141238792006849
37 39  0.03189369560054266
38 39  0.01637558784339658
39 39   0.1545864344254632
64 39 -0.008627168147393777
65 39  -0.0158118455793911
66 39  -0.0175274286755213
70 39 -0.002724905504621634
71 39 -0.001869905319330105
72 39 0.002965777097196209
73 39 -0.001543105796776457
74 39 0.002445578712560248
75 39 0.001262966840898953
40 40                    1
41 41                    1
42 42                    1
43 43                    1
44 44                    1
45 45                    1
46 46                    1
47 47                    1
48 48                    1
19 49 0.0003982858701032812
20 49 -0.001446077886405521
21 49 0.001182346086603548
28 49 0.005280372852768933
29 49 0.003747674417221048
30 49 0.004074630922640479
49 49   0.1896877597881047
50 49 -0.001405729596780664
51 49 -0.001700102898248989
52 49 -0.08472005574494265
53 49 -0.001253287288165192
54 49 0.005889533524462068
88 49 0.0004122106714524688
89 49 -0.002322488050570818
90 49 0.001495154541006864
19 50 -0.002343529920100789
20 50 -0.003201404079825096
21 50 -0.002277546241322577
28 50 0.003534306545244503
29 50 0.004236846408909708
30 50 0.002450844798917937
49 50 -0.001405729596780675
50 50   0.3121571199638423
51 50 -0.02043056230550586
52 50 -0.001039682326397194
53 50  -0.1299200315066081
54 50 0.008873084745338534
88 50 -0.001430824836110081
89 50 -0.003151148332410969
90 50 -0.0009603673575481107
19 51  0.00150246641258879
20 51 -0.0009764549788051019
21 51  0.00246505168235822
28 51 0.002869165093760611
29 51  0.00364678068638317
30 51  0.01358119372137302
49 51 -0.001700102898248989
50 51 -0.02043056230550586
51 51   0.2458852797766289
52 51 -0.002375805203116584
53 51 0.007675819959628024
54 51 -0.05319151192399768
88 51 0.001179202773310871
89 51 -0.002242472111478826
90 51  0.00243486296989763
28 52 -0.04855207319599106
29 52  0.01967256123244951
30 52 0.003358101922026709
49 52 -0.08472005574494265
50 52 -0.001039682326397194
51 52 -0.002375805203116583
52 52   0.4033396311323128
53 52 -0.001956391888291743
54 52 -0.03345358295501475
61 52  -0.1230609667569975
62 52 -0.01287769671645138
63 52  0.04130356596383764
88 52 0.005159799510168667
89 52 0.003475611275999038
90 52 0.002817581381211049
94 52 0.004281977894171301
95 52 -0.02002863467043802
96 52 0.003866465944363916
97 52 -0.03962674680859828
98 52  0.01876898150365127
99 52 0.001436158586880894
28 53  0.01664800001000412
29 53   -0.172570592109091
30 53 -0.05154064179411304
49 53 -0.001253287288165192
50 53  -0.1299200315066081
51 53 0.007675819959628024
52 53 -0.001956391888291743
53 53   0.5477331621448746
54 53  0.06377956169929606
61 53 -0.01314164750865628
62 53 -0.07705781474525647
63 53 0.006174898100911546
88 53  0.00368464608497733
89 53 0.004114176734579564
90 53   0.0035484779655979
94 53 -0.01928989869408247
95 53 0.003855348537985643
96 53 0.002943308655220757
97 53  0.02120464363396147
98 53  -0.1139215058836827
99 53 -0.02243487608334844
28 54 2.666274076201748e-05
29 54 -0.03391804229570212
30 54 -0.04588308733189055
49 54 0.005889533524462075
50 54 0.008873084745338534
51 54 -0.05319151192399768
52 54 -0.03345358295501475
53 54  0.06377956169929608
54 54   0.5507531858257271
61 54  0.02875764881240163
62 54 0.006568150981557086
63 54 -0.06929164935893231
88 54 0.004001246298671543
89 54 0.002376829078299575
90 54  0.01323855455951052
94 54 1.218682575256265e-05
95 54 -0.0009396432018742712
96 54  0.01329304541298685
97 54 0.004785086822996851
98 54 -0.03590628033409044
99 54 -0.03299245602392888
55 55                    1
56 56                    1
57 57                    1
58 58                    1
59 59                    1
60 60                    1
28 61 0.004354310203325648
29 61 -0.01987618588198875
30 61 -6.878168328177964e-05
52 61  -0.1230609667569975
53 61 -0.01314164750865628
54 61  0.02875764881240163
61 61   0.3251388561322387
62 61  0.01313153222937664
63 61 0.006913521447316465
64 61  -0.0133090204821497
65 61  0.01229038124447622
66 61 0.001234324013979865
94 61 -0.02328148697064296
95 61  0.01443751290431107
96 61 0.000809563043216735
112 61 -0.03945158265656785
113 61 -0.00141562030831999
114 61   0.0126486344775375
115 61 0.003431175857006333
116 61 -0.01043364077699148
117 61 0.002728397547598773
28 62 -0.02094713744142877
29 62 0.004074449440739592
30 62  0.01647056905388558
52 62 -0.01287769671645138
53 62 -0.07705781474525647
54 62 0.006568150981557086
61 62  0.01313153222937664
62 62   0.3397305700796847
63 62 -0.006594310609083297
64 62  0.01143889953917041
65 62 -0.07016291004041507
66 62 -0.00937993510046527
94 62   0.0164265083643907
95 62 -0.09543755476353377
96 62 0.006325810619277015
112 62 -0.002047418485629684
113 62 -0.01146804982032224
114 62 0.003084658031488012
115 62 -0.009980998404949482
116 62 0.003154019601037925
117 62 0.003245664831599505
28 63 0.004200371649063413
29 63  0.02056924524553906
30 63   0.0131000240836749
52 63  0.04130356596383764
53 63 0.006174898100911546
54 63 -0.06929164935893231
61 63 0.006913521447316465
62 63  -0.0065943106090833
63 63   0.3555292088545748
64 63 -0.001014786119630928
65 63 0.0005765592863743575
66 63 -0.004223603430114791
94 63  0.00400786786409958
95 63 -0.005244945104872886
96 63 -0.01351035512865924
112 63 0.005180903189225987
113 63 0.002406624121515058
114 63 -0.001294027249356107
115 63 0.0001910496341869152
116 63 0.0007085853177176307
117 63  0.01073158075531732
28 64 -0.09084685525794922
29 64  0.01452182812775541
30 64  0.03571099344217427
37 64 -0.03489685314996123
38 64 -0.01426429740336241
39 64 -0.008627168147393777
61 64  -0.0133090204821497
62 64  0.01143889953917041
63 64 -0.00101478611963093
64 64   0.3104667197646336
65 64 -0.02813963701412994
66 64 -0.01333302342432048
70 64 -0.04533243129813688
71 64  0.01046766692475727
72 64  0.03416199842320879
112 64 2.437066458630619e-06
113 64 -5.383049723788465e-06
114 64 4.575088086813261e-06
28 65  0.01524620032564092
29 65 -0.04779946902527504
30 65 -0.02170662063492238
37 65 -0.01520663475480428
38 65 -0.03523930029174924
39 65  -0.0158118455793911
61 65  0.01229038124447622
62 65 -0.07016291004041507
63 65 0.0005765592863743575
64 65 -0.02813963701412994
65 65   0.3118347689073487
66 65  0.02217760294645434
70 65  0.01055386394501414
71 65 -0.03693687440736455
72 65 -0.01894928959748655
112 65 -3.587437211331644e-06
113 65 1.000045566077975e-06
114 65 -5.502955608623442e-07
28 66  0.04740691749962979
29 66 -0.02450756685866509
30 66 -0.06158053340556424
37 66 -0.005889772306595737
38 66 -0.01062099899507555
39 66  -0.0175274286755213
61 66 0.001234324013979865
62 66 -0.00937993510046527
63 66 -0.004223603430114792
64 66 -0.01333302342432048
65 66  0.02217760294645434
66 66   0.4176958509175266
70 66   0.0255499479904992
71 66 -0.01510556582902793
72 66 -0.04312108305950477
112 66 3.123838270947658e-06
113 66 -8.354661472172996e-07
114 66 2.195456870027997e-06
67 67                    1
68 68                    1
69 69                    1
37 70 -0.0003471894875625582
38 70 -0.003087836013901642
39 70 -0.002724905504621634
64 70 -0.04533243129813688
65 70  0.01055386394501413
66 70   0.0255499479904992
70 70   0.3371598747957553
71 70 -0.003241361273045923
72 70 0.005157577535187686
73 70  -0.2046877512844907
74 70 0.001303471848825694
75 70  0.03145633479868716
112 70 0.0005540423559538472
113 70 0.001473292461180457
114 70 0.001726444961632453
118 70  -0.0672853062057398
119 70 -0.003975223668191732
120 70 -0.01793434607055141
124 70 0.002306687631056043
125 70 -0.00456689733528121
126 70 0.001585758414475623
37 71 -0.003278955697091066
38 71 0.0005045581884440672
39 71 -0.001869905319330105
64 71  0.01046766692475727
65 71 -0.03693687440736455
66 71 -0.01510556582902793
70 71 -0.003241361273045921
71 71   0.2031635374959924
72 71  0.02339231417409294
73 71 0.0003320196258505877
74 71 -0.08518353514723503
75 71 -0.01256001550761519
112 71 0.002460896976729396
113 71 -0.003774980654165024
114 71  0.00103228694915915
118 71 -0.003909808945098283
119 71 -0.02287479839704162
120 71  -0.0016054438975106
124 71 -0.004344686415406302
125 71 0.002071139342774788
126 71 -0.003071342450890136
37 72 -0.001667060562959442
38 72 -0.0007986714648146069
39 72 0.002965777097196209
64 72  0.03416199842320879
65 72 -0.01894928959748655
66 72 -0.04312108305950477
70 72 0.005157577535187686
71 72  0.02339231417409295
72 72   0.3635069528802792
73 72  0.03044963434618858
74 72 -0.007090900496961582
75 72  -0.0721019389378833
112 72 0.002338603444486684
113 72 -0.0003077632220093671
114 72 0.002927309854974222
118 72 -0.02715570196714247
119 72 -0.001972096168969563
120 72 -0.02382375960337243
124 72 0.0003386490892903506
125 72 -0.004316843993382257
126 72 0.007279395414155271
37 73 -0.003919502831877316
38 73 0.001430813453975444
39 73 -0.001543105796776457
70 73  -0.2046877512844907
71 73 0.0003320196258505895
72 73  0.03044963434618858
73 73   0.3254323901747629
74 73 0.001463825804092128
75 73  -0.0277351948410589
118 73 -0.0003062327885482597
119 73 -0.003478373619934125
120 73 -0.00176590186280295
130 73 -0.004302415912350599
131 73 0.002312369067670809
132 73 -0.0005100114388512408
37 74 0.002180995340074523
38 74 -0.0004968201286658645
39 74 0.002445578712560247
70 74 0.001303471848825694
71 74 -0.08518353514723503
72 74 -0.007090900496961585
73 74 0.001463825804092128
74 74   0.1381227894767113
75 74  0.02129100669472066
118 74 -0.00328230270327135
119 74 0.000543151219794066
120 74 -0.0008229671764720201
130 74 0.001524950184742016
131 74 -0.0006327408452990655
132 74 0.001676580092511777
37 75 -0.0004727422179404777
38 75 0.001641942209111011
39 75 0.001262966840898953
70 75  0.03145633479868716
71 75 -0.01256001550761519
72 75  -0.0721019389378833
73 75  -0.0277351948410589
74 75  0.02129100669472066
75 75   0.1835987646231321
118 75 -0.002857246969594659
119 75 -0.001921952902640802
120 75   0.0029746522292743
130 75 -0.00162861334054306
131 75 0.002502955821725507
132 75   0.0011601250606882
76 76                    1
77 77                    1
78 78                    1
79 79                    1
80 80                    1
81 81                    1
82 82                    1
83 83                    1
84 84                    1
85 85                    1
86 86                    1
87 87                    1
49 88 0.0004122106714524688
50 88 -0.001430824836110081
51 88 0.001179202773310871
52 88 0.005159799510168667
53 88 0.003684646084977329
54 88 0.004001246298671541
88 88   0.2277417289128333
89 88  0.03267742439011902
90 88  0.03841089138345926
97 88  -0.1007187085585615
98 88 -0.01719861513879806
99 88 -0.01233814416915274
145 88 -0.002857238330519369
146 88 -0.002373570401155504
147 88 -0.003661072269937676
151 88 0.002736551795296742
152 88 0.001395439192183822
153 88  0.00474278019120119
49 89 -0.002322488050570818
50 89 -0.003151148332410969
51 89 -0.002242472111478826
52 89 0.003475611275999038
53 89 0.004114176734579564
54 89 0.002376829078299575
88 89  0.03267742439011902
89 89   0.3297924907229509
90 89   0.1471346608799009
97 89 -0.01639121332791456
98 89  -0.1366995194578729
99 89 -0.06879232932826573
145 89 -0.003549897117287143
146 89 -0.0008152153240205389
147 89 -1.466119917417046e-05
151 89 0.003128461953537811
152 89 -0.005523535120685976
153 89 -0.001852476942318598
49 90 0.001495154541006864
50 90 -0.0009603673575481107
51 90  0.00243486296989763
52 90 0.002817581381211049
53 90   0.0035484779655979
54 90  0.01323855455951052
88 90  0.03841089138345925
89 90   0.1471346608799009
90 90   0.4140846096749484
97 90 -0.01912339355259942
98 90 -0.06995829106710943
99 90   -0.136615370441197
145 90 -0.005496287244830437
146 90 -2.017177018273656e-05
147 90 -0.0008044651645382196
151 90 0.006576887480976607
152 90 -0.004329026997243573
153 90 0.005268199755696013
91 91                    1
92 92                    1
93 93                    1
52 94 0.004281977894171301
53 94 -0.01928989869408247
54 94 1.218682575256265e-05
61 94 -0.02328148697064296
62 94   0.0164265083643907
63 94  0.00400786786409958
94 94   0.3775522313378256
95 94 -0.003251192105733195
96 94  0.02942361645129976
97 94  -0.1329586556509579
98 94  0.01922423774831496
99 94 -0.004380914835907714
115 94 -0.09165190933106521
116 94 -0.01714790604820243
117 94  0.01543389096154536
154 94 -0.03837221373007518
155 94 -0.009823927614008734
156 94 -0.0001350495384531743
52 95 -0.02002863467043802
53 95 0.003855348537985643
54 95 -0.0009396432018742712
61 95  0.01443751290431107
62 95 -0.09543755476353377
63 95 -0.005244945104872886
94 95 -0.003251192105733199
95 95   0.3583798461553502
96 95 -0.03225123244311341
97 95  0.01987861776622519
98 95 -0.03513003167302475
99 95 0.000777304720692493
115 95 -0.01679706530981618
116 95  -0.0263540598267008
117 95 -0.00218371390909955
154 95 -0.007715379477420193
155 95  -0.1190364514086743
156 95  0.02392462015567008
52 96 0.003866465944363916
53 96 0.002943308655220757
54 96  0.01329304541298685
61 96 0.000809563043216735
62 96 0.006325810619277015
63 96 -0.01351035512865924
94 96  0.02942361645129975
95 96 -0.03225123244311341
96 96    0.352783567113193
97 96 0.009184321806793756
98 96 -0.003065678956618029
99 96  -0.0251896183728301
115 96 0.004396190433159442
116 96 -0.00415019098896343
117 96 -0.01490318816223066
154 96 -0.001233519792968599
155 96  0.01210611925563245
156 96 -0.02841365159606519
52 97 -0.03962674680859828
53 97  0.02120464363396147
54 97 0.004785086822996851
88 97  -0.1007187085585615
89 97 -0.01639121332791456
90 97 -0.01912339355259942
94 97   -0.132958655650958
95 97  0.01987861776622519
96 97 0.009184321806793756
97 97    0.428869885850421
98 97 -0.04884531463354538
99 97 -0.002089286846535251
145 97  -0.0619904528640213
146 97  0.03531010443726882
147 97 0.003689363394566681
154 97 0.007169196103298319
155 97 -0.02289727535405389
156 97 0.009128737733307028
52 98  0.01876898150365127
53 98  -0.1139215058836827
54 98 -0.03590628033409044
88 98 -0.01719861513879806
89 98  -0.1366995194578729
90 98 -0.06995829106710942
94 98  0.01922423774831496
95 98 -0.03513003167302475
96 98 -0.003065678956618029
97 98 -0.04884531463354538
98 98   0.4417023755002144
99 98  0.07726463787096577
145 98  0.03825726929275018
146 98  -0.1163678291660098
147 98 -0.01169978260718791
154 98 -0.02216286963462109
155 98 0.004602416272123091
156 98 0.002596749545560773
52 99 0.001436158586880894
53 99 -0.02243487608334844
54 99 -0.03299245602392888
88 99 -0.01233814416915274
89 99 -0.06879232932826573
90 99   -0.136615370441197
94 99 -0.004380914835907714
95 99 0.000777304720692493
96 99  -0.0251896183728301
97 99 -0.002089286846535251
98 99  0.07726463787096577
99 99   0.5047024171724717
145 99 0.009194633622570345
146 99 -0.02515018271508531
147 99 -0.02817590730670744
154 99 0.005066379859595146
155 99 -0.001519625369243531
156 99   0.0136598536668918
100 100                    1
101 101                    1
102 102                    1
103 103                    1
104 104                    1
105 105                    1
106 106                    1
107 107                    1
108 108                    1
109 109                    1
110 110                    1
111 111                    1
61 112 -0.03945158265656785
62 112 -0.002047418485629684
63 112 0.005180903189225985
64 112 2.437066458630619e-06
65 112 -3.587437211331644e-06
66 112 3.123838270947658e-06
70 112 0.0005540423559538472
71 112 0.002460896976729396
72 112 0.002338603444486684
112 112   0.3280543471133009
113 112 -0.06886748907132278
114 112 -0.02423751781128385
115 112 -0.02532537902729474
116 112 0.009327900263604836
117 112 0.0005816956223461561
124 112  -0.1335950170762265
125 112  0.08490824703570997
126 112  0.01986043035904327
172 112 0.003528039989349261
173 112 -0.01116440066480775
174 112 0.002865041089372817
61 113 -0.00141562030831999
62 113 -0.01146804982032224
63 113 0.002406624121515058
64 113 -5.383049723788465e-06
65 113 1.000045566077975e-06
66 113 -8.354661472172998e-07
70 113 0.001473292461180457
71 113 -0.003774980654165024
72 113 -0.0003077632220093671
112 113 -0.06886748907132278
113 113   0.4482107141936584
114 113  0.02483313233219984
115 113  0.01165052935311438
116 113  -0.1020049126551427
117 113 -0.0007800559805435595
124 113  0.08308771561814421
125 113  -0.1686254161276684
126 113 -0.01893681704324967
172 113 -0.01065828349948572
173 113 0.003355088229134285
174 113  0.01409960626452869
61 114   0.0126486344775375
62 114 0.003084658031488012
63 114 -0.001294027249356107
64 114 4.57508808681326e-06
65 114 -5.502955608623442e-07
66 114 2.195456870027997e-06
70 114 0.001726444961632453
71 114  0.00103228694915915
72 114 0.002927309854974222
112 114 -0.02423751781128385
113 114  0.02483313233219984
114 114   0.3442964507845743
115 114 0.003280331037710642
116 114 -0.01379848961670186
117 114 -0.01306548622207918
124 114 0.009706298303861757
125 114 -0.008358877088884702
126 114 -0.06643830559264524
172 114 -4.442743508141413e-05
173 114  0.01126279828747117
174 114  0.01109754768468297
61 115 0.003431175857006333
62 115 -0.009980998404949482
63 115 0.0001910496341869152
94 115 -0.09165190933106521
95 115 -0.01679706530981618
96 115 0.004396190433159442
112 115 -0.02532537902729474
113 115  0.01165052935311438
114 115 0.003280331037710642
115 115   0.3696665037896744
116 115  0.02897943633799544
117 115 -0.002537705412052171
154 115 0.003865696484172901
155 115  0.02194992137871671
156 115 -0.0003398733838237819
172 115  -0.1035730888405538
173 115 -0.01390824889255773
174 115  0.03877378946426752
175 115 0.003715868355227143
176 115 -0.01927885951625636
177 115 0.003302732126926041
178 115 -0.03606472127319291
179 115 -0.004440023584846029
180 115 0.002015458227268189
61 116 -0.01043364077699148
62 116 0.003154019601037925
63 116 0.0007085853177176307
94 116 -0.01714790604820243
95 116  -0.0263540598267008
96 116 -0.00415019098896343
112 116 0.009327900263604836
113 116  -0.1020049126551427
114 116 -0.01379848961670186
115 116  0.02897943633799544
116 116   0.4471049841031368
117 116 -0.02587518364978358
154 116  0.02264099466262869
155 116 0.003589567630257193
156 116 0.004264017020300893
172 116  -0.0137971120031169
173 116 -0.06694646863259024
174 116 0.008375905012843146
175 116 -0.01863845940341999
176 116 0.003476094587209412
177 116 0.004979793615405491
178 116 -0.002031911126844055
179 116  -0.1370582409159698
180 116 -0.005380435075161391
61 117 0.002728397547598774
62 117  0.00324566483159951
63 117  0.01073158075531732
94 117  0.01543389096154536
95 117 -0.002183713909099549
96 117 -0.01490318816223066
112 117 0.0005816956223461569
113 117 -0.0007800559805435595
114 117 -0.01306548622207918
115 117 -0.002537705412052171
116 117 -0.02587518364978358
117 117   0.4722738371717944
154 117 0.003545597027959491
155 117 0.0003905222272821644
156 117  0.01218636858601561
172 117  0.02746365135620291
173 117 0.007882010591428304
174 117 -0.06211526386022882
175 117 -0.0003475366411121155
176 117 0.001390324075389326
177 117   0.0118591113509744
178 117 0.001907942385949532
179 117  -0.0188394510056479
180 117 -0.02657342771090736
70 118  -0.0672853062057398
71 118 -0.003909808945098283
72 118 -0.02715570196714247
73 118 -0.0003062327885482597
74 118 -0.00328230270327135
75 118 -0.002857246969594659
118 118   0.3814761677845896
119 118 -0.04432307722941159
120 118   0.0296697361906549
124 118 -0.03984890301518559
125 118 0.004244720305787348
126 118 0.0004302802326785074
130 118 -0.00664159052545737
131 118 0.001074327241729282
132 118 0.002411967227281152
181 118 0.004081931969574057
182 118 -0.01332828847767467
183 118 0.002507857393523051
190 118  -0.1057554983555147
191 118  0.04362040184880601
192 118  0.02126675069018525
70 119 -0.003975223668191732
71 119 -0.02287479839704162
72 119 -0.001972096168969564
73 119 -0.003478373619934125
74 119 0.000543151219794066
75 119 -0.001921952902640802
118 119 -0.04432307722941159
119 119   0.4361686669709076
120 119 -0.002946170193586428
124 119  0.00718519469807757
125 119  -0.1611230104643734
126 119 0.002708648967635733
130 119 0.0003771608526119796
131 119 -0.02441039694203468
132 119 -0.01593167121673315
181 119 -0.01275823132812965
182 119  0.00411314409937597
183 119  0.01240139692065485
190 119  0.04220589248904603
191 119 -0.06717508453066952
192 119 -0.01610463169923562
70 120 -0.01793434607055141
71 120 -0.001605443897510601
72 120 -0.02382375960337243
73 120 -0.001765901862802949
74 120 -0.0008229671764720201
75 120   0.0029746522292743
118 120  0.02966973619065492
119 120 -0.002946170193586428
120 120   0.4760477483793887
124 120 0.002383442229466123
125 120 -0.01415054290125032
126 120 -0.03319510952709476
130 120 0.001498556916996514
131 120 -0.01101157936570994
132 120  -0.0093511245887409
181 120 -0.0007315901956173126
182 120  0.00920620264547407
183 120  0.01395753667882984
190 120 0.008579396165430842
191 120 -0.009189839026331293
192 120 -0.02958465473140061
121 121                    1
122 122                    1
123 123                    1
70 124 0.002306687631056043
71 124 -0.004344686415406302
72 124 0.0003386490892903506
112 124  -0.1335950170762265
113 124  0.08308771561814421
114 124 0.009706298303861757
118 124 -0.03984890301518559
119 124 0.007185194698077576
120 124 0.002383442229466125
124 124   0.3876871141502152
125 124 -0.03179526198629908
126 124 -0.002389068235729569
172 124 -0.007394712684728772
173 124 -0.001469353867835479
174 124 0.001980944126318418
181 124 -0.09098544326237824
182 124 -0.02743336664477882
183 124   0.0325124203508203
70 125 -0.00456689733528121
71 125 0.002071139342774788
72 125 -0.004316843993382257
112 125  0.08490824703570997
113 125  -0.1686254161276684
114 125 -0.008358877088884702
118 125 0.004244720305787348
119 125  -0.1611230104643734
120 125 -0.01415054290125032
124 125 -0.03179526198629907
125 125   0.5612722504254618
126 125  0.02847020826374409
172 125 -0.0001200733819997375
173 125 -0.03550727533479994
174 125 0.003496858157286686
181 125 -0.02705951623275272
182 125 -0.05402565086598081
183 125 0.003565882929658552
70 126 0.001585758414475623
71 126 -0.003071342450890136
72 126 0.007279395414155271
112 126  0.01986043035904327
113 126 -0.01893681704324967
114 126 -0.06643830559264524
118 126 0.0004302802326785074
119 126 0.002708648967635732
120 126 -0.03319510952709476
124 126 -0.002389068235729569
125 126  0.02847020826374409
126 126   0.3975925389474604
172 126 0.001785056222949737
173 126 -0.002556374551523009
174 126 0.0005067238991126499
181 126  0.02125366099964665
182 126 -7.502271184174712e-05
183 126 -0.03911159658728936
127 127                    1
128 128                    1
129 129                    1
73 130 -0.004302415912350599
74 130 0.001524950184742016
75 130 -0.00162861334054306
118 130 -0.00664159052545737
119 130 0.0003771608526119796
120 130 0.001498556916996514
130 130  0.02992961231117568
131 130 0.001085045391223284
132 130  0.00564999122358636
190 130 -0.0001799896384121785
191 130 -0.001000321325931678
192 130 -0.001517824471287817
196 130 -5.076876581332661e-07
197 130 2.732824735746564e-07
198 130 -6.207181359309333e-08
73 131 0.002312369067670809
74 131 -0.0006327408452990655
75 131 0.002502955821725507
118 131 0.001074327241729282
119 131 -0.02441039694203468
120 131 -0.01101157936570994
130 131 0.001085045391223284
131 131  0.04345157667986792
132 131  0.02626161271168195
190 131 -0.00150146276712802
191 131 0.0005315915035464481
192 131 0.0007071872296398311
196 131 1.814369323834161e-07
197 131 -8.163463207056452e-08
198 131 1.956250295737934e-07
73 132 -0.0005100114388512408
74 132 0.001676580092511777
75 132   0.0011601250606882
118 132 0.002411967227281152
119 132 -0.01593167121673315
120 132  -0.0093511245887409
130 132  0.00564999122358636
131 132  0.02626161271168195
132 132  0.07016476411158797
190 132 -0.002440865101239755
191 132 0.0004762111468176969
192 132 0.002524797632622889
196 132 -1.920161190165234e-07
197 132 2.92911238644551e-07
198 132 1.269578952323066e-07
133 133                    1
134 134                    1
135 135                    1
136 136                    1
137 137                    1
138 138                    1
139 139                    1
140 140                    1
141 141                    1
142 142                    1
143 143                    1
144 144                    1
88 145 -0.002857238330519369
89 145 -0.003549897117287143
90 145 -0.005496287244830437
97 145  -0.0619904528640213
98 145  0.03825726929275018
99 145 0.009194633622570345
145 145   0.4191611316817991
146 145 -0.004185092181942487
147 145  0.02015591497304139
151 145 -0.04452223805117934
152 145 0.0001142309634887073
153 145 -0.02229472676457681
154 145  -0.1269931164659662
155 145 -0.02876476196410736
156 145 5.26915013684022e-05
217 145 0.004519163572022326
218 145 0.005144048685265056
219 145 0.001848732068450252
223 145 -0.02590266401235072
224 145 -0.006950295260920549
225 145 0.000738046586490875
88 146 -0.002373570401155504
89 146 -0.0008152153240205389
90 146 -2.017177018273656e-05
97 146  0.03531010443726881
98 146  -0.1163678291660099
99 146 -0.02515018271508531
145 146 -0.004185092181942487
146 146    0.411567903763533
147 146   0.0293137363011309
151 146 0.0001222270239090879
152 146 -0.01264558084498404
153 146 0.000112120189786916
154 146  -0.0289172523699458
155 146 -0.05589760909939487
156 146 -0.007765801556725439
217 146    0.004769401191154
218 146 0.003751807938151969
219 146 0.003446130422171534
223 146 -0.004178724871959367
224 146 -0.09888206055239723
225 146 0.001878306227290718
88 147 -0.003661072269937676
89 147 -1.466119917417046e-05
90 147 -0.0008044651645382196
97 147 0.003689363394566681
98 147 -0.01169978260718791
99 147 -0.02817590730670744
145 147  0.02015591497304139
146 147  0.02931373630113089
147 147   0.3748159009846736
151 147  -0.0148637506486923
152 147 7.92061023122182e-05
153 147 -0.01270660296036604
154 147 -0.01188223768044694
155 147 -0.01010517035961003
156 147 -0.02970561783190996
217 147  0.00331071106757473
218 147 0.002292140684427543
219 147   0.0127097448103616
223 147 -0.0006834770513593153
224 147 -0.01038130004236011
225 147 -0.01945520446109424
148 148                    1
149 149                    1
150 150                    1
88 151 0.002736551795296742
89 151 0.003128461953537811
90 151 0.006576887480976607
145 151 -0.04452223805117934
146 151 0.0001222270239090879
147 151  -0.0148637506486923
151 151  0.09299924256009257
152 151 0.001241646225515551
153 151   0.0524134840693579
217 151 0.000844263662277577
218 151 -0.004504940220922702
219 151 0.002903685988684378
88 152 0.001395439192183822
89 152 -0.005523535120685976
90 152 -0.004329026997243573
145 152 0.0001142309634887073
146 152 -0.01264558084498404
147 152 7.92061023122182e-05
151 152 0.001241646225515551
152 152  0.06131239317261659
153 152 0.005998022407011465
217 152 -0.002775173675245697
218 152 -0.005991906198442395
219 152 -0.001869675258206978
88 153  0.00474278019120119
89 153 -0.001852476942318598
90 153 0.005268199755696013
145 153 -0.02229472676457681
146 153 0.000112120189786916
147 153 -0.01270660296036604
151 153   0.0524134840693579
152 153 0.005998022407011465
153 153   0.1178573506297999
217 153   0.0022932708117217
218 153 -0.004336000988901693
219 153 0.004722628953233127
94 154 -0.03837221373007518
95 154 -0.007715379477420193
96 154 -0.001233519792968599
97 154 0.007169196103298319
98 154 -0.02216286963462109
99 154 0.005066379859595146
115 154 0.003865696484172901
116 154  0.02264099466262869
117 154 0.003545597027959491
145 154  -0.1269931164659662
146 154  -0.0289172523699458
147 154 -0.01188223768044694
154 154   0.6416242532878172
155 154  0.03050253478996569
156 154  0.09923223904679121
178 154  -0.1586749668354608
179 154 0.002808044471328788
180 154 -0.01618855733518961
208 154  -0.2210610523308373
209 154 -0.001808548943926024
210 154 -0.04558487275038798
223 154 0.003630022643762536
224 154  0.02750545167963359
225 154 -0.001264190014693665
226 154 0.003892684411294701
227 154  -0.0319635509984908
228 154 0.003901817311219109
94 155 -0.009823927614008738
95 155  -0.1190364514086743
96 155  0.01210611925563245
97 155 -0.02289727535405389
98 155 0.004602416272123091
99 155 -0.001519625369243531
115 155  0.02194992137871671
116 155 0.003589567630257193
117 155 0.0003905222272821644
145 155 -0.02876476196410736
146 155 -0.05589760909939487
147 155 -0.01010517035961003
154 155  0.03050253478996569
155 155   0.5338637423424897
156 155  0.02766256321907118
178 155  0.00276637087892102
179 155 -0.04361234874271899
180 155 -0.0003487573083354896
208 155 0.0009257653948331369
209 155  -0.2300542269888847
210 155  -0.0486281811764645
223 155  0.02754260967852307
224 155 0.003590613479521981
225 155  0.01230996831731755
226 155 -0.03114068805376959
227 155 0.003588859808223671
228 155 -0.001738048557758789
94 156 -0.0001350495384531743
95 156  0.02392462015567008
96 156 -0.02841365159606519
97 156 0.009128737733307028
98 156 0.002596749545560773
99 156   0.0136598536668918
115 156 -0.0003398733838237819
116 156 0.004264017020300893
117 156  0.01218636858601561
145 156 5.26915013684022e-05
146 156 -0.007765801556725438
147 156 -0.02970561783190996
154 156  0.09923223904679121
155 156  0.02766256321907119
156 156   0.5114670013470175
178 156 -0.02912647484289303
179 156 -0.0001151750718984806
180 156  -0.0392429695426806
208 156 -0.04516346886492486
209 156 -0.06324502281180833
210 156  -0.1428733425597499
223 156 0.003195157380218254
224 156 0.008179337802556929
225 156   0.0126653333399824
226 156 -0.0007214375452671536
227 156 -0.006350229936994215
228 156  0.01224607246605703
157 157                    1
158 158                    1
159 159                    1
160 160                    1
161 161                    1
162 162                    1
163 163                    1
164 164                    1
165 165                    1
166 166                    1
167 167                    1
168 168                    1
169 169                    1
170 170                    1
171 171                    1
112 172 0.003528039989349261
113 172 -0.01065828349948572
114 172 -4.442743508141327e-05
115 172  -0.1035730888405538
116 172  -0.0137971120031169
117 172  0.02746365135620291
124 172 -0.007394712684728772
125 172 -0.0001200733819997375
126 172 0.001785056222949737
172 172   0.3747175622129585
173 172 -0.01226237217756213
174 172 0.008828664903067157
175 172 -0.05920995099425282
176 172  0.03328713502026441
177 172 -0.002025213643641798
181 172 0.004188566554468543
182 172  0.01588847758276007
183 172 0.003372133642127035
238 172  -0.1167345951404588
239 172 -0.006506158823660635
240 172  0.01047673544582043
112 173 -0.01116440066480775
113 173 0.003355088229134285
114 173  0.01126279828747117
115 173 -0.01390824889255773
116 173 -0.06694646863259024
117 173 0.007882010591428307
124 173 -0.001469353867835479
125 173 -0.03550727533479994
126 173 -0.002556374551523009
172 173 -0.01226237217756213
173 173   0.3320243648244073
174 173 -0.05733563951517935
175 173  0.03556938593476394
176 173  -0.1110069505417471
177 173   0.0324515608289273
181 173  0.01519486543956561
182 173 0.003915426762823704
183 173 0.0005482038984746763
238 173 -0.006036488026625986
239 173 -0.03310798228867508
240 173 0.001535685630462016
112 174 0.002865041089372817
113 174  0.01409960626452869
114 174  0.01109754768468297
115 174  0.03877378946426752
116 174 0.008375905012843146
117 174 -0.06211526386022882
124 174 0.001980944126318418
125 174 0.003496858157286686
126 174 0.0005067238991126499
172 174 0.008828664903067157
173 174 -0.05733563951517936
174 174   0.3988566566767155
175 174 0.001187178903021553
176 174  0.02128595728562479
177 174 -0.04725666506473232
181 174 -2.560882244717708e-05
182 174 0.003963273462642795
183 174  0.01345032865255294
238 174 -0.003357363292080937
239 174 -0.0007511498019613988
240 174 -0.02494160123860989
115 175 0.003715868355227143
116 175 -0.01863845940341999
117 175 -0.0003475366411121155
172 175 -0.05920995099425282
173 175  0.03556938593476394
174 175 0.001187178903021553
175 175   0.4069699778240377
176 175  0.02590106197284421
177 175  0.04831988307926131
178 175  -0.1402990106146467
179 175 -0.02169950319752264
180 175 0.008300117722356214
226 175 0.003651049784942676
227 175  0.03243651988945579
228 175 -0.0008769793833792094
238 175 0.0007135678749915478
239 175  0.01469751769716252
240 175 -0.007087866370833011
241 175 -0.04635631675548955
242 175 -0.04744098530626747
243 175 0.001327589311758832
244 175 -0.03266261175286089
245 175  -0.0139996531324972
246 175  0.01110796905318435
115 176 -0.01927885951625636
116 176 0.003476094587209412
117 176 0.001390324075389326
172 176   0.0332871350202644
173 176  -0.1110069505417471
174 176  0.02128595728562479
175 176  0.02590106197284421
176 176   0.3997670677520501
177 176 -0.02565586902735154
178 176 -0.02201636635272983
179 176 -0.04228904809081199
180 176 -0.004296784505667465
226 176  0.03328259032523771
227 176 0.002923492583973615
