%%MatrixMarket matrix coordinate real general
1863 1863 53909
1 1 1.037230785489544e-05
4 1 1.471089458295071e-06
7 1 -2.631028732769758e-06
28 1 -2.579342549337018e-06
31 1 1.443771426989077e-06
34 1 5.833417592417787e-06
37 1 -8.021744996225385e-06
46 1 -1.521007705074976e-06
64 1 -6.931597829922114e-07
67 1 2.448480859471692e-06
70 1 -2.966099463137512e-06
73 1 -1.461839886272909e-06
2 2 1.037230785489544e-05
5 2 1.471089458295071e-06
8 2 -2.631028732769758e-06
29 2 -2.579342549337018e-06
32 2 1.443771426989077e-06
35 2 5.833417592417787e-06
38 2 -8.021744996225385e-06
47 2 -1.521007705074976e-06
65 2 -6.931597829922114e-07
68 2 2.448480859471692e-06
71 2 -2.966099463137512e-06
74 2 -1.461839886272909e-06
3 3 1.037230785489544e-05
6 3 1.471089458295071e-06
9 3 -2.631028732769758e-06
30 3 -2.579342549337018e-06
33 3 1.443771426989077e-06
36 3 5.833417592417787e-06
39 3 -8.021744996225385e-06
48 3 -1.521007705074976e-06
66 3 -6.931597829922114e-07
69 3 2.448480859471692e-06
72 3 -2.966099463137512e-06
75 3 -1.461839886272909e-06
1 4 1.471089458295071e-06
4 4 1.06664815583675e-05
7 4 -2.627757315020958e-06
10 4 1.527567199222177e-06
13 4 -2.73498997888238e-06
34 4 2.538960666532952e-06
37 4 -1.515719079560925e-06
40 4 6.016116368898193e-06
43 4 -7.613198225536662e-07
46 4 -3.120289837042055e-06
49 4 -8.492285896960514e-06
58 4 -1.642787469292941e-06
2 5 1.471089458295071e-06
5 5 1.06664815583675e-05
8 5 -2.627757315020958e-06
11 5 1.527567199222177e-06
14 5 -2.73498997888238e-06
35 5 2.538960666532952e-06
38 5 -1.515719079560925e-06
41 5 6.016116368898193e-06
44 5 -7.613198225536662e-07
47 5 -3.120289837042055e-06
50 5 -8.492285896960514e-06
59 5 -1.642787469292941e-06
3 6 1.471089458295071e-06
6 6 1.06664815583675e-05
9 6 -2.627757315020958e-06
12 6 1.527567199222177e-06
15 6 -2.73498997888238e-06
36 6 2.538960666532952e-06
39 6 -1.515719079560925e-06
42 6 6.016116368898193e-06
45 6 -7.613198225536662e-07
48 6 -3.120289837042055e-06
51 6 -8.492285896960514e-06
60 6 -1.642787469292941e-06
1 7 -2.631028732769758e-06
4 7 -2.627757315020958e-06
7 7 7.020039920508181e-06
34 7 -1.890292067055286e-06
37 7 2.422269678584837e-06
46 7 2.432846929612951e-06
2 8 -2.631028732769758e-06
5 8 -2.627757315020958e-06
8 8 7.020039920508181e-06
35 8 -1.890292067055286e-06
38 8 2.422269678584837e-06
47 8 2.432846929612951e-06
3 9 -2.631028732769758e-06
6 9 -2.627757315020958e-06
9 9 7.020039920508181e-06
36 9 -1.890292067055286e-06
39 9 2.422269678584837e-06
48 9 2.432846929612951e-06
4 10 1.527567199222177e-06
10 10 1.118651352130057e-05
13 10 -2.728623180495163e-06
16 10 1.619440913669384e-06
19 10 -2.903948105963589e-06
40 10 2.717878188659212e-06
49 10 -1.632151466692696e-06
52 10 6.309375917642365e-06
55 10 -9.031807174085648e-07
58 10 -3.438250803135412e-06
61 10 -9.321604176989315e-06
82 10 -1.850039444284825e-06
5 11 1.527567199222177e-06
11 11 1.118651352130057e-05
14 11 -2.728623180495163e-06
17 11 1.619440913669384e-06
20 11 -2.903948105963589e-06
41 11 2.717878188659212e-06
50 11 -1.632151466692696e-06
53 11 6.309375917642365e-06
56 11 -9.031807174085648e-07
59 11 -3.438250803135412e-06
62 11 -9.321604176989315e-06
83 11 -1.850039444284825e-06
6 12 1.527567199222177e-06
12 12 1.118651352130057e-05
15 12 -2.728623180495163e-06
18 12 1.619440913669384e-06
21 12 -2.903948105963589e-06
42 12 2.717878188659212e-06
51 12 -1.632151466692696e-06
54 12 6.309375917642365e-06
57 12 -9.031807174085648e-07
60 12 -3.438250803135412e-06
63 12 -9.321604176989315e-06
84 12 -1.850039444284825e-06
4 13 -2.73498997888238e-06
10 13 -2.728623180495163e-06
13 13 7.296654320098978e-06
40 13 -2.004988131419042e-06
49 13 2.609416987894517e-06
58 13 2.630688993094993e-06
5 14 -2.73498997888238e-06
11 14 -2.728623180495163e-06
14 14 7.296654320098978e-06
41 14 -2.004988131419042e-06
50 14 2.609416987894517e-06
59 14 2.630688993094993e-06
6 15 -2.73498997888238e-06
12 15 -2.728623180495163e-06
15 15 7.296654320098978e-06
42 15 -2.004988131419042e-06
51 15 2.609416987894517e-06
60 15 2.630688993094993e-06
10 16 1.619440913669384e-06
16 16 1.199206413422805e-05
19 16 -2.893511973060056e-06
22 16 1.758082885571433e-06
25 16 -3.159850098905377e-06
52 16 3.006425069270316e-06
61 16 -1.831738396174944e-06
76 16 6.704332363567163e-06
79 16 -1.167183567673739e-06
82 16 -3.989665686795376e-06
85 16 -1.064954453873634e-05
154 16 -2.186009878893604e-06
11 17 1.619440913669384e-06
17 17 1.199206413422805e-05
20 17 -2.893511973060056e-06
23 17 1.758082885571433e-06
26 17 -3.159850098905377e-06
53 17 3.006425069270316e-06
62 17 -1.831738396174944e-06
77 17 6.704332363567163e-06
80 17 -1.167183567673739e-06
83 17 -3.989665686795376e-06
86 17 -1.064954453873634e-05
155 17 -2.186009878893604e-06
12 18 1.619440913669384e-06
18 18 1.199206413422805e-05
21 18 -2.893511973060056e-06
24 18 1.758082885571433e-06
27 18 -3.159850098905377e-06
54 18 3.006425069270316e-06
63 18 -1.831738396174944e-06
78 18 6.704332363567163e-06
81 18 -1.167183567673739e-06
84 18 -3.989665686795376e-06
87 18 -1.064954453873634e-05
156 18 -2.186009878893604e-06
10 19 -2.903948105963589e-06
16 19 -2.893511973060056e-06
19 19 7.748230670954171e-06
52 19 -2.19275789045271e-06
61 19 2.931144580815021e-06
82 19 2.967746677034775e-06
11 20 -2.903948105963589e-06
17 20 -2.893511973060056e-06
20 20 7.748230670954171e-06
53 20 -2.19275789045271e-06
62 20 2.931144580815021e-06
83 20 2.967746677034775e-06
12 21 -2.903948105963589e-06
18 21 -2.893511973060056e-06
21 21 7.748230670954171e-06
54 21 -2.19275789045271e-06
63 21 2.931144580815021e-06
84 21 2.967746677034775e-06
16 22 1.758082885571433e-06
22 22 1.318999730260633e-05
25 22 -3.143708547329496e-06
76 22 3.437568994062076e-06
85 22 -2.155503486212664e-06
154 22 -4.918960908966471e-06
175 22 7.15529848207279e-06
178 22 -1.66615401169353e-06
181 22 -1.273717160464427e-05
184 22 1.964076566438236e-06
187 22 -3.543934306801421e-06
190 22 -2.738121249987998e-06
17 23 1.758082885571433e-06
23 23 1.318999730260633e-05
26 23 -3.143708547329496e-06
77 23 3.437568994062076e-06
86 23 -2.155503486212664e-06
155 23 -4.918960908966471e-06
176 23 7.15529848207279e-06
179 23 -1.66615401169353e-06
182 23 -1.273717160464427e-05
185 23 1.964076566438236e-06
188 23 -3.543934306801421e-06
191 23 -2.738121249987998e-06
18 24 1.758082885571433e-06
24 24 1.318999730260633e-05
27 24 -3.143708547329496e-06
78 24 3.437568994062076e-06
87 24 -2.155503486212664e-06
156 24 -4.918960908966471e-06
177 24 7.15529848207279e-06
180 24 -1.66615401169353e-06
183 24 -1.273717160464427e-05
186 24 1.964076566438236e-06
189 24 -3.543934306801421e-06
192 24 -2.738121249987998e-06
16 25 -3.159850098905377e-06
22 25 -3.143708547329496e-06
25 25 8.435401233287715e-06
76 25 -2.477254378911217e-06
85 25 3.455353702582259e-06
154 25 3.516366487944149e-06
17 26 -3.159850098905377e-06
23 26 -3.143708547329496e-06
26 26 8.435401233287715e-06
77 26 -2.477254378911217e-06
86 26 3.455353702582259e-06
155 26 3.516366487944149e-06
18 27 -3.159850098905377e-06
24 27 -3.143708547329496e-06
27 27 8.435401233287715e-06
78 27 -2.477254378911217e-06
87 27 3.455353702582259e-06
156 27 3.516366487944149e-06
1 28 -2.579342549337018e-06
28 28 6.885259715441436e-06
31 28 -2.579960694064125e-06
67 28 -1.83485514735411e-06
70 28 2.337769043208582e-06
73 28 2.335773305537747e-06
2 29 -2.579342549337018e-06
29 29 6.885259715441436e-06
32 29 -2.579960694064125e-06
68 29 -1.83485514735411e-06
71 29 2.337769043208582e-06
74 29 2.335773305537747e-06
3 30 -2.579342549337018e-06
30 30 6.885259715441436e-06
33 30 -2.579960694064125e-06
69 30 -1.83485514735411e-06
72 30 2.337769043208582e-06
75 30 2.335773305537747e-06
1 31 1.443771426989077e-06
28 31 -2.579960694064125e-06
31 31 6.868746646728262e-06
67 31 4.774035013404566e-06
70 31 -1.462837755108328e-06
73 31 -6.64715519099764e-06
2 32 1.443771426989077e-06
29 32 -2.579960694064125e-06
32 32 6.868746646728262e-06
68 32 4.774035013404566e-06
71 32 -1.462837755108328e-06
74 32 -6.64715519099764e-06
3 33 1.443771426989077e-06
30 33 -2.579960694064125e-06
33 33 6.868746646728262e-06
69 33 4.774035013404566e-06
72 33 -1.462837755108328e-06
75 33 -6.64715519099764e-06
1 34 5.833417592417787e-06
4 34 2.538960666532952e-06
7 34 -1.890292067055286e-06
34 34 2.649240429941275e-05
37 34 -9.697708404065254e-06
40 34 3.324942938273701e-06
43 34 -3.437879229235502e-06
46 34 -3.492405252762279e-06
49 34 -9.451683023628353e-07
64 34 -3.012800903937653e-06
67 34 3.028224503695526e-06
70 34 -8.641069845115758e-07
223 34 8.155208681698537e-07
226 34 -5.056212480352921e-07
235 34 -2.842540921119338e-08
253 34 -8.823299129679801e-09
256 34 1.003476975460832e-07
259 34 -5.056373683216646e-08
262 34 -1.624101038590194e-08
265 34 -3.097554947312108e-05
271 34 -3.664980283838259e-07
274 34 -3.837139454603043e-06
277 34 -1.455529259542136e-06
283 34 -4.530173035290797e-06
289 34 -1.706427076027418e-06
292 34 -2.032847053409185e-05
2 35 5.833417592417787e-06
5 35 2.538960666532952e-06
8 35 -1.890292067055286e-06
35 35 2.649240429941275e-05
38 35 -9.697708404065254e-06
41 35 3.324942938273701e-06
44 35 -3.437879229235502e-06
47 35 -3.492405252762279e-06
50 35 -9.451683023628353e-07
65 35 -3.012800903937653e-06
68 35 3.028224503695526e-06
71 35 -8.641069845115758e-07
224 35 8.155208681698537e-07
227 35 -5.056212480352921e-07
236 35 -2.842540921119338e-08
254 35 -8.823299129679801e-09
257 35 1.003476975460832e-07
260 35 -5.056373683216646e-08
263 35 -1.624101038590194e-08
266 35 -3.097554947312108e-05
272 35 -3.664980283838259e-07
275 35 -3.837139454603043e-06
278 35 -1.455529259542136e-06
284 35 -4.530173035290797e-06
290 35 -1.706427076027418e-06
293 35 -2.032847053409185e-05
3 36 5.833417592417787e-06
6 36 2.538960666532952e-06
9 36 -1.890292067055286e-06
36 36 2.649240429941275e-05
39 36 -9.697708404065254e-06
42 36 3.324942938273701e-06
45 36 -3.437879229235502e-06
48 36 -3.492405252762279e-06
51 36 -9.451683023628353e-07
66 36 -3.012800903937653e-06
69 36 3.028224503695526e-06
72 36 -8.641069845115758e-07
225 36 8.155208681698537e-07
228 36 -5.056212480352921e-07
237 36 -2.842540921119338e-08
255 36 -8.823299129679801e-09
258 36 1.003476975460832e-07
261 36 -5.056373683216646e-08
264 36 -1.624101038590194e-08
267 36 -3.097554947312108e-05
273 36 -3.664980283838259e-07
276 36 -3.837139454603043e-06
279 36 -1.455529259542136e-06
285 36 -4.530173035290797e-06
291 36 -1.706427076027418e-06
294 36 -2.032847053409185e-05
1 37 -8.021744996225385e-06
4 37 -1.515719079560925e-06
7 37 2.422269678584837e-06
34 37 -9.697708404065254e-06
37 37 1.854336341525862e-05
46 37 1.683700954624225e-06
64 37 7.598237265276134e-07
67 37 -8.665152480582667e-07
70 37 1.101718129566341e-06
2 38 -8.021744996225385e-06
5 38 -1.515719079560925e-06
8 38 2.422269678584837e-06
35 38 -9.697708404065254e-06
38 38 1.854336341525862e-05
47 38 1.683700954624225e-06
65 38 7.598237265276134e-07
68 38 -8.665152480582667e-07
71 38 1.101718129566341e-06
3 39 -8.021744996225385e-06
6 39 -1.515719079560925e-06
9 39 2.422269678584837e-06
36 39 -9.697708404065254e-06
39 39 1.854336341525862e-05
48 39 1.683700954624225e-06
66 39 7.598237265276134e-07
69 39 -8.665152480582667e-07
72 39 1.101718129566341e-06
4 40 6.016116368898193e-06
10 40 2.717878188659212e-06
13 40 -2.004988131419042e-06
34 40 3.324942938273701e-06
40 40 2.822654968927079e-05
43 40 -3.445872036068049e-06
46 40 -9.391376618997073e-07
49 40 -1.023651539998842e-05
52 40 3.895455197498771e-06
55 40 -4.354908654489996e-06
58 40 -3.869848629277441e-06
61 40 -1.104181547392154e-06
223 40 1.589956636292128e-07
226 40 -2.807912156785413e-08
229 40 1.252004464878801e-06
232 40 -1.682748796441416e-08
235 40 -8.979950025346063e-08
238 40 -8.920379686392066e-07
247 40 -6.70569373612316e-08
283 40 -3.393302034176647e-05
289 40 -5.751927179914588e-07
292 40 -4.475329130532087e-06
304 40 -2.16712382901486e-06
307 40 -5.89568853048148e-06
313 40 -2.697597956214623e-06
316 40 -2.370477222358747e-05
5 41 6.016116368898193e-06
11 41 2.717878188659212e-06
14 41 -2.004988131419042e-06
35 41 3.324942938273701e-06
41 41 2.822654968927079e-05
44 41 -3.445872036068049e-06
47 41 -9.391376618997073e-07
50 41 -1.023651539998842e-05
53 41 3.895455197498771e-06
56 41 -4.354908654489996e-06
59 41 -3.869848629277441e-06
62 41 -1.104181547392154e-06
224 41 1.589956636292128e-07
227 41 -2.807912156785413e-08
230 41 1.252004464878801e-06
233 41 -1.682748796441416e-08
236 41 -8.979950025346063e-08
239 41 -8.920379686392066e-07
248 41 -6.70569373612316e-08
284 41 -3.393302034176647e-05
290 41 -5.751927179914588e-07
293 41 -4.475329130532087e-06
305 41 -2.16712382901486e-06
308 41 -5.89568853048148e-06
314 41 -2.697597956214623e-06
317 41 -2.370477222358747e-05
6 42 6.016116368898193e-06
12 42 2.717878188659212e-06
15 42 -2.004988131419042e-06
36 42 3.324942938273701e-06
42 42 2.822654968927079e-05
45 42 -3.445872036068049e-06
48 42 -9.391376618997073e-07
51 42 -1.023651539998842e-05
54 42 3.895455197498771e-06
57 42 -4.354908654489996e-06
60 42 -3.869848629277441e-06
63 42 -1.104181547392154e-06
225 42 1.589956636292128e-07
228 42 -2.807912156785413e-08
231 42 1.252004464878801e-06
234 42 -1.682748796441416e-08
237 42 -8.979950025346063e-08
240 42 -8.920379686392066e-07
249 42 -6.70569373612316e-08
285 42 -3.393302034176647e-05
291 42 -5.751927179914588e-07
294 42 -4.475329130532087e-06
306 42 -2.16712382901486e-06
309 42 -5.89568853048148e-06
315 42 -2.697597956214623e-06
318 42 -2.370477222358747e-05
4 43 -7.613198225536662e-07
34 43 -3.437879229235502e-06
40 43 -3.445872036068049e-06
43 43 4.114691297521996e-06
46 43 8.464005925352011e-07
49 43 8.584618734614551e-07
223 43 -3.036147895568551e-08
226 43 1.492706982211709e-08
235 43 1.561964510879561e-08
283 43 4.576038015198441e-06
289 43 1.019541312249622e-07
292 43 4.46635020568101e-06
5 44 -7.613198225536662e-07
35 44 -3.437879229235502e-06
41 44 -3.445872036068049e-06
44 44 4.114691297521996e-06
47 44 8.464005925352011e-07
50 44 8.584618734614551e-07
224 44 -3.036147895568551e-08
227 44 1.492706982211709e-08
236 44 1.561964510879561e-08
284 44 4.576038015198441e-06
290 44 1.019541312249622e-07
293 44 4.46635020568101e-06
6 45 -7.613198225536662e-07
36 45 -3.437879229235502e-06
42 45 -3.445872036068049e-06
45 45 4.114691297521996e-06
48 45 8.464005925352011e-07
51 45 8.584618734614551e-07
225 45 -3.036147895568551e-08
228 45 1.492706982211709e-08
237 45 1.561964510879561e-08
285 45 4.576038015198441e-06
291 45 1.019541312249622e-07
294 45 4.46635020568101e-06
1 46 -1.521007705074976e-06
4 46 -3.120289837042055e-06
7 46 2.432846929612951e-06
34 46 -3.492405252762279e-06
37 46 1.683700954624225e-06
40 46 -9.391376618997073e-07
43 46 8.464005925352011e-07
46 46 5.788517064986318e-06
49 46 1.214097552153538e-06
2 47 -1.521007705074976e-06
5 47 -3.120289837042055e-06
8 47 2.432846929612951e-06
35 47 -3.492405252762279e-06
38 47 1.683700954624225e-06
41 47 -9.391376618997073e-07
44 47 8.464005925352011e-07
47 47 5.788517064986318e-06
50 47 1.214097552153538e-06
3 48 -1.521007705074976e-06
6 48 -3.120289837042055e-06
9 48 2.432846929612951e-06
36 48 -3.492405252762279e-06
39 48 1.683700954624225e-06
42 48 -9.391376618997073e-07
45 48 8.464005925352011e-07
48 48 5.788517064986318e-06
51 48 1.214097552153538e-06
4 49 -8.492285896960514e-06
10 49 -1.632151466692696e-06
13 49 2.609416987894517e-06
34 49 -9.451683023628353e-07
40 49 -1.023651539998842e-05
43 49 8.584618734614551e-07
46 49 1.214097552153538e-06
49 49 2.019308909783833e-05
58 49 1.885015663642311e-06
5 50 -8.492285896960514e-06
11 50 -1.632151466692696e-06
14 50 2.609416987894517e-06
35 50 -9.451683023628353e-07
41 50 -1.023651539998842e-05
44 50 8.584618734614551e-07
47 50 1.214097552153538e-06
50 50 2.019308909783833e-05
59 50 1.885015663642311e-06
6 51 -8.492285896960514e-06
12 51 -1.632151466692696e-06
15 51 2.609416987894517e-06
36 51 -9.451683023628353e-07
42 51 -1.023651539998842e-05
45 51 8.584618734614551e-07
48 51 1.214097552153538e-06
51 51 2.019308909783833e-05
60 51 1.885015663642311e-06
10 52 6.309375917642365e-06
16 52 3.006425069270316e-06
19 52 -2.19275789045271e-06
40 52 3.895455197498771e-06
52 52 3.102311216810467e-05
55 52 -4.356759746410296e-06
58 52 -1.091876139614762e-06
61 52 -1.113952303096518e-05
76 52 4.789898941550812e-06
79 52 -6.066712410520889e-06
82 52 -4.505625089678707e-06
85 52 -1.390708848536925e-06
229 52 3.179070827843484e-07
238 52 -6.555397991874721e-08
241 52 2.145269018371028e-06
244 52 -4.482762344147148e-08
247 52 -2.13512186624925e-07
250 52 -1.852602861486427e-06
307 52 -3.838114761195587e-05
313 52 -1.132990059760465e-06
316 52 -5.770835699838702e-06
328 52 -1.899749411957865e-07
331 52 -3.679817281292689e-06
340 52 -4.722378114630159e-06
343 52 -2.841431441039392e-05
11 53 6.309375917642365e-06
17 53 3.006425069270316e-06
20 53 -2.19275789045271e-06
41 53 3.895455197498771e-06
53 53 3.102311216810467e-05
56 53 -4.356759746410296e-06
59 53 -1.091876139614762e-06
62 53 -1.113952303096518e-05
77 53 4.789898941550812e-06
80 53 -6.066712410520889e-06
83 53 -4.505625089678707e-06
86 53 -1.390708848536925e-06
230 53 3.179070827843484e-07
239 53 -6.555397991874721e-08
242 53 2.145269018371028e-06
245 53 -4.482762344147148e-08
248 53 -2.13512186624925e-07
251 53 -1.852602861486427e-06
308 53 -3.838114761195587e-05
314 53 -1.132990059760465e-06
317 53 -5.770835699838702e-06
329 53 -1.899749411957865e-07
332 53 -3.679817281292689e-06
341 53 -4.722378114630159e-06
344 53 -2.841431441039392e-05
12 54 6.309375917642365e-06
18 54 3.006425069270316e-06
21 54 -2.19275789045271e-06
42 54 3.895455197498771e-06
54 54 3.102311216810467e-05
57 54 -4.356759746410296e-06
60 54 -1.091876139614762e-06
63 54 -1.113952303096518e-05
78 54 4.789898941550812e-06
81 54 -6.066712410520889e-06
84 54 -4.505625089678707e-06
87 54 -1.390708848536925e-06
231 54 3.179070827843484e-07
240 54 -6.555397991874721e-08
243 54 2.145269018371028e-06
246 54 -4.482762344147148e-08
249 54 -2.13512186624925e-07
252 54 -1.852602861486427e-06
309 54 -3.838114761195587e-05
315 54 -1.132990059760465e-06
318 54 -5.770835699838702e-06
330 54 -1.899749411957865e-07
333 54 -3.679817281292689e-06
342 54 -4.722378114630159e-06
345 54 -2.841431441039392e-05
10 55 -9.031807174085648e-07
40 55 -4.354908654489996e-06
52 55 -4.356759746410296e-06
55 55 5.735576871436746e-06
58 55 1.044370774126808e-06
61 55 1.068981589681591e-06
229 55 -7.178904535393837e-08
238 55 4.146377172669415e-08
247 55 4.446968661166272e-08
307 55 6.611573256896733e-06
313 55 2.332222788186772e-07
316 55 6.361867595611196e-06
11 56 -9.031807174085648e-07
41 56 -4.354908654489996e-06
53 56 -4.356759746410296e-06
56 56 5.735576871436746e-06
59 56 1.044370774126808e-06
62 56 1.068981589681591e-06
230 56 -7.178904535393837e-08
239 56 4.146377172669415e-08
248 56 4.446968661166272e-08
308 56 6.611573256896733e-06
314 56 2.332222788186772e-07
317 56 6.361867595611196e-06
12 57 -9.031807174085648e-07
42 57 -4.354908654489996e-06
54 57 -4.356759746410296e-06
57 57 5.735576871436746e-06
60 57 1.044370774126808e-06
63 57 1.068981589681591e-06
231 57 -7.178904535393837e-08
240 57 4.146377172669415e-08
249 57 4.446968661166272e-08
309 57 6.611573256896733e-06
315 57 2.332222788186772e-07
318 57 6.361867595611196e-06
4 58 -1.642787469292941e-06
10 58 -3.438250803135412e-06
13 58 2.630688993094993e-06
40 58 -3.869848629277441e-06
49 58 1.885015663642311e-06
52 58 -1.091876139614762e-06
55 58 1.044370774126808e-06
58 58 6.652247469187903e-06
61 58 1.446372434093987e-06
5 59 -1.642787469292941e-06
11 59 -3.438250803135412e-06
14 59 2.630688993094993e-06
41 59 -3.869848629277441e-06
50 59 1.885015663642311e-06
53 59 -1.091876139614762e-06
56 59 1.044370774126808e-06
59 59 6.652247469187903e-06
62 59 1.446372434093987e-06
6 60 -1.642787469292941e-06
12 60 -3.438250803135412e-06
15 60 2.630688993094993e-06
42 60 -3.869848629277441e-06
51 60 1.885015663642311e-06
54 60 -1.091876139614762e-06
57 60 1.044370774126808e-06
60 60 6.652247469187903e-06
63 60 1.446372434093987e-06
10 61 -9.321604176989315e-06
16 61 -1.831738396174944e-06
19 61 2.931144580815021e-06
40 61 -1.104181547392154e-06
52 61 -1.113952303096518e-05
55 61 1.068981589681591e-06
58 61 1.446372434093987e-06
61 61 2.321987600729419e-05
82 61 2.245707688479242e-06
11 62 -9.321604176989315e-06
17 62 -1.831738396174944e-06
20 62 2.931144580815021e-06
41 62 -1.104181547392154e-06
53 62 -1.113952303096518e-05
56 62 1.068981589681591e-06
59 62 1.446372434093987e-06
62 62 2.321987600729419e-05
83 62 2.245707688479242e-06
12 63 -9.321604176989315e-06
18 63 -1.831738396174944e-06
21 63 2.931144580815021e-06
42 63 -1.104181547392154e-06
54 63 -1.113952303096518e-05
57 63 1.068981589681591e-06
60 63 1.446372434093987e-06
63 63 2.321987600729419e-05
84 63 2.245707688479242e-06
1 64 -6.931597829922114e-07
34 64 -3.012800903937653e-06
37 64 7.598237265276134e-07
64 64 3.426516004644606e-06
67 64 -3.00846340967389e-06
70 64 7.550071994342254e-07
256 64 -1.740453655251191e-08
259 64 7.929175558550639e-09
262 64 7.769796771738404e-09
265 64 3.674003310764501e-06
271 64 5.952129710508927e-08
274 64 3.635157341887993e-06
2 65 -6.931597829922114e-07
35 65 -3.012800903937653e-06
38 65 7.598237265276134e-07
65 65 3.426516004644606e-06
68 65 -3.00846340967389e-06
71 65 7.550071994342254e-07
257 65 -1.740453655251191e-08
260 65 7.929175558550639e-09
263 65 7.769796771738404e-09
266 65 3.674003310764501e-06
272 65 5.952129710508927e-08
275 65 3.635157341887993e-06
3 66 -6.931597829922114e-07
36 66 -3.012800903937653e-06
39 66 7.598237265276134e-07
66 66 3.426516004644606e-06
69 66 -3.00846340967389e-06
72 66 7.550071994342254e-07
258 66 -1.740453655251191e-08
261 66 7.929175558550639e-09
264 66 7.769796771738404e-09
267 66 3.674003310764501e-06
273 66 5.952129710508927e-08
276 66 3.635157341887993e-06
1 67 2.448480859471692e-06
28 67 -1.83485514735411e-06
31 67 4.774035013404566e-06
34 67 3.028224503695526e-06
37 67 -8.665152480582667e-07
64 67 -3.00846340967389e-06
67 67 2.182040952247183e-05
70 67 -3.305950439526316e-06
73 67 -8.158295598860516e-06
256 67 6.133755706847579e-07
259 67 -1.632069977930806e-08
262 67 -3.581940893194875e-07
265 67 -3.856562439041297e-06
271 67 -1.30672110293333e-06
274 67 -1.857381110355063e-05
358 67 -1.076910692036456e-06
361 67 -2.385509326334456e-05
2 68 2.448480859471692e-06
29 68 -1.83485514735411e-06
32 68 4.774035013404566e-06
35 68 3.028224503695526e-06
38 68 -8.665152480582667e-07
65 68 -3.00846340967389e-06
68 68 2.182040952247183e-05
71 68 -3.305950439526316e-06
74 68 -8.158295598860516e-06
257 68 6.133755706847579e-07
260 68 -1.632069977930806e-08
263 68 -3.581940893194875e-07
266 68 -3.856562439041297e-06
272 68 -1.30672110293333e-06
275 68 -1.857381110355063e-05
359 68 -1.076910692036456e-06
362 68 -2.385509326334456e-05
3 69 2.448480859471692e-06
30 69 -1.83485514735411e-06
33 69 4.774035013404566e-06
36 69 3.028224503695526e-06
39 69 -8.665152480582667e-07
66 69 -3.00846340967389e-06
69 69 2.182040952247183e-05
72 69 -3.305950439526316e-06
75 69 -8.158295598860516e-06
258 69 6.133755706847579e-07
261 69 -1.632069977930806e-08
264 69 -3.581940893194875e-07
267 69 -3.856562439041297e-06
273 69 -1.30672110293333e-06
276 69 -1.857381110355063e-05
360 69 -1.076910692036456e-06
363 69 -2.385509326334456e-05
1 70 -2.966099463137512e-06
28 70 2.337769043208582e-06
31 70 -1.462837755108328e-06
34 70 -8.641069845115758e-07
37 70 1.101718129566341e-06
64 70 7.550071994342254e-07
67 70 -3.305950439526316e-06
70 70 5.378919119939882e-06
73 70 1.591738521046191e-06
2 71 -2.966099463137512e-06
29 71 2.337769043208582e-06
32 71 -1.462837755108328e-06
35 71 -8.641069845115758e-07
38 71 1.101718129566341e-06
65 71 7.550071994342254e-07
68 71 -3.305950439526316e-06
71 71 5.378919119939882e-06
74 71 1.591738521046191e-06
3 72 -2.966099463137512e-06
30 72 2.337769043208582e-06
33 72 -1.462837755108328e-06
36 72 -8.641069845115758e-07
39 72 1.101718129566341e-06
66 72 7.550071994342254e-07
69 72 -3.305950439526316e-06
72 72 5.378919119939882e-06
75 72 1.591738521046191e-06
1 73 -1.461839886272909e-06
28 73 2.335773305537747e-06
31 73 -6.64715519099764e-06
67 73 -8.158295598860516e-06
70 73 1.591738521046191e-06
73 73 1.576780897762935e-05
2 74 -1.461839886272909e-06
29 74 2.335773305537747e-06
32 74 -6.64715519099764e-06
68 74 -8.158295598860516e-06
71 74 1.591738521046191e-06
74 74 1.576780897762935e-05
3 75 -1.461839886272909e-06
30 75 2.335773305537747e-06
33 75 -6.64715519099764e-06
69 75 -8.158295598860516e-06
72 75 1.591738521046191e-06
75 75 1.576780897762935e-05
16 76 6.704332363567163e-06
22 76 3.437568994062076e-06
25 76 -2.477254378911217e-06
52 76 4.789898941550812e-06
76 76 3.543192078925171e-05
79 76 -6.014215121009419e-06
82 76 -1.365178083278423e-06
85 76 -1.244602605437988e-05
154 76 -5.517060507419308e-06
175 76 5.983340151074417e-06
178 76 -9.097974900500393e-06
181 76 -1.908178383457717e-06
241 76 7.176879848750085e-07
250 76 -1.827906731615503e-07
328 76 -5.981991304135926e-07
340 76 -2.509602195240087e-06
343 76 -7.969743040857913e-06
373 76 3.731725813536323e-06
376 76 -1.480357634589394e-07
379 76 -4.086178304173363e-06
382 76 -5.866555784797195e-07
385 76 -6.540351104539828e-06
394 76 -8.404860531015482e-06
17 77 6.704332363567163e-06
23 77 3.437568994062076e-06
26 77 -2.477254378911217e-06
53 77 4.789898941550812e-06
77 77 3.543192078925171e-05
80 77 -6.014215121009419e-06
83 77 -1.365178083278423e-06
86 77 -1.244602605437988e-05
155 77 -5.517060507419308e-06
176 77 5.983340151074417e-06
179 77 -9.097974900500393e-06
182 77 -1.908178383457717e-06
242 77 7.176879848750085e-07
251 77 -1.827906731615503e-07
329 77 -5.981991304135926e-07
341 77 -2.509602195240087e-06
344 77 -7.969743040857913e-06
374 77 3.731725813536323e-06
377 77 -1.480357634589394e-07
380 77 -4.086178304173363e-06
383 77 -5.866555784797195e-07
386 77 -6.540351104539828e-06
395 77 -8.404860531015482e-06
18 78 6.704332363567163e-06
24 78 3.437568994062076e-06
27 78 -2.477254378911217e-06
54 78 4.789898941550812e-06
78 78 3.543192078925171e-05
81 78 -6.014215121009419e-06
84 78 -1.365178083278423e-06
87 78 -1.244602605437988e-05
156 78 -5.517060507419308e-06
177 78 5.983340151074417e-06
180 78 -9.097974900500393e-06
183 78 -1.908178383457717e-06
243 78 7.176879848750085e-07
252 78 -1.827906731615503e-07
330 78 -5.981991304135926e-07
342 78 -2.509602195240087e-06
345 78 -7.969743040857913e-06
375 78 3.731725813536323e-06
378 78 -1.480357634589394e-07
381 78 -4.086178304173363e-06
384 78 -5.866555784797195e-07
387 78 -6.540351104539828e-06
396 78 -8.404860531015482e-06
16 79 -1.167183567673739e-06
52 79 -6.066712410520889e-06
76 79 -6.014215121009419e-06
79 79 9.316832216582648e-06
82 79 1.432895551881792e-06
85 79 1.483957082398795e-06
241 79 -2.033240938782276e-07
250 79 1.448286557158341e-07
328 79 1.591971917843059e-07
340 79 6.274008783637215e-07
343 79 1.019955864898725e-05
17 80 -1.167183567673739e-06
53 80 -6.066712410520889e-06
77 80 -6.014215121009419e-06
80 80 9.316832216582648e-06
83 80 1.432895551881792e-06
86 80 1.483957082398795e-06
242 80 -2.033240938782276e-07
251 80 1.448286557158341e-07
329 80 1.591971917843059e-07
341 80 6.274008783637215e-07
344 80 1.019955864898725e-05
18 81 -1.167183567673739e-06
54 81 -6.066712410520889e-06
78 81 -6.014215121009419e-06
81 81 9.316832216582648e-06
84 81 1.432895551881792e-06
87 81 1.483957082398795e-06
243 81 -2.033240938782276e-07
252 81 1.448286557158341e-07
330 81 1.591971917843059e-07
342 81 6.274008783637215e-07
345 81 1.019955864898725e-05
10 82 -1.850039444284825e-06
16 82 -3.989665686795376e-06
19 82 2.967746677034775e-06
52 82 -4.505625089678707e-06
61 82 2.245707688479242e-06
76 82 -1.365178083278423e-06
79 82 1.432895551881792e-06
82 82 8.225494755849525e-06
85 82 1.879946113608158e-06
11 83 -1.850039444284825e-06
17 83 -3.989665686795376e-06
20 83 2.967746677034775e-06
53 83 -4.505625089678707e-06
62 83 2.245707688479242e-06
77 83 -1.365178083278423e-06
80 83 1.432895551881792e-06
83 83 8.225494755849525e-06
86 83 1.879946113608158e-06
12 84 -1.850039444284825e-06
18 84 -3.989665686795376e-06
21 84 2.967746677034775e-06
54 84 -4.505625089678707e-06
63 84 2.245707688479242e-06
78 84 -1.365178083278423e-06
81 84 1.432895551881792e-06
84 84 8.225494755849525e-06
87 84 1.879946113608158e-06
16 85 -1.064954453873634e-05
22 85 -2.155503486212664e-06
25 85 3.455353702582259e-06
52 85 -1.390708848536925e-06
76 85 -1.244602605437988e-05
79 85 1.483957082398795e-06
82 85 1.879946113608158e-06
85 85 2.83659068514139e-05
154 85 2.872864702547021e-06
17 86 -1.064954453873634e-05
23 86 -2.155503486212664e-06
26 86 3.455353702582259e-06
53 86 -1.390708848536925e-06
77 86 -1.244602605437988e-05
80 86 1.483957082398795e-06
83 86 1.879946113608158e-06
86 86 2.83659068514139e-05
155 86 2.872864702547021e-06
18 87 -1.064954453873634e-05
24 87 -2.155503486212664e-06
27 87 3.455353702582259e-06
54 87 -1.390708848536925e-06
78 87 -1.244602605437988e-05
81 87 1.483957082398795e-06
84 87 1.879946113608158e-06
87 87 2.83659068514139e-05
156 87 2.872864702547021e-06
88 88   0.1558807162724708
89 88 -0.01097865937304831
90 88 0.0004315442274062929
91 88 -0.02979054235857269
92 88 0.001447416058864721
93 88 -0.001760725801082979
94 88  0.01088439879188673
95 88 -0.03049522121644265
96 88  0.02163905965437317
97 88 -0.001428048292972722
98 88  0.00894696648889854
99 88  0.00145011354526177
100 88 -0.03698626930375715
101 88  0.01533611053754261
102 88  0.03346697039471267
106 88 0.006244110572359535
107 88 -0.003742827055941536
109 88 -0.01834031598370585
110 88   0.0149717051719992
111 88 -0.002863128453991596
112 88 -0.01821208270883988
113 88 0.002219098391050564
114 88 0.000605675285811373
115 88 0.002839761937550713
116 88 0.002295410997076823
117 88 0.002257453168180225
88 89 -0.01097865937304831
89 89    0.186287130124887
90 89 -0.03693691921530269
91 89 0.0009649440392431459
92 89 -0.04534240249836932
93 89  0.01189221924572403
94 89 -0.02778595288504393
95 89  0.01088439879188673
96 89  0.02102383059891885
97 89  0.01342044973334789
98 89 -0.02379546451521933
99 89  0.01415417570535886
100 89  0.01388362681604446
101 89  0.03919790866245788
102 89  -0.0267968444668182
106 89 -0.002495218037294364
107 89  0.02185438700325838
108 89 -0.003748892535065185
109 89  0.01362121780864818
110 89 -0.04726020718161877
111 89  0.00600385329847142
112 89 -0.002160682099948313
113 89 -0.07351536710731241
114 89  0.02277702708055044
115 89 0.001530273998051218
116 89 0.002781345646448455
117 89 -0.008059053330777931
88 90 0.000431544227406292
89 90 -0.03693691921530269
90 90   0.2759158365838867
91 90 -0.001173817200721978
92 90  0.01230797951104557
93 90 -0.08871503811520777
94 90  0.01321761181519739
95 90  0.01500222313379495
96 90  0.03809539577160351
97 90 0.002175170317892654
98 90  0.00822768918252109
99 90  0.01736924719684202
100 90  0.02216746552067296
101 90 -0.02385411012778722
102 90  0.03362413598797849
107 90 -0.005623338802597763
108 90 0.006244110572359535
109 90 -0.004294692680987413
110 90 0.009005779947707116
111 90  -0.0145778940367388
112 90 0.002789723902200562
113 90  0.02870541907985267
114 90 -0.02913232579078592
115 90 0.001504968778786814
116 90 -0.006628458455193879
117 90 0.009997583072529738
88 91 -0.02979054235857269
89 91 0.0009649440392431459
90 91 -0.001173817200721978
91 91  0.06004282818776751
92 91 -0.004047300761588109
94 91 -0.08724283769152108
95 91 0.002225476334242645
96 91 0.002818034992395073
97 91 -0.01674321928183427
98 91 -0.0009668358806210529
99 91 -0.001796464569886274
100 91 -0.07867609351836626
101 91  0.01062810316190736
102 91 0.003128881782077513
106 91 -0.002744696508304994
107 91 0.001442920777455668
109 91  0.01247817473685215
110 91 -0.01017507608511889
111 91 0.004145947299486778
112 91 0.008684807548174273
113 91 0.002464063492255637
114 91 -0.002464063492255638
115 91 -0.008544551615138904
116 91 0.002106715550984624
211 91 -0.002299896021092206
212 91 -0.0004817249464698512
214 91  0.01272589551981755
215 91 -0.00276936748276321
217 91 0.006278309390624178
218 91 -0.002544044870653037
220 91 -0.002731579795801588
221 91 0.0009752063393797426
268 91 -0.002971272750545081
269 91 0.001484115949568988
270 91 0.0002658911736527596
280 91 -0.03224030319442454
281 91 0.002530643177200037
282 91 -0.001955064581355535
298 91 0.005530994090818579
299 91 -0.003531153682406307
300 91 -0.001681883807231141
355 91 0.008502047208794173
356 91 -2.768135629242598e-05
357 91 -0.003616053161762202
365 91 -0.001440524404118005
366 91 0.0009798300774312763
367 91 -0.01022097119901726
368 91  0.00150329536897865
369 91 -0.001021570422508799
370 91 0.001718923990223086
371 91 -0.0005145120126930122
88 92 0.001447416058864721
89 92 -0.04534240249836932
90 92  0.01230797951104557
91 92 -0.004047300761588109
92 92  0.06086993514363127
93 92 -0.008204671940867604
94 92 0.002289347456679295
95 92  -0.0793852443795542
96 92 0.0009314605811836085
97 92 -0.001450253820931567
98 92 -0.03243899275839458
99 92  0.00324671839081784
100 92  0.01056517796015965
101 92 -0.07436477278916229
102 92  0.01743845189814556
106 92 0.0009619471849704439
107 92 -0.009606437779067462
108 92 0.001782749323334552
109 92 -0.008836770300292295
110 92  0.04367361157898252
111 92 -0.00901938348217445
112 92 0.003696095238383454
113 92  0.02423666768797086
114 92 -0.009916839294302079
115 92 0.002338856926895937
116 92 -0.01113164336811357
117 92 0.005195214691395933
211 92 -0.0007225874197047767
212 92 -0.008049636073822726
213 92 -0.001450253820931568
214 92 -0.004154051224144802
215 92   0.0445406343193614
216 92 -0.009312106783306844
217 92 -0.003816067305979562
218 92  0.02197408286718449
219 92 -0.005601396779956698
220 92 0.001462809509069609
221 92 -0.009560529285305534
222 92 0.002634560184632793
268 92 0.001386581062917067
269 92 -0.0008489350715843119
270 92 -0.0007149067737679275
280 92 0.002639025275458325
281 92 -0.01437558193609033
282 92 0.0006964241277339438
298 92 -0.003288482347843727
299 92 0.006744350763631466
300 92  0.00168188380723114
355 92 -1.845423752828331e-05
356 92 0.002429156345369759
364 92 -0.001344261541650945
366 92 0.0006910414900300929
367 92 0.001403634368043975
368 92 -0.008445390311150559
369 92 -0.0007225874197047766
370 92 -0.0007717680190395191
371 92   0.0060162339657808
372 92 -0.00180661796629511
88 93 -0.001760725801082979
89 93  0.01189221924572403
90 93 -0.08871503811520777
92 93 -0.008204671940867604
93 93  0.07730323761277692
94 93 0.003375743803168595
95 93 0.0007950346886881101
96 93 -0.09500969861898201
97 93 -0.002694696854829397
98 93 0.003661532735450448
99 93 -0.04290549400985948
100 93 0.003064102188653336
101 93  0.01756615669331744
102 93 -0.08439048140114661
107 93 0.002674123985001817
108 93 -0.002744696508304994
109 93 0.004817351109870882
110 93 -0.01212750538390243
111 93  0.01247817473685215
112 93 -0.003696095238383455
113 93 -0.01179517957613357
114 93  0.01484496627881339
116 93 0.004712742671774379
117 93 -0.01190157066705946
212 93 -0.0009668358806210533
213 93 -0.002299896021092206
215 93 -0.006208071188871236
216 93  0.01272589551981755
218 93 -0.003734264519971118
219 93 0.006278309390624178
221 93 0.001756373456421846
222 93 -0.002731579795801588
268 93 0.0001772607824351729
269 93 -0.0004766045158452857
270 93 -0.0008489350715843119
280 93 -0.001303376387570358
281 93 0.0004642827518226296
282 93 -0.01035908558455886
298 93 -0.001121255871487426
299 93 0.001121255871487426
300 93 0.002727854412100014
355 93 -0.002410702107841481
357 93 0.002429156345369759
364 93 0.0006532200516208518
365 93 0.0004606943266867284
367 93 -0.0006810469483391989
368 93 -0.0004817249464698513
369 93 -0.004148080335592844
371 93 -0.001204411977530075
372 93 0.001718923990223086
88 94  0.01088439879188673
89 94 -0.02778595288504393
90 94  0.01321761181519739
91 94 -0.08724283769152108
92 94 0.002289347456679295
93 94 0.003375743803168595
94 94   0.4438216518775214
95 94 -0.04814885482253212
96 94 -0.04794265729245911
97 94 -0.009783250371758052
98 94  0.01394092723701828
99 94 0.002342982718076834
100 94  0.06491481847785605
101 94  0.02043628245340565
102 94 -0.03341085181398899
211 94 2.073084837534254e-05
212 94 0.006845685893515221
213 94 -0.006158936319012225
214 94 -0.04888471388472831
215 94  0.02784855751675005
216 94  -0.0153605907198932
217 94 -0.01876379730512591
218 94  0.01398468653947606
219 94 -0.004362902600621491
220 94  0.01270516467144222
221 94 -0.009109446805200913
222 94 0.005005577510504108
268 94  0.04001146756761555
269 94 -0.01121685905153786
270 94 -0.01102160016680809
280 94  0.01552979738849926
281 94   0.0119021093522785
282 94   0.0186118742061624
355 94 -0.02898612094309689
356 94 6.212708797636802e-05
357 94   0.0132011100137446
364 94 0.002153669991889868
365 94  0.01115485209357431
366 94 -0.008227325782532097
367 94  0.03003212852266939
368 94 -0.01341471456524816
369 94 0.008899983822318571
370 94 -0.006708026005746618
371 94 0.001486898537963243
372 94 -0.0003105555543086612
88 95 -0.03049522121644265
89 95  0.01088439879188673
90 95  0.01500222313379495
91 95 0.002225476334242644
92 95  -0.0793852443795542
93 95 0.0007950346886881101
94 95 -0.04814885482253212
95 95   0.4396395017761783
96 95 -0.04970532410090722
97 95  0.01533353105391232
98 95  0.05357040904542257
99 95 -0.02409806142428715
100 95   0.0156393656126928
101 95 -0.04107481033233786
102 95 0.005576466983506487
211 95 0.008304913518404207
212 95 7.255796931369298e-05
213 95  0.01158850356948064
214 95  0.03271346693127483
215 95  -0.1906304193902647
216 95  0.04407032323751913
217 95   0.0153711814997059
218 95 -0.04794242528702813
219 95 0.008984789307830315
220 95 -0.01049201003515639
221 95  0.04446807635004782
222 95 -0.01230245041345307
268 95 -0.01065776930940106
269 95  0.01143184787646161
270 95 0.006998605368679046
280 95  0.01041535814677164
281 95 0.004437084968142628
282 95 -0.01526772408903824
355 95 4.141805865091017e-05
356 95 -0.009320502102959078
357 95 -9.611230734264062e-06
364 95  0.01061653144576928
365 95 0.002153669991889868
366 95 -0.006989174332963937
367 95 -0.01268426596622614
368 95  0.02533351918409504
369 95 0.007750302593646787
370 95 0.002230347806944856
371 95 -0.02167503550731013
372 95 0.007781635653423121
88 96  0.02163905965437317
89 96  0.02102383059891885
90 96  0.03809539577160351
91 96 0.002818034992395072
92 96 0.0009314605811836083
93 96 -0.09500969861898201
94 96 -0.04794265729245911
95 96 -0.04970532410090722
96 96   0.4579198525932517
97 96  0.01258433698844016
98 96  -0.0270877227925803
99 96  0.06869657961013698
100 96 -0.03510121965356762
101 96  0.01654496309991268
102 96  0.06895446583376061
211 96 -0.005304693014326088
212 96 0.008323386010370647
213 96 2.073084837534254e-05
214 96 -0.01398151673598949
215 96  0.03312133841440663
216 96 -0.05102185065657259
217 96 -0.00290860173374766
218 96 0.005989859538553562
219 96 -0.01482360502047874
220 96 0.004336206093111189
221 96 -0.009200788028410487
222 96  0.01270516467144222
268 96 -0.008410109672540919
269 96 0.005728113140454883
270 96  0.01143184787646161
280 96  0.01290275324182786
281 96 -0.01188519863616502
282 96 0.004437084968142628
355 96  0.01002062817386153
356 96 -1.441684610139919e-05
357 96   -0.012956138520219
364 96 -0.006225241979205954
365 96 -0.00571381642436629
366 96 0.007537844971614525
367 96 0.005912169851831789
368 96 0.006013769506379133
369 96  0.00165015554715925
370 96 -0.0004658333314629915
371 96 0.006047571901806991
372 96 -0.008511081518549695
88 97 -0.001428048292972722
89 97  0.01342044973334789
90 97 0.002175170317892654
91 97 -0.01674321928183427
92 97 -0.001450253820931567
93 97 -0.002694696854829397
94 97 -0.009783250371758052
95 97  0.01533353105391232
96 97  0.01258433698844016
97 97   0.1111014943207025
98 97 -0.01115571960323005
99 97  0.01813972582264989
211 97 -0.003142242232594708
212 97 -0.002356338386242375
213 97 0.004720453757030702
214 97 -0.02601129278020619
