%%MatrixMarket matrix coordinate real general
1863 1863 54095
1 1 1.12616205120753e-05
4 1 1.536613777788127e-06
7 1 -2.905515295001579e-06
28 1 -2.847349400139631e-06
31 1 1.50791251903844e-06
34 1 6.033582518849171e-06
37 1 -8.441306157489462e-06
46 1 -1.725291207560666e-06
64 1 -7.740585760050922e-07
67 1 2.621099266040888e-06
70 1 -3.239072174578192e-06
73 1 -1.657354116265695e-06
2 2 1.12616205120753e-05
5 2 1.536613777788127e-06
8 2 -2.905515295001579e-06
29 2 -2.847349400139631e-06
32 2 1.50791251903844e-06
35 2 6.033582518849171e-06
38 2 -8.441306157489462e-06
47 2 -1.725291207560666e-06
65 2 -7.740585760050922e-07
68 2 2.621099266040888e-06
71 2 -3.239072174578192e-06
74 2 -1.657354116265695e-06
3 3 1.12616205120753e-05
6 3 1.536613777788127e-06
9 3 -2.905515295001579e-06
30 3 -2.847349400139631e-06
33 3 1.50791251903844e-06
36 3 6.033582518849171e-06
39 3 -8.441306157489462e-06
48 3 -1.725291207560666e-06
66 3 -7.740585760050922e-07
69 3 2.621099266040888e-06
72 3 -3.239072174578192e-06
75 3 -1.657354116265695e-06
1 4 1.536613777788127e-06
4 4 1.158477406536513e-05
7 4 -2.900695908170964e-06
10 4 1.596196287483813e-06
13 4 -3.022114996542126e-06
34 4 2.716820616634474e-06
37 4 -1.71867829210239e-06
40 4 6.216594425301954e-06
43 4 -8.512480968453112e-07
46 4 -3.408336771724627e-06
49 4 -8.941959780473037e-06
58 4 -1.86531295339679e-06
2 5 1.536613777788127e-06
5 5 1.158477406536513e-05
8 5 -2.900695908170964e-06
11 5 1.596196287483813e-06
14 5 -3.022114996542126e-06
35 5 2.716820616634474e-06
38 5 -1.71867829210239e-06
41 5 6.216594425301954e-06
44 5 -8.512480968453112e-07
47 5 -3.408336771724627e-06
50 5 -8.941959780473037e-06
59 5 -1.86531295339679e-06
3 6 1.536613777788127e-06
6 6 1.158477406536513e-05
9 6 -2.900695908170964e-06
12 6 1.596196287483813e-06
15 6 -3.022114996542126e-06
36 6 2.716820616634474e-06
39 6 -1.71867829210239e-06
42 6 6.216594425301954e-06
45 6 -8.512480968453112e-07
48 6 -3.408336771724627e-06
51 6 -8.941959780473037e-06
60 6 -1.86531295339679e-06
1 7 -2.905515295001579e-06
4 7 -2.900695908170964e-06
7 7 8.433994253072128e-06
34 7 -2.17310675228656e-06
37 7 2.886777304697701e-06
46 7 2.900003135614247e-06
2 8 -2.905515295001579e-06
5 8 -2.900695908170964e-06
8 8 8.433994253072128e-06
35 8 -2.17310675228656e-06
38 8 2.886777304697701e-06
47 8 2.900003135614247e-06
3 9 -2.905515295001579e-06
6 9 -2.900695908170964e-06
9 9 8.433994253072128e-06
36 9 -2.17310675228656e-06
39 9 2.886777304697701e-06
48 9 2.900003135614247e-06
4 10 1.596196287483813e-06
10 10 1.215775281126648e-05
13 10 -3.012823574083382e-06
16 10 1.693382565292133e-06
19 10 -3.212016991906267e-06
40 10 2.906284774122597e-06
49 10 -1.852044253541589e-06
52 10 6.507963137552592e-06
55 10 -1.012492393734478e-06
58 10 -3.759209376178104e-06
61 10 -9.826019741072711e-06
82 10 -2.104377077248241e-06
5 11 1.596196287483813e-06
11 11 1.215775281126648e-05
14 11 -3.012823574083382e-06
17 11 1.693382565292133e-06
20 11 -3.212016991906267e-06
41 11 2.906284774122597e-06
50 11 -1.852044253541589e-06
53 11 6.507963137552592e-06
56 11 -1.012492393734478e-06
59 11 -3.759209376178104e-06
62 11 -9.826019741072711e-06
83 11 -2.104377077248241e-06
6 12 1.596196287483813e-06
12 12 1.215775281126648e-05
15 12 -3.012823574083382e-06
18 12 1.693382565292133e-06
21 12 -3.212016991906267e-06
42 12 2.906284774122597e-06
51 12 -1.852044253541589e-06
54 12 6.507963137552592e-06
57 12 -1.012492393734478e-06
60 12 -3.759209376178104e-06
63 12 -9.826019741072711e-06
84 12 -2.104377077248241e-06
4 13 -3.022114996542126e-06
10 13 -3.012823574083382e-06
13 13 8.770484244191765e-06
40 13 -2.305433486026152e-06
49 13 3.112409734270268e-06
58 13 3.138947133980675e-06
5 14 -3.022114996542126e-06
11 14 -3.012823574083382e-06
14 14 8.770484244191765e-06
41 14 -2.305433486026152e-06
50 14 3.112409734270268e-06
59 14 3.138947133980675e-06
6 15 -3.022114996542126e-06
12 15 -3.012823574083382e-06
15 15 8.770484244191765e-06
42 15 -2.305433486026152e-06
51 15 3.112409734270268e-06
60 15 3.138947133980675e-06
10 16 1.693382565292133e-06
16 16 1.304762463310106e-05
19 16 -3.196759151714288e-06
22 16  1.8402929871779e-06
25 16 -3.500219721781962e-06
52 16 3.210895049040149e-06
61 16 -2.081490724182337e-06
76 16 6.892343092685939e-06
79 16 -1.313929989880925e-06
82 16 -4.369818366441014e-06
85 16 -1.124360159303347e-05
154 16 -2.493216094940007e-06
11 17 1.693382565292133e-06
17 17 1.304762463310106e-05
20 17 -3.196759151714288e-06
23 17  1.8402929871779e-06
26 17 -3.500219721781962e-06
53 17 3.210895049040149e-06
62 17 -2.081490724182337e-06
77 17 6.892343092685939e-06
80 17 -1.313929989880925e-06
83 17 -4.369818366441014e-06
86 17 -1.124360159303347e-05
155 17 -2.493216094940007e-06
12 18 1.693382565292133e-06
18 18 1.304762463310106e-05
21 18 -3.196759151714288e-06
24 18  1.8402929871779e-06
27 18 -3.500219721781962e-06
54 18 3.210895049040149e-06
63 18 -2.081490724182337e-06
78 18 6.892343092685939e-06
81 18 -1.313929989880925e-06
84 18 -4.369818366441014e-06
87 18 -1.124360159303347e-05
156 18 -2.493216094940007e-06
10 19 -3.212016991906267e-06
16 19 -3.196759151714288e-06
19 19 9.321296498631297e-06
52 19 -2.522316658374207e-06
61 19 3.50165705429713e-06
82 19 3.547429760428952e-06
11 20 -3.212016991906267e-06
17 20 -3.196759151714288e-06
20 20 9.321296498631297e-06
53 20 -2.522316658374207e-06
62 20 3.50165705429713e-06
83 20 3.547429760428952e-06
12 21 -3.212016991906267e-06
18 21 -3.196759151714288e-06
21 21 9.321296498631297e-06
54 21 -2.522316658374207e-06
63 21 3.50165705429713e-06
84 21 3.547429760428952e-06
16 22  1.8402929871779e-06
22 22 1.437489085954946e-05
25 22 -3.476609335947582e-06
76 22 3.662266609042397e-06
85 22 -2.454936697375986e-06
154 22 -5.402656427687668e-06
175 22 7.308650505634272e-06
178 22 -1.887335634095117e-06
181 22 -1.347545045386726e-05
184 22 2.058891375595143e-06
187 22 -3.934049423721577e-06
190 22 -3.135018365976972e-06
17 23  1.8402929871779e-06
23 23 1.437489085954946e-05
26 23 -3.476609335947582e-06
77 23 3.662266609042397e-06
86 23 -2.454936697375986e-06
155 23 -5.402656427687668e-06
176 23 7.308650505634272e-06
179 23 -1.887335634095117e-06
182 23 -1.347545045386726e-05
185 23 2.058891375595143e-06
188 23 -3.934049423721577e-06
191 23 -3.135018365976972e-06
18 24  1.8402929871779e-06
24 24 1.437489085954946e-05
27 24 -3.476609335947582e-06
78 24 3.662266609042397e-06
87 24 -2.454936697375986e-06
156 24 -5.402656427687668e-06
177 24 7.308650505634272e-06
180 24 -1.887335634095117e-06
183 24 -1.347545045386726e-05
186 24 2.058891375595143e-06
189 24 -3.934049423721577e-06
192 24 -3.135018365976972e-06
16 25 -3.500219721781962e-06
22 25 -3.476609335947582e-06
25 25 1.016185415137942e-05
76 25 -2.850775713244401e-06
85 25 4.138194917953488e-06
154 25 4.214753713081559e-06
17 26 -3.500219721781962e-06
23 26 -3.476609335947582e-06
26 26 1.016185415137942e-05
77 26 -2.850775713244401e-06
86 26 4.138194917953488e-06
155 26 4.214753713081559e-06
18 27 -3.500219721781962e-06
24 27 -3.476609335947582e-06
27 27 1.016185415137942e-05
78 27 -2.850775713244401e-06
87 27 4.138194917953488e-06
156 27 4.214753713081559e-06
1 28 -2.847349400139631e-06
28 28 8.270816231492096e-06
31 28 -2.848238334840802e-06
67 28 -2.109359875829179e-06
70 28 2.785563102294457e-06
73 28 2.78309681174285e-06
2 29 -2.847349400139631e-06
29 29 8.270816231492096e-06
32 29 -2.848238334840802e-06
68 29 -2.109359875829179e-06
71 29 2.785563102294457e-06
74 29 2.78309681174285e-06
3 30 -2.847349400139631e-06
30 30 8.270816231492096e-06
33 30 -2.848238334840802e-06
69 30 -2.109359875829179e-06
72 30 2.785563102294457e-06
75 30 2.78309681174285e-06
1 31 1.50791251903844e-06
28 31 -2.848238334840802e-06
31 31 7.414951978746065e-06
67 31 4.909163821463377e-06
70 31 -1.658587261541501e-06
73 31 -6.951400023986051e-06
2 32 1.50791251903844e-06
29 32 -2.848238334840802e-06
32 32 7.414951978746065e-06
68 32 4.909163821463377e-06
71 32 -1.658587261541501e-06
74 32 -6.951400023986051e-06
3 33 1.50791251903844e-06
30 33 -2.848238334840802e-06
33 33 7.414951978746065e-06
69 33 4.909163821463377e-06
72 33 -1.658587261541501e-06
75 33 -6.951400023986051e-06
1 34 6.033582518849171e-06
4 34 2.716820616634474e-06
7 34 -2.17310675228656e-06
34 34 2.735331352696852e-05
37 34 -1.053939943369228e-05
40 34 3.531229924157357e-06
43 34 -3.760468095859947e-06
46 34 -3.939407732410781e-06
49 34 -1.071037692928865e-06
64 34 -3.295905254547496e-06
67 34 3.220687542085044e-06
70 34 -9.779877159741921e-07
223 34 8.861147704498608e-07
226 34 -5.659713831298925e-07
235 34 -3.310210389093094e-08
253 34 -1.018400296834597e-08
256 34 1.128723286438214e-07
259 34 -5.867534113035556e-08
262 34 -1.899115286674383e-08
265 34 -3.186655734625541e-05
271 34 -4.108161427862401e-07
274 34 -4.104680062299295e-06
277 34 -1.578640417101293e-06
283 34 -4.840612621355606e-06
289 34 -1.852586059831371e-06
292 34 -2.111074634840533e-05
2 35 6.033582518849171e-06
5 35 2.716820616634474e-06
8 35 -2.17310675228656e-06
35 35 2.735331352696852e-05
38 35 -1.053939943369228e-05
41 35 3.531229924157357e-06
44 35 -3.760468095859947e-06
47 35 -3.939407732410781e-06
50 35 -1.071037692928865e-06
65 35 -3.295905254547496e-06
68 35 3.220687542085044e-06
71 35 -9.779877159741921e-07
224 35 8.861147704498608e-07
227 35 -5.659713831298925e-07
236 35 -3.310210389093094e-08
254 35 -1.018400296834597e-08
257 35 1.128723286438214e-07
260 35 -5.867534113035556e-08
263 35 -1.899115286674383e-08
266 35 -3.186655734625541e-05
272 35 -4.108161427862401e-07
275 35 -4.104680062299295e-06
278 35 -1.578640417101293e-06
284 35 -4.840612621355606e-06
290 35 -1.852586059831371e-06
293 35 -2.111074634840533e-05
3 36 6.033582518849171e-06
6 36 2.716820616634474e-06
9 36 -2.17310675228656e-06
36 36 2.735331352696852e-05
39 36 -1.053939943369228e-05
42 36 3.531229924157357e-06
45 36 -3.760468095859947e-06
48 36 -3.939407732410781e-06
51 36 -1.071037692928865e-06
66 36 -3.295905254547496e-06
69 36 3.220687542085044e-06
72 36 -9.779877159741921e-07
225 36 8.861147704498608e-07
228 36 -5.659713831298925e-07
237 36 -3.310210389093094e-08
255 36 -1.018400296834597e-08
258 36 1.128723286438214e-07
261 36 -5.867534113035556e-08
264 36 -1.899115286674383e-08
267 36 -3.186655734625541e-05
273 36 -4.108161427862401e-07
276 36 -4.104680062299295e-06
279 36 -1.578640417101293e-06
285 36 -4.840612621355606e-06
291 36 -1.852586059831371e-06
294 36 -2.111074634840533e-05
1 37 -8.441306157489462e-06
4 37 -1.71867829210239e-06
7 37 2.886777304697701e-06
34 37 -1.053939943369228e-05
37 37 2.10238710935492e-05
46 37 1.991146215245909e-06
64 37 8.846917962327786e-07
67 37 -9.808556829251948e-07
70 37 1.292550076170983e-06
2 38 -8.441306157489462e-06
5 38 -1.71867829210239e-06
8 38 2.886777304697701e-06
35 38 -1.053939943369228e-05
38 38 2.10238710935492e-05
47 38 1.991146215245909e-06
65 38 8.846917962327786e-07
68 38 -9.808556829251948e-07
71 38 1.292550076170983e-06
3 39 -8.441306157489462e-06
6 39 -1.71867829210239e-06
9 39 2.886777304697701e-06
36 39 -1.053939943369228e-05
39 39 2.10238710935492e-05
48 39 1.991146215245909e-06
66 39 8.846917962327786e-07
69 39 -9.808556829251948e-07
72 39 1.292550076170983e-06
4 40 6.216594425301954e-06
10 40 2.906284774122597e-06
13 40 -2.305433486026152e-06
34 40 3.531229924157357e-06
40 40 2.912993312960546e-05
43 40 -3.766573617309343e-06
46 40 -1.063790606568188e-06
49 40 -1.111734446326475e-05
52 40 4.125167462278196e-06
55 40 -4.75931536828197e-06
58 40 -4.365536748162272e-06
61 40 -1.253773614488936e-06
223 40 1.780666179944663e-07
226 40 -3.26742109964952e-08
229 40 1.353193052071376e-06
232 40 -1.937006534292946e-08
235 40 -1.037103760906774e-07
238 40 -9.926410127255014e-07
247 40 -7.768831902869983e-08
283 40 -3.479633402659345e-05
289 40 -6.417860071917455e-07
292 40 -4.779037090987628e-06
304 40 -2.338914083318724e-06
307 40 -6.283423172398736e-06
313 40 -2.913324448705836e-06
316 40 -2.45057023617196e-05
5 41 6.216594425301954e-06
11 41 2.906284774122597e-06
14 41 -2.305433486026152e-06
35 41 3.531229924157357e-06
41 41 2.912993312960546e-05
44 41 -3.766573617309343e-06
47 41 -1.063790606568188e-06
50 41 -1.111734446326475e-05
53 41 4.125167462278196e-06
56 41 -4.75931536828197e-06
59 41 -4.365536748162272e-06
62 41 -1.253773614488936e-06
224 41 1.780666179944663e-07
227 41 -3.26742109964952e-08
230 41 1.353193052071376e-06
233 41 -1.937006534292946e-08
236 41 -1.037103760906774e-07
239 41 -9.926410127255014e-07
248 41 -7.768831902869983e-08
284 41 -3.479633402659345e-05
290 41 -6.417860071917455e-07
293 41 -4.779037090987628e-06
305 41 -2.338914083318724e-06
308 41 -6.283423172398736e-06
314 41 -2.913324448705836e-06
317 41 -2.45057023617196e-05
6 42 6.216594425301954e-06
12 42 2.906284774122597e-06
15 42 -2.305433486026152e-06
36 42 3.531229924157357e-06
42 42 2.912993312960546e-05
45 42 -3.766573617309343e-06
48 42 -1.063790606568188e-06
51 42 -1.111734446326475e-05
54 42 4.125167462278196e-06
57 42 -4.75931536828197e-06
60 42 -4.365536748162272e-06
63 42 -1.253773614488936e-06
225 42 1.780666179944663e-07
228 42 -3.26742109964952e-08
231 42 1.353193052071376e-06
234 42 -1.937006534292946e-08
237 42 -1.037103760906774e-07
240 42 -9.926410127255014e-07
249 42 -7.768831902869983e-08
285 42 -3.479633402659345e-05
291 42 -6.417860071917455e-07
294 42 -4.779037090987628e-06
306 42 -2.338914083318724e-06
309 42 -6.283423172398736e-06
315 42 -2.913324448705836e-06
318 42 -2.45057023617196e-05
4 43 -8.512480968453112e-07
34 43 -3.760468095859947e-06
40 43 -3.766573617309343e-06
43 43 4.676055118403791e-06
46 43 9.868980411606786e-07
49 43 1.001392213882034e-06
223 43 -3.548158356040928e-08
226 43 1.802042455987839e-08
235 43 1.887621034875001e-08
283 43 5.044361473679241e-06
289 43 1.182911645539305e-07
292 43 4.921210412943282e-06
5 44 -8.512480968453112e-07
35 44 -3.760468095859947e-06
41 44 -3.766573617309343e-06
44 44 4.676055118403791e-06
47 44 9.868980411606786e-07
50 44 1.001392213882034e-06
224 44 -3.548158356040928e-08
227 44 1.802042455987839e-08
236 44 1.887621034875001e-08
284 44 5.044361473679241e-06
290 44 1.182911645539305e-07
293 44 4.921210412943282e-06
6 45 -8.512480968453112e-07
36 45 -3.760468095859947e-06
42 45 -3.766573617309343e-06
45 45 4.676055118403791e-06
48 45 9.868980411606786e-07
51 45 1.001392213882034e-06
225 45 -3.548158356040928e-08
228 45 1.802042455987839e-08
237 45 1.887621034875001e-08
285 45 5.044361473679241e-06
291 45 1.182911645539305e-07
294 45 4.921210412943282e-06
1 46 -1.725291207560666e-06
4 46 -3.408336771724627e-06
7 46 2.900003135614247e-06
34 46 -3.939407732410781e-06
37 46 1.991146215245909e-06
40 46 -1.063790606568188e-06
43 46 9.868980411606786e-07
46 46 6.827286631127805e-06
49 46 1.426477233327786e-06
2 47 -1.725291207560666e-06
5 47 -3.408336771724627e-06
8 47 2.900003135614247e-06
35 47 -3.939407732410781e-06
38 47 1.991146215245909e-06
41 47 -1.063790606568188e-06
44 47 9.868980411606786e-07
47 47 6.827286631127805e-06
50 47 1.426477233327786e-06
3 48 -1.725291207560666e-06
6 48 -3.408336771724627e-06
9 48 2.900003135614247e-06
36 48 -3.939407732410781e-06
39 48 1.991146215245909e-06
42 48 -1.063790606568188e-06
45 48 9.868980411606786e-07
48 48 6.827286631127805e-06
51 48 1.426477233327786e-06
4 49 -8.941959780473037e-06
10 49 -1.852044253541589e-06
13 49 3.112409734270268e-06
34 49 -1.071037692928865e-06
40 49 -1.111734446326475e-05
43 49 1.001392213882034e-06
46 49 1.426477233327786e-06
49 49 2.29131347151466e-05
58 49 2.232168669011582e-06
5 50 -8.941959780473037e-06
11 50 -1.852044253541589e-06
14 50 3.112409734270268e-06
35 50 -1.071037692928865e-06
41 50 -1.111734446326475e-05
44 50 1.001392213882034e-06
47 50 1.426477233327786e-06
50 50 2.29131347151466e-05
59 50 2.232168669011582e-06
6 51 -8.941959780473037e-06
12 51 -1.852044253541589e-06
15 51 3.112409734270268e-06
36 51 -1.071037692928865e-06
42 51 -1.111734446326475e-05
45 51 1.001392213882034e-06
48 51 1.426477233327786e-06
51 51 2.29131347151466e-05
60 51 2.232168669011582e-06
10 52 6.507963137552592e-06
16 52 3.210895049040149e-06
19 52 -2.522316658374207e-06
40 52 4.125167462278196e-06
52 52 3.203942217591701e-05
55 52 -4.754167561204343e-06
58 52 -1.238888562476548e-06
61 52 -1.208224253274273e-05
76 52 5.044536161244949e-06
79 52 -6.61558438942188e-06
82 52 -5.08242910339193e-06
85 52 -1.584075119245971e-06
229 52 3.538797731468072e-07
238 52 -7.583896680677284e-08
241 52 2.301205163261592e-06
244 52 -5.144524331553698e-08
247 52 -2.449839734966288e-07
250 52 -2.045539466405999e-06
307 52 -3.914858885070239e-05
313 52 -1.25602204026887e-06
316 52 -6.143672690617365e-06
328 52 -2.189519499858869e-07
331 52 -3.944980292598706e-06
340 52 -5.064155816784654e-06
343 52 -2.915622003924924e-05
11 53 6.507963137552592e-06
17 53 3.210895049040149e-06
20 53 -2.522316658374207e-06
41 53 4.125167462278196e-06
53 53 3.203942217591701e-05
56 53 -4.754167561204343e-06
59 53 -1.238888562476548e-06
62 53 -1.208224253274273e-05
77 53 5.044536161244949e-06
80 53 -6.61558438942188e-06
83 53 -5.08242910339193e-06
86 53 -1.584075119245971e-06
230 53 3.538797731468072e-07
239 53 -7.583896680677284e-08
242 53 2.301205163261592e-06
245 53 -5.144524331553698e-08
248 53 -2.449839734966288e-07
251 53 -2.045539466405999e-06
308 53 -3.914858885070239e-05
314 53 -1.25602204026887e-06
317 53 -6.143672690617365e-06
329 53 -2.189519499858869e-07
332 53 -3.944980292598706e-06
341 53 -5.064155816784654e-06
344 53 -2.915622003924924e-05
12 54 6.507963137552592e-06
18 54 3.210895049040149e-06
21 54 -2.522316658374207e-06
42 54 4.125167462278196e-06
54 54  3.2039422175917e-05
57 54 -4.754167561204343e-06
60 54 -1.238888562476548e-06
63 54 -1.208224253274273e-05
78 54 5.044536161244949e-06
81 54 -6.61558438942188e-06
84 54 -5.08242910339193e-06
87 54 -1.584075119245971e-06
231 54 3.538797731468072e-07
240 54 -7.583896680677284e-08
243 54 2.301205163261592e-06
246 54 -5.144524331553698e-08
249 54 -2.449839734966288e-07
252 54 -2.045539466405999e-06
309 54 -3.914858885070239e-05
315 54 -1.25602204026887e-06
318 54 -6.143672690617365e-06
330 54 -2.189519499858869e-07
333 54 -3.944980292598706e-06
342 54 -5.064155816784654e-06
345 54 -2.915622003924924e-05
10 55 -1.012492393734478e-06
40 55 -4.75931536828197e-06
52 55 -4.754167561204343e-06
55 55 6.529515581356727e-06
58 55 1.221677990593776e-06
61 55 1.25144809461856e-06
229 55 -8.347683255880733e-08
238 55 4.978967125729787e-08
247 55 5.348837570115153e-08
307 55 7.277999623853517e-06
313 55 2.688419274738622e-07
316 55 6.998498660290754e-06
11 56 -1.012492393734478e-06
41 56 -4.75931536828197e-06
53 56 -4.754167561204343e-06
56 56 6.529515581356727e-06
59 56 1.221677990593776e-06
62 56 1.25144809461856e-06
230 56 -8.347683255880733e-08
239 56 4.978967125729787e-08
248 56 5.348837570115153e-08
308 56 7.277999623853517e-06
314 56 2.688419274738622e-07
317 56 6.998498660290754e-06
12 57 -1.012492393734478e-06
42 57 -4.75931536828197e-06
54 57 -4.754167561204343e-06
57 57 6.529515581356727e-06
60 57 1.221677990593776e-06
63 57 1.25144809461856e-06
231 57 -8.347683255880733e-08
240 57 4.978967125729787e-08
249 57 5.348837570115153e-08
309 57 7.277999623853517e-06
315 57 2.688419274738622e-07
318 57 6.998498660290754e-06
4 58 -1.86531295339679e-06
10 58 -3.759209376178104e-06
13 58 3.138947133980675e-06
40 58 -4.365536748162272e-06
49 58 2.232168669011582e-06
52 58 -1.238888562476548e-06
55 58 1.221677990593776e-06
58 58 7.861066482306132e-06
61 58 1.704240432102697e-06
5 59 -1.86531295339679e-06
11 59 -3.759209376178104e-06
14 59 3.138947133980675e-06
41 59 -4.365536748162272e-06
50 59 2.232168669011582e-06
53 59 -1.238888562476548e-06
56 59 1.221677990593776e-06
59 59 7.861066482306132e-06
62 59 1.704240432102697e-06
6 60 -1.86531295339679e-06
12 60 -3.759209376178104e-06
15 60 3.138947133980675e-06
42 60 -4.365536748162272e-06
51 60 2.232168669011582e-06
54 60 -1.238888562476548e-06
57 60 1.221677990593776e-06
60 60 7.861066482306132e-06
63 60 1.704240432102697e-06
10 61 -9.826019741072711e-06
16 61 -2.081490724182337e-06
19 61 3.50165705429713e-06
40 61 -1.253773614488936e-06
52 61 -1.208224253274273e-05
55 61 1.25144809461856e-06
58 61 1.704240432102697e-06
61 61 2.638925677502247e-05
82 61 2.665777892045194e-06
11 62 -9.826019741072711e-06
17 62 -2.081490724182337e-06
20 62 3.50165705429713e-06
41 62 -1.253773614488936e-06
53 62 -1.208224253274273e-05
56 62 1.25144809461856e-06
59 62 1.704240432102697e-06
62 62 2.638925677502247e-05
83 62 2.665777892045194e-06
12 63 -9.826019741072711e-06
18 63 -2.081490724182337e-06
21 63 3.50165705429713e-06
42 63 -1.253773614488936e-06
54 63 -1.208224253274273e-05
57 63 1.25144809461856e-06
60 63 1.704240432102697e-06
63 63 2.638925677502247e-05
84 63 2.665777892045194e-06
1 64 -7.740585760050922e-07
34 64 -3.295905254547496e-06
37 64 8.846917962327786e-07
64 64 3.890575795320033e-06
67 64 -3.292009494569929e-06
70 64 8.789558623307741e-07
256 64 -2.042821989982737e-08
259 64 9.624351892253272e-09
262 64 9.427185411239696e-09
265 64 4.052568699538271e-06
271 64 6.941156012190268e-08
274 64 4.009058837973422e-06
2 65 -7.740585760050922e-07
35 65 -3.295905254547496e-06
38 65 8.846917962327786e-07
65 65 3.890575795320033e-06
68 65 -3.292009494569929e-06
71 65 8.789558623307741e-07
257 65 -2.042821989982737e-08
260 65 9.624351892253272e-09
263 65 9.427185411239696e-09
266 65 4.052568699538271e-06
272 65 6.941156012190268e-08
275 65 4.009058837973422e-06
3 66 -7.740585760050922e-07
36 66 -3.295905254547496e-06
39 66 8.846917962327786e-07
66 66 3.890575795320033e-06
69 66 -3.292009494569929e-06
72 66 8.789558623307741e-07
258 66 -2.042821989982737e-08
261 66 9.624351892253272e-09
264 66 9.427185411239696e-09
267 66 4.052568699538271e-06
273 66 6.941156012190268e-08
276 66 4.009058837973422e-06
1 67 2.621099266040888e-06
28 67 -2.109359875829179e-06
31 67 4.909163821463377e-06
34 67 3.220687542085044e-06
37 67 -9.808556829251948e-07
64 67 -3.292009494569929e-06
67 67 2.244457418165363e-05
70 67 -3.729006741249803e-06
73 67 -8.822371681204102e-06
256 67 6.673118757658418e-07
259 67 -1.908973610725061e-08
262 67 -4.017782521724596e-07
265 67 -4.126434993081736e-06
271 67 -1.423296477225748e-06
274 67 -1.933271479834145e-05
358 67 -1.166854334972542e-06
361 67 -2.437964678705244e-05
2 68 2.621099266040888e-06
29 68 -2.109359875829179e-06
32 68 4.909163821463377e-06
35 68 3.220687542085044e-06
38 68 -9.808556829251948e-07
65 68 -3.292009494569929e-06
68 68 2.244457418165363e-05
71 68 -3.729006741249803e-06
74 68 -8.822371681204102e-06
257 68 6.673118757658418e-07
260 68 -1.908973610725061e-08
263 68 -4.017782521724596e-07
266 68 -4.126434993081736e-06
272 68 -1.423296477225748e-06
275 68 -1.933271479834145e-05
359 68 -1.166854334972542e-06
362 68 -2.437964678705244e-05
3 69 2.621099266040888e-06
30 69 -2.109359875829179e-06
33 69 4.909163821463377e-06
36 69 3.220687542085044e-06
39 69 -9.808556829251948e-07
66 69 -3.292009494569929e-06
69 69 2.244457418165363e-05
72 69 -3.729006741249803e-06
75 69 -8.822371681204102e-06
258 69 6.673118757658418e-07
261 69 -1.908973610725061e-08
264 69 -4.017782521724596e-07
267 69 -4.126434993081736e-06
273 69 -1.423296477225748e-06
276 69 -1.933271479834145e-05
360 69 -1.166854334972542e-06
363 69 -2.437964678705244e-05
1 70 -3.239072174578192e-06
28 70 2.785563102294457e-06
31 70 -1.658587261541501e-06
34 70 -9.779877159741921e-07
37 70 1.292550076170983e-06
64 70 8.789558623307741e-07
67 70 -3.729006741249803e-06
70 70 6.338783201705837e-06
73 70 1.881551583167485e-06
2 71 -3.239072174578192e-06
29 71 2.785563102294457e-06
32 71 -1.658587261541501e-06
35 71 -9.779877159741921e-07
38 71 1.292550076170983e-06
65 71 8.789558623307741e-07
68 71 -3.729006741249803e-06
71 71 6.338783201705837e-06
74 71 1.881551583167485e-06
3 72 -3.239072174578192e-06
30 72 2.785563102294457e-06
33 72 -1.658587261541501e-06
36 72 -9.779877159741921e-07
39 72 1.292550076170983e-06
66 72 8.789558623307741e-07
69 72 -3.729006741249803e-06
72 72 6.338783201705837e-06
75 72 1.881551583167485e-06
1 73 -1.657354116265695e-06
28 73 2.78309681174285e-06
31 73 -6.951400023986051e-06
67 73 -8.822371681204102e-06
70 73 1.881551583167485e-06
73 73 1.778959523137728e-05
2 74 -1.657354116265695e-06
29 74 2.78309681174285e-06
32 74 -6.951400023986051e-06
68 74 -8.822371681204102e-06
71 74 1.881551583167485e-06
74 74 1.778959523137728e-05
3 75 -1.657354116265695e-06
30 75 2.78309681174285e-06
33 75 -6.951400023986051e-06
69 75 -8.822371681204102e-06
72 75 1.881551583167485e-06
75 75 1.778959523137728e-05
16 76 6.892343092685939e-06
22 76 3.662266609042397e-06
25 76 -2.850775713244401e-06
52 76 5.044536161244949e-06
76 76 3.677497415969899e-05
79 76 -6.537467675148134e-06
82 76 -1.552934696605207e-06
85 76 -1.346250187315701e-05
154 76 -6.217471065240159e-06
175 76 6.236820791276268e-06
178 76 -9.874015171869085e-06
181 76 -2.183015903323468e-06
241 76 7.924346031888173e-07
250 76 -2.101483422443259e-07
328 76 -6.806137886246728e-07
340 76 -2.758832718862815e-06
343 76 -8.441559634422885e-06
373 76 3.959665276063474e-06
376 76 -1.694306099804489e-07
379 76 -4.466474177385529e-06
382 76 -6.728012299756719e-07
385 76 -6.951585702114447e-06
17 77 6.892343092685939e-06
23 77 3.662266609042397e-06
26 77 -2.850775713244401e-06
53 77 5.044536161244949e-06
77 77 3.677497415969899e-05
80 77 -6.537467675148134e-06
83 77 -1.552934696605207e-06
86 77 -1.346250187315701e-05
155 77 -6.217471065240159e-06
176 77 6.236820791276268e-06
179 77 -9.874015171869085e-06
182 77 -2.183015903323468e-06
242 77 7.924346031888173e-07
251 77 -2.101483422443259e-07
329 77 -6.806137886246728e-07
341 77 -2.758832718862815e-06
344 77 -8.441559634422885e-06
374 77 3.959665276063474e-06
377 77 -1.694306099804489e-07
380 77 -4.466474177385529e-06
383 77 -6.728012299756719e-07
386 77 -6.951585702114447e-06
18 78 6.892343092685939e-06
24 78 3.662266609042397e-06
27 78 -2.850775713244401e-06
54 78 5.044536161244949e-06
78 78 3.677497415969899e-05
81 78 -6.537467675148134e-06
84 78 -1.552934696605207e-06
87 78 -1.346250187315701e-05
156 78 -6.217471065240159e-06
177 78 6.236820791276268e-06
180 78 -9.874015171869085e-06
183 78 -2.183015903323468e-06
243 78 7.924346031888173e-07
252 78 -2.101483422443259e-07
330 78 -6.806137886246728e-07
342 78 -2.758832718862815e-06
345 78 -8.441559634422885e-06
375 78 3.959665276063474e-06
378 78 -1.694306099804489e-07
381 78 -4.466474177385529e-06
384 78 -6.728012299756719e-07
387 78 -6.951585702114447e-06
16 79 -1.313929989880925e-06
52 79 -6.61558438942188e-06
76 79 -6.537467675148134e-06
79 79 1.062875982612151e-05
82 79 1.684926619309473e-06
85 79 1.747207464591003e-06
241 79 -2.352247235901781e-07
250 79 1.730778090032642e-07
328 79 1.906850244863859e-07
340 79 7.176683226657443e-07
343 79 1.118341379736573e-05
17 80 -1.313929989880925e-06
53 80 -6.61558438942188e-06
77 80 -6.537467675148134e-06
80 80 1.062875982612151e-05
83 80 1.684926619309473e-06
86 80 1.747207464591003e-06
242 80 -2.352247235901781e-07
251 80 1.730778090032642e-07
329 80 1.906850244863859e-07
341 80 7.176683226657443e-07
344 80 1.118341379736573e-05
18 81 -1.313929989880925e-06
54 81 -6.61558438942188e-06
78 81 -6.537467675148134e-06
81 81 1.062875982612151e-05
84 81 1.684926619309473e-06
87 81 1.747207464591003e-06
243 81 -2.352247235901781e-07
252 81 1.730778090032642e-07
330 81 1.906850244863859e-07
342 81 7.176683226657443e-07
345 81 1.118341379736573e-05
10 82 -2.104377077248241e-06
16 82 -4.369818366441014e-06
19 82 3.547429760428952e-06
52 82 -5.08242910339193e-06
61 82 2.665777892045194e-06
76 82 -1.552934696605207e-06
79 82 1.684926619309473e-06
82 82 9.751845773334118e-06
85 82 2.225216878039564e-06
11 83 -2.104377077248241e-06
17 83 -4.369818366441014e-06
20 83 3.547429760428952e-06
53 83 -5.08242910339193e-06
62 83 2.665777892045194e-06
77 83 -1.552934696605207e-06
80 83 1.684926619309473e-06
83 83 9.751845773334118e-06
86 83 2.225216878039564e-06
12 84 -2.104377077248241e-06
18 84 -4.369818366441014e-06
21 84 3.547429760428952e-06
54 84 -5.08242910339193e-06
63 84 2.665777892045194e-06
78 84 -1.552934696605207e-06
81 84 1.684926619309473e-06
84 84 9.751845773334118e-06
87 84 2.225216878039564e-06
16 85 -1.124360159303347e-05
22 85 -2.454936697375986e-06
25 85 4.138194917953488e-06
52 85 -1.584075119245971e-06
76 85 -1.346250187315701e-05
79 85 1.747207464591003e-06
82 85 2.225216878039564e-06
85 85 3.23140938033041e-05
154 85 3.423075681344704e-06
17 86 -1.124360159303347e-05
23 86 -2.454936697375986e-06
26 86 4.138194917953488e-06
53 86 -1.584075119245971e-06
77 86 -1.346250187315701e-05
80 86 1.747207464591003e-06
83 86 2.225216878039564e-06
86 86 3.23140938033041e-05
155 86 3.423075681344704e-06
18 87 -1.124360159303347e-05
24 87 -2.454936697375986e-06
27 87 4.138194917953488e-06
54 87 -1.584075119245971e-06
78 87 -1.346250187315701e-05
81 87 1.747207464591003e-06
84 87 2.225216878039564e-06
87 87 3.23140938033041e-05
156 87 3.423075681344704e-06
88 88   0.1466284146551047
89 88 -0.009770240337782362
90 88 0.0009857327036634253
91 88 -0.02888348138674428
92 88 0.001423451641894614
93 88 -0.002241517036737189
94 88  0.01134706760257998
95 88 -0.02808115849768566
96 88  0.02078062229916522
97 88 -0.0002495084017059081
98 88 0.007979573410296146
99 88 0.001615444829063238
100 88 -0.03289410513280114
101 88  0.01413146087059133
102 88   0.0318224653509805
106 88 0.005925254916176171
107 88 -0.00344694737718145
109 88 -0.01708541277768572
110 88  0.01376380934053269
111 88 -0.002560232061574398
112 88  -0.0169245097793453
113 88 0.001976555214047819
114 88 0.000572196671003604
115 88 0.002537724915083045
116 88 0.002023495735286841
117 88 0.001988035390570791
88 89 -0.009770240337782362
89 89   0.1738963885648565
90 89 -0.03369871499564959
91 89 0.0009489677612630741
92 89 -0.04364035081095635
93 89  0.01085754352599006
94 89 -0.02537041684037061
95 89  0.01134706760257998
96 89  0.01975451283953604
97 89  0.01196936011544422
98 89 -0.02019844192744628
99 89  0.01278647683627259
100 89  0.01267772069298839
101 89   0.0384110807218287
102 89 -0.02537062756768639
106 89 -0.002297964918120958
107 89  0.02073839220661667
108 89 -0.003627289998055222
109 89   0.0124138637175398
110 89 -0.04488867929261901
111 89 0.005861183298413097
112 89 -0.00192028734781945
113 89 -0.06774546950305325
114 89  0.02092331431025544
115 89 0.001348997156857894
116 89 0.002481457048854686
117 89 -0.007154873493298914
88 90 0.0009857327036634253
89 90 -0.03369871499564959
90 90   0.2648945787616815
91 90 -0.001494344691158123
92 90  0.01136651235767819
93 90 -0.08633531542939324
94 90  0.01250754417522411
95 90   0.0138692160344761
96 90  0.03971473660902987
97 90  0.00242316724359485
98 90  0.00717811386662905
99 90  0.01907565411976969
100 90  0.02088639933276587
101 90 -0.02249761193525379
102 90  0.03460234480199799
107 90 -0.005440934997082834
108 90 0.005925254916176171
109 90 -0.003840348092361594
110 90 0.008791774947619702
111 90 -0.01377202046006774
112 90 0.002514991165314401
113 90   0.0265279852296062
114 90 -0.02663848225089922
115 90 0.001325356927047196
116 90 -0.005875324004171412
117 90 0.008938305069019062
88 91 -0.02888348138674428
89 91 0.0009489677612630741
90 91 -0.001494344691158123
91 91  0.05821645755842677
92 91 -0.003851811562508038
94 91 -0.08693412190733879
95 91 0.002423167074598354
96 91 0.002977578692722085
97 91 -0.01649553547367947
98 91  -0.0009539225733524
99 91 -0.001966905424639286
100 91 -0.07796946810214048
101 91  0.01002937583478027
102 91 0.003645023851606101
106 91 -0.002761531211825295
107 91  0.00142939169371247
109 91  0.01216572876306322
110 91 -0.009736551322049414
111 91 0.003831128366670203
112 91 0.008170746233360615
113 91 0.002267998463675825
114 91 -0.002267998463675826
115 91 -0.007822129102270359
116 91 0.001923781845788606
211 91 -0.002044711044592336
212 91 -0.0004729190363745577
214 91   0.0124270178087565
215 91 -0.002808744601372932
217 91 0.005965758747805704
218 91 -0.002348431606186597
220 91 -0.00275492000556426
221 91 0.0009688629796154475
268 91 -0.003694465778343952
269 91 0.001539184039493927
270 91 0.0005345268572388272
280 91 -0.03039175272977586
281 91 0.002296651902878191
282 91 -0.002150679160447978
298 91 0.005151949084491824
299 91 -0.003299055568253656
300 91 -0.001563129902994378
355 91 0.008045587187227357
356 91 -2.639684287325406e-05
357 91 -0.003421711951652745
365 91 -0.001499682985143406
366 91 0.001022418776321044
367 91 -0.009660307006153132
368 91 0.001483592304457357
369 91 -0.001010673268082799
370 91 0.001614719818925775
371 91 -0.0004915987707930856
88 92 0.001423451641894614
89 92 -0.04364035081095635
90 92  0.01136651235767819
91 92 -0.003851811562508038
92 92  0.05861388023481862
93 92 -0.007819085296074333
94 92 0.002410380194192575
95 92 -0.07856969913937496
96 92 0.001254755484456885
97 92 -0.001430883860028603
98 92  -0.0314099323431937
99 92 0.003397789284667889
100 92  0.01004464012123071
101 92 -0.07317342081695022
102 92   0.0167399222212717
106 92 0.0009529277958083134
107 92 -0.009665359241388565
108 92 0.001808603416016983
109 92 -0.008381032934429454
110 92  0.04258005067072126
111 92 -0.008749823427141871
112 92 0.003401997695513728
113 92  0.02292761565757268
114 92 -0.009304745465198567
115 92 0.002150926732189282
116 92 -0.009983981426298845
117 92 0.004721028397926457
211 92 -0.0007093785545618366
212 92 -0.007156488656073185
213 92 -0.001430883860028603
214 92 -0.004213116902059376
215 92  0.04349456233064775
216 92 -0.009220080829596437
217 92 -0.003522647409279914
218 92  0.02088015561731994
219 92 -0.00542599071242866
220 92 0.001453294469423171
221 92 -0.009642220019474929
222 92 0.002679085538923231
268 92 0.001434763043245647
269 92 -0.00105556165095542
270 92 -0.0007355526304494448
280 92 0.002406398105838448
281 92 -0.01351971999334468
282 92 0.0006814346592020232
298 92 -0.003067775880499315
299 92 0.006308347523263523
300 92 0.001563129902994378
355 92 -1.759789524883814e-05
356 92 0.002298739196350685
364 92 -0.001397508830780905
366 92 0.0007158963132335423
367 92 0.001383160733283705
368 92 -0.007950258562590894
369 92 -0.0007093785545618364
370 92 -0.0007373981561896287
371 92 0.005651519366240209
372 92 -0.001684681572199035
88 93 -0.002241517036737189
89 93  0.01085754352599006
90 93 -0.08633531542939324
92 93 -0.007819085296074335
93 93  0.07536114383640083
94 93 0.003624140315680796
95 93 0.001290984431217133
96 93 -0.09575802934944658
97 93 -0.002950358136958927
98 93 0.003904280710311325
99 93 -0.04281997728836374
100 93 0.003675303143702511
101 93  0.01669437864272484
102 93 -0.08403215508201697
107 93 0.002712905124025483
108 93 -0.002761531211825295
109 93 0.004444084297509982
110 93  -0.0118221268882175
111 93  0.01216572876306322
112 93 -0.003401997695513729
113 93 -0.01112212011820305
114 93  0.01384074239255023
116 93 0.004246544517294936
117 93 -0.01088690875646931
212 93 -0.0009539225733523999
213 93 -0.002044711044592336
215 93 -0.006146720553064295
216 93   0.0124270178087565
218 93 -0.00361732714161908
219 93 0.005965758747805704
221 93 0.001786057025948813
222 93 -0.00275492000556426
268 93 0.0003563512381592174
269 93 -0.0004903684202996284
270 93 -0.00105556165095542
280 93 -0.001433786106965322
281 93 0.0004542897728013498
282 93 -0.009758105049582338
298 93 -0.001042086601996252
299 93 0.001042086601996252
300 93 0.002546732579501187
355 93 -0.002281141301101829
357 93 0.002298739196350685
364 93 0.0006816125175473627
365 93 0.0004772642088223619
367 93 -0.0006737821787218685
368 93 -0.0004729190363745576
369 93 -0.00391345901527646
371 93 -0.001123121048132688
372 93 0.001614719818925775
88 94  0.01134706760257998
89 94 -0.02537041684037061
90 94  0.01250754417522411
91 94 -0.08693412190733879
92 94 0.002410380194192575
93 94 0.003624140315680796
94 94   0.4301506879218372
95 94 -0.04585203480885248
96 94 -0.04552071901384271
97 94 -0.006109196513543921
98 94  0.01273453564031604
99 94 0.002380636124719276
100 94  0.06547313082943752
101 94  0.01925603366614732
102 94 -0.03229212506030793
211 94 2.036379757062988e-05
212 94 0.006272019721321266
213 94 -0.005466295401535253
214 94 -0.04780886747997073
215 94  0.02673692006329895
216 94 -0.01433922294414464
217 94 -0.01750849599944147
218 94  0.01277802304985929
219 94 -0.003911451448483053
220 94  0.01240665401118589
221 94 -0.008660422540651046
222 94 0.004631456876247645
268 94  0.03975658795554447
269 94 -0.01097375355776622
270 94 -0.01097701715703556
280 94  0.01544816625025272
281 94   0.0111280778427013
282 94  0.01788965784398234
355 94 -0.02745029734138572
356 94 6.016223783086854e-05
357 94  0.01247151861275944
364 94 0.002025005811612536
365 94  0.01091645513817688
366 94 -0.008035213122592724
367 94  0.02860732897099572
368 94 -0.01258678323883409
369 94 0.008355066005320813
370 94 -0.006282251683784025
371 94 0.001433864203028452
372 94 -0.0002861405542092124
88 95 -0.02808115849768566
89 95  0.01134706760257998
90 95   0.0138692160344761
91 95 0.002423167074598354
92 95 -0.07856969913937496
93 95 0.001290984431217132
94 95 -0.04585203480885248
95 95   0.4241654237507715
96 95 -0.04780031779785221
97 95  0.01412847222900101
98 95  0.05237402042415905
99 95 -0.02275984982368497
100 95   0.0144162057979801
101 95  -0.0360063244089563
102 95 0.004916185953595853
211 95 0.007672526231149199
212 95 7.127329149720006e-05
213 95  0.01079485720266786
214 95  0.03164720739176288
215 95  -0.1846271956800921
216 95   0.0428453557113251
217 95  0.01416589904339176
218 95 -0.04560540207909366
219 95 0.008783064218710761
220 95 -0.01006272724345338
221 95  0.04342328903915051
222 95 -0.01200754802256385
268 95 -0.01040767457047178
269 95  0.01135902513015553
270 95 0.006767336338745033
280 95 0.009694310481958577
281 95 0.004413761785786494
282 95 -0.01417948953172543
355 95 4.01081585539007e-05
356 95 -0.008790965464624845
357 95 -8.849010613299381e-06
364 95  0.01037186213928023
365 95 0.002025005811612536
366 95 -0.006762783055494074
367 95 -0.01188236857615773
368 95  0.02403180072245183
369 95 0.007204729680190398
370 95 0.002150796304542681
371 95   -0.020366055312001
372 95 0.007234356659093956
88 96  0.02078062229916522
89 96  0.01975451283953604
90 96  0.03971473660902987
91 96 0.002977578692722085
92 96 0.001254755484456885
93 96 -0.09575802934944658
94 96 -0.04552071901384271
95 96 -0.04780031779785221
96 96   0.4480157874821476
97 96  0.01209545956636484
98 96 -0.02568160203234194
99 96  0.06810178574989906
100 96 -0.03397034288922116
101 96  0.01571971681807973
102 96  0.06973305493835355
211 96 -0.004722347093808923
212 96 0.007734113100816281
213 96 2.036379757062988e-05
214 96 -0.01305066171303144
215 96  0.03205475022448529
216 96 -0.04967022721405021
217 96 -0.002607634298988696
218 96 0.005855376145807161
219 96 -0.01402531068411886
220 96 0.004019278746848275
221 96 -0.008936672844392399
222 96  0.01240665401118589
268 96 -0.008319700089036399
269 96 0.005513246210176067
270 96  0.01135902513015553
280 96  0.01236664206473275
281 96 -0.01099922378482848
282 96 0.004413761785786494
355 96 0.009427747178951092
356 96 -1.327351591995185e-05
357 96 -0.01210904724942593
364 96 -0.006049999115903997
365 96 -0.005502836512497663
366 96 0.007087520340643896
367 96 0.005534792725887831
368 96 0.005570324894883067
369 96 0.002074854324844114
370 96 -0.0004292108313138184
371 96 0.005601963428318017
372 96 -0.007904077265027114
88 97 -0.0002495084017059081
89 97  0.01196936011544422
90 97  0.00242316724359485
91 97 -0.01649553547367947
92 97 -0.001430883860028603
93 97 -0.002950358136958927
94 97 -0.006109196513543921
95 97  0.01412847222900101
96 97  0.01209545956636484
97 97   0.1023223461367343
98 97 -0.009946662462946133
99 97  0.01704901075857177
211 97 -0.002777120256083344
212 97 -0.002082604020999231
213 97 0.004172515210192758
214 97 -0.02427503416198979
215 97 -0.01415527221965209
216 97   0.0115430813699516
217 97 -0.01695943359029365
218 97 -0.001995897661847029
219 97 0.002518177322354028
