%%MatrixMarket matrix coordinate real general
1803 1803 40083
1 1 7.96025958507297e-06
4 1 2.091857048153234e-07
7 1 -3.232479236969779e-08
10 1 2.505626341475847e-07
13 1 -1.953408341885599e-07
16 1 -2.012456931737298e-07
19 1 5.876781545020018e-07
22 1 -4.688214415726811e-07
25 1 -2.669441759796738e-07
28 1 -6.36189991481907e-08
31 1 2.916284773316036e-07
37 1 -1.878086815338986e-06
40 1 -1.015717392930608e-06
49 1 -1.033442467108948e-05
52 1 5.716979115832755e-06
64 1 -7.063864924071288e-06
67 1 -1.797492597627063e-07
70 1 -7.355929724460186e-07
73 1 -8.007801683408356e-07
76 1 -3.573874559661563e-08
2 2 7.96025958507297e-06
5 2 2.091857048153234e-07
8 2 -3.232479236969779e-08
11 2 2.505626341475847e-07
14 2 -1.953408341885599e-07
17 2 -2.012456931737298e-07
20 2 5.876781545020018e-07
23 2 -4.688214415726811e-07
26 2 -2.669441759796738e-07
29 2 -6.36189991481907e-08
32 2 2.916284773316036e-07
38 2 -1.878086815338986e-06
41 2 -1.015717392930608e-06
50 2 -1.033442467108948e-05
53 2 5.716979115832755e-06
65 2 -7.063864924071288e-06
68 2 -1.797492597627063e-07
71 2 -7.355929724460186e-07
74 2 -8.007801683408356e-07
77 2 -3.573874559661563e-08
3 3 7.96025958507297e-06
6 3 2.091857048153234e-07
9 3 -3.232479236969779e-08
12 3 2.505626341475847e-07
15 3 -1.953408341885599e-07
18 3 -2.012456931737298e-07
21 3 5.876781545020018e-07
24 3 -4.688214415726811e-07
27 3 -2.669441759796738e-07
30 3 -6.36189991481907e-08
33 3 2.916284773316036e-07
39 3 -1.878086815338986e-06
42 3 -1.015717392930608e-06
51 3 -1.033442467108948e-05
54 3 5.716979115832755e-06
66 3 -7.063864924071288e-06
69 3 -1.797492597627063e-07
72 3 -7.355929724460186e-07
75 3 -8.007801683408356e-07
78 3 -3.573874559661563e-08
1 4 2.091857048153234e-07
4 4 3.782530273074116e-07
7 4 -4.021900979613182e-08
10 4 9.569037487261282e-08
13 4 -1.538285352215692e-07
16 4 -4.388280357892521e-08
70 4 -1.545677639227762e-06
73 4 -3.193832401010068e-07
79 4 8.610886345418391e-08
82 4 -1.40474843853918e-08
85 4 6.821145172220136e-08
88 4 -3.456349087179279e-07
91 4 -2.466561180604076e-07
94 4 -4.313233968949958e-08
97 4 -2.868048708764766e-08
100 4 -2.417846029507475e-09
2 5 2.091857048153234e-07
5 5 3.782530273074116e-07
8 5 -4.021900979613182e-08
11 5 9.569037487261282e-08
14 5 -1.538285352215692e-07
17 5 -4.388280357892521e-08
71 5 -1.545677639227762e-06
74 5 -3.193832401010068e-07
80 5 8.610886345418391e-08
83 5 -1.40474843853918e-08
86 5 6.821145172220136e-08
89 5 -3.456349087179279e-07
92 5 -2.466561180604076e-07
95 5 -4.313233968949958e-08
98 5 -2.868048708764766e-08
101 5 -2.417846029507475e-09
3 6 2.091857048153234e-07
6 6 3.782530273074116e-07
9 6 -4.021900979613182e-08
12 6 9.569037487261282e-08
15 6 -1.538285352215692e-07
18 6 -4.388280357892521e-08
72 6 -1.545677639227762e-06
75 6 -3.193832401010068e-07
81 6 8.610886345418391e-08
84 6 -1.40474843853918e-08
87 6 6.821145172220136e-08
90 6 -3.456349087179279e-07
93 6 -2.466561180604076e-07
96 6 -4.313233968949958e-08
99 6 -2.868048708764766e-08
102 6 -2.417846029507475e-09
1 7 -3.232479236969779e-08
4 7 -4.021900979613182e-08
7 7 9.61937049895037e-09
10 7 -2.422529338628912e-08
13 7 1.917988269655875e-08
16 7 9.786571883654795e-09
70 7 1.590618168188657e-07
73 7 8.443457896560437e-08
85 7 -2.612214481327686e-09
91 7 9.547885068112103e-09
97 7 9.801030877666354e-10
100 7 5.12235953558214e-10
2 8 -3.232479236969779e-08
5 8 -4.021900979613182e-08
8 8 9.61937049895037e-09
11 8 -2.422529338628912e-08
14 8 1.917988269655875e-08
17 8 9.786571883654795e-09
71 8 1.590618168188657e-07
74 8 8.443457896560437e-08
86 8 -2.612214481327686e-09
92 8 9.547885068112103e-09
98 8 9.801030877666354e-10
101 8 5.12235953558214e-10
3 9 -3.232479236969779e-08
6 9 -4.021900979613182e-08
9 9 9.61937049895037e-09
12 9 -2.422529338628912e-08
15 9 1.917988269655875e-08
18 9 9.786571883654795e-09
72 9 1.590618168188657e-07
75 9 8.443457896560437e-08
87 9 -2.612214481327686e-09
93 9 9.547885068112103e-09
99 9 9.801030877666354e-10
102 9 5.12235953558214e-10
1 10 2.505626341475847e-07
4 10 9.569037487261282e-08
7 10 -2.422529338628912e-08
10 10 2.048031171795083e-07
13 10 -4.857945898537714e-08
16 10 -9.578247343628755e-08
49 10 -4.055163901030458e-07
52 10 1.070739972113983e-07
64 10 -5.259065103172759e-08
70 10 -3.566968590276379e-07
73 10 -7.395341797451706e-07
76 10 -2.782634981608299e-08
85 10 2.456586477107553e-08
91 10 -9.356810076679317e-08
97 10 -2.651779596611679e-09
100 10 -5.554831088403763e-09
103 10 -3.228960690839972e-09
2 11 2.505626341475847e-07
5 11 9.569037487261282e-08
8 11 -2.422529338628912e-08
11 11 2.048031171795083e-07
14 11 -4.857945898537714e-08
17 11 -9.578247343628755e-08
50 11 -4.055163901030458e-07
53 11 1.070739972113983e-07
65 11 -5.259065103172759e-08
71 11 -3.566968590276379e-07
74 11 -7.395341797451706e-07
77 11 -2.782634981608299e-08
86 11 2.456586477107553e-08
92 11 -9.356810076679317e-08
98 11 -2.651779596611679e-09
101 11 -5.554831088403763e-09
104 11 -3.228960690839972e-09
3 12 2.505626341475847e-07
6 12 9.569037487261282e-08
9 12 -2.422529338628912e-08
12 12 2.048031171795083e-07
15 12 -4.857945898537714e-08
18 12 -9.578247343628755e-08
51 12 -4.055163901030458e-07
54 12 1.070739972113983e-07
66 12 -5.259065103172759e-08
72 12 -3.566968590276379e-07
75 12 -7.395341797451706e-07
78 12 -2.782634981608299e-08
87 12 2.456586477107553e-08
93 12 -9.356810076679317e-08
99 12 -2.651779596611679e-09
102 12 -5.554831088403763e-09
105 12 -3.228960690839972e-09
1 13 -1.953408341885599e-07
4 13 -1.538285352215692e-07
7 13 1.917988269655875e-08
10 13 -4.857945898537714e-08
13 13 1.674753191749829e-07
16 13 4.229590511501347e-08
70 13 5.415087472325478e-07
73 13 1.426286200135911e-07
2 14 -1.953408341885599e-07
5 14 -1.538285352215692e-07
8 14 1.917988269655875e-08
11 14 -4.857945898537714e-08
14 14 1.674753191749829e-07
17 14 4.229590511501347e-08
71 14 5.415087472325478e-07
74 14 1.426286200135911e-07
3 15 -1.953408341885599e-07
6 15 -1.538285352215692e-07
9 15 1.917988269655875e-08
12 15 -4.857945898537714e-08
15 15 1.674753191749829e-07
18 15 4.229590511501347e-08
72 15 5.415087472325478e-07
75 15 1.426286200135911e-07
1 16 -2.012456931737298e-07
4 16 -4.388280357892521e-08
7 16 9.786571883654795e-09
10 16 -9.578247343628755e-08
13 16 4.229590511501347e-08
16 16 8.658679768082797e-08
49 16 1.546191382180558e-07
52 16 -4.693851974580226e-08
64 16 4.443920333700386e-08
70 16 1.426286200135911e-07
73 16 3.067207083032237e-07
76 16 1.073539246677994e-08
2 17 -2.012456931737298e-07
5 17 -4.388280357892521e-08
8 17 9.786571883654795e-09
11 17 -9.578247343628755e-08
14 17 4.229590511501347e-08
17 17 8.658679768082797e-08
50 17 1.546191382180558e-07
53 17 -4.693851974580226e-08
65 17 4.443920333700386e-08
71 17 1.426286200135911e-07
74 17 3.067207083032237e-07
77 17 1.073539246677994e-08
3 18 -2.012456931737298e-07
6 18 -4.388280357892521e-08
9 18 9.786571883654795e-09
12 18 -9.578247343628755e-08
15 18 4.229590511501347e-08
18 18 8.658679768082797e-08
51 18 1.546191382180558e-07
54 18 -4.693851974580226e-08
66 18 4.443920333700386e-08
72 18 1.426286200135911e-07
75 18 3.067207083032237e-07
78 18 1.073539246677994e-08
1 19 5.876781545020018e-07
19 19 8.300314645582931e-07
22 19 -2.979208657162239e-07
25 19 -8.88423275108602e-08
28 19 -7.950246993860009e-08
31 19 2.184865877485112e-07
37 19 -3.035025442945815e-06
40 19 -8.035360148432593e-07
52 19 5.866277381507622e-07
64 19 -2.364901279652274e-07
67 19 -2.837544736222552e-07
106 19 2.386484769135527e-07
109 19 -8.927129100191284e-08
112 19 -1.884593969478479e-08
115 19 -8.953673098539771e-07
118 19 -9.473640913190966e-08
2 20 5.876781545020018e-07
20 20 8.300314645582931e-07
23 20 -2.979208657162239e-07
26 20 -8.88423275108602e-08
29 20 -7.950246993860009e-08
32 20 2.184865877485112e-07
38 20 -3.035025442945815e-06
41 20 -8.035360148432593e-07
53 20 5.866277381507622e-07
65 20 -2.364901279652274e-07
68 20 -2.837544736222552e-07
107 20 2.386484769135527e-07
110 20 -8.927129100191284e-08
113 20 -1.884593969478479e-08
116 20 -8.953673098539771e-07
119 20 -9.473640913190966e-08
3 21 5.876781545020018e-07
21 21 8.300314645582931e-07
24 21 -2.979208657162239e-07
27 21 -8.88423275108602e-08
30 21 -7.950246993860009e-08
33 21 2.184865877485112e-07
39 21 -3.035025442945815e-06
42 21 -8.035360148432593e-07
54 21 5.866277381507622e-07
66 21 -2.364901279652274e-07
69 21 -2.837544736222552e-07
108 21 2.386484769135527e-07
111 21 -8.927129100191284e-08
114 21 -1.884593969478479e-08
117 21 -8.953673098539771e-07
120 21 -9.473640913190966e-08
1 22 -4.688214415726811e-07
19 22 -2.979208657162239e-07
22 22 2.62904858702147e-07
25 22 7.665585791236197e-08
28 22 2.620920118702318e-08
31 22 -8.306297712142506e-08
37 22  9.7369243911457e-07
40 22 2.671547513522084e-07
52 22 -1.887793168650437e-07
64 22 1.885496231650022e-07
67 22 7.506788675996027e-08
2 23 -4.688214415726811e-07
20 23 -2.979208657162239e-07
23 23 2.62904858702147e-07
26 23 7.665585791236197e-08
29 23 2.620920118702318e-08
32 23 -8.306297712142506e-08
38 23  9.7369243911457e-07
41 23 2.671547513522084e-07
53 23 -1.887793168650437e-07
65 23 1.885496231650022e-07
68 23 7.506788675996027e-08
3 24 -4.688214415726811e-07
21 24 -2.979208657162239e-07
24 24 2.62904858702147e-07
27 24 7.665585791236197e-08
30 24 2.620920118702318e-08
33 24 -8.306297712142506e-08
39 24  9.7369243911457e-07
42 24 2.671547513522084e-07
54 24 -1.887793168650437e-07
66 24 1.885496231650022e-07
69 24 7.506788675996027e-08
1 25 -2.669441759796738e-07
19 25 -8.88423275108602e-08
22 25 7.665585791236197e-08
25 25 2.275906125153522e-07
28 25 3.77679019658932e-08
31 25 -2.136459173394711e-07
37 25 2.671547513522084e-07
40 25 7.490572501771655e-07
2 26 -2.669441759796738e-07
20 26 -8.88423275108602e-08
23 26 7.665585791236197e-08
26 26 2.275906125153522e-07
29 26 3.77679019658932e-08
32 26 -2.136459173394711e-07
38 26 2.671547513522084e-07
41 26 7.490572501771655e-07
3 27 -2.669441759796738e-07
21 27 -8.88423275108602e-08
24 27 7.665585791236197e-08
27 27 2.275906125153522e-07
30 27 3.77679019658932e-08
33 27 -2.136459173394711e-07
39 27 2.671547513522084e-07
42 27 7.490572501771655e-07
1 28 -6.36189991481907e-08
19 28 -7.950246993860009e-08
22 28 2.620920118702318e-08
25 28 3.77679019658932e-08
28 28   3.493274288361e-08
31 28 -9.908655437764029e-08
37 28 2.894004457858919e-07
40 28 3.865806832363568e-07
106 28 -1.770015816892701e-08
109 28 5.705792096363457e-09
112 28 7.38532553995224e-09
115 28 6.570687018747146e-08
2 29 -6.36189991481907e-08
20 29 -7.950246993860009e-08
23 29 2.620920118702318e-08
26 29 3.77679019658932e-08
29 29   3.493274288361e-08
32 29 -9.908655437764029e-08
38 29 2.894004457858919e-07
41 29 3.865806832363568e-07
107 29 -1.770015816892701e-08
110 29 5.705792096363457e-09
113 29 7.38532553995224e-09
116 29 6.570687018747146e-08
3 30 -6.36189991481907e-08
21 30 -7.950246993860009e-08
24 30 2.620920118702318e-08
27 30 3.77679019658932e-08
30 30   3.493274288361e-08
33 30 -9.908655437764029e-08
39 30 2.894004457858919e-07
42 30 3.865806832363568e-07
108 30 -1.770015816892701e-08
111 30 5.705792096363457e-09
114 30 7.38532553995224e-09
117 30 6.570687018747146e-08
1 31 2.916284773316036e-07
19 31 2.184865877485112e-07
22 31 -8.306297712142506e-08
25 31 -2.136459173394711e-07
28 31 -9.908655437764029e-08
31 31 6.544741225873476e-07
37 31 -7.549458961180281e-07
40 31 -2.632288256250601e-06
106 31 2.338317594095627e-07
109 31 -1.800617297299038e-08
112 31 -1.103712364356491e-07
115 31 -8.91863825972595e-07
136 31 -6.294959538826598e-07
139 31 -4.970449192091097e-08
142 31 1.620908601226174e-07
145 31 -8.087943079416066e-08
2 32 2.916284773316036e-07
20 32 2.184865877485112e-07
23 32 -8.306297712142506e-08
26 32 -2.136459173394711e-07
29 32 -9.908655437764029e-08
32 32 6.544741225873476e-07
38 32 -7.549458961180281e-07
41 32 -2.632288256250601e-06
107 32 2.338317594095627e-07
110 32 -1.800617297299038e-08
113 32 -1.103712364356491e-07
116 32 -8.91863825972595e-07
137 32 -6.294959538826598e-07
140 32 -4.970449192091097e-08
143 32 1.620908601226174e-07
146 32 -8.087943079416066e-08
3 33 2.916284773316036e-07
21 33 2.184865877485112e-07
24 33 -8.306297712142506e-08
27 33 -2.136459173394711e-07
30 33 -9.908655437764029e-08
33 33 6.544741225873476e-07
39 33 -7.549458961180281e-07
42 33 -2.632288256250601e-06
108 33 2.338317594095627e-07
111 33 -1.800617297299038e-08
114 33 -1.103712364356491e-07
117 33 -8.91863825972595e-07
138 33 -6.294959538826598e-07
141 33 -4.970449192091097e-08
144 33 1.620908601226174e-07
147 33 -8.087943079416066e-08
34 34   0.5214861749437121
35 34 -0.06322808166115519
36 34 -0.07236291892797572
43 34  -0.1690649096045901
44 34  0.03700077498339758
45 34  0.02041413684579866
46 34 0.004065577216547663
47 34 0.006866754520202975
48 34 -0.006866754520202975
55 34  0.01717572332356808
56 34 -0.0005529617227030812
57 34 0.004376684340381364
58 34  0.03923786344054177
59 34  0.03003658912299228
60 34  0.01883386881504281
61 34 -0.02941015054927789
62 34 -0.03462448259760518
63 34  0.04097757575069927
34 35 -0.06322808166115519
35 35   0.3924812704657781
36 35 -0.06024100800862741
43 35  0.03042093215219325
44 35 -0.07473731867172319
45 35 -0.01184056596975013
46 35 0.004577836346802016
47 35  0.01422952025791678
48 35 -0.006098365824821522
55 35 0.002817794366263171
56 35 -0.01621108664830298
57 35 0.009855270212350421
58 35  0.02975383181185926
59 35  0.01121081812586905
60 35 -0.04499362454661376
61 35 -0.02626942391313532
62 35 -0.02660940864168192
63 35  0.01423195455273184
34 36 -0.07236291892797572
35 36 -0.06024100800862741
36 36   0.4351399655684444
43 36  0.03062120526869775
44 36 -0.01776084895462511
45 36  -0.0541782729502918
46 36 -0.004577836346802016
47 36 -0.004065577216547663
48 36 0.004065577216547663
55 36 0.002917789560254238
56 36 0.006570180141567007
57 36 0.0002143637056144411
58 36  0.03189804017288181
59 36 -0.05927771164296148
60 36  0.01121081812586905
61 36  0.02731838383379921
62 36 0.009487969701821286
63 36 -0.01244879093132439
1 37 -1.878086815338986e-06
19 37 -3.035025442945815e-06
22 37  9.7369243911457e-07
25 37 2.671547513522084e-07
28 37 2.894004457858919e-07
31 37 -7.549458961180281e-07
37 37 1.142948064431173e-05
40 37 2.784102200382898e-06
52 37 -1.882187704143363e-06
64 37 6.619892664955401e-07
67 37 9.430089200030682e-07
106 37 -8.221452838377469e-07
109 37 3.230639670441863e-07
112 37 6.570687018747145e-08
115 37 3.081687257237164e-06
118 37 2.876310599588082e-07
2 38 -1.878086815338986e-06
20 38 -3.035025442945815e-06
23 38  9.7369243911457e-07
26 38 2.671547513522084e-07
29 38 2.894004457858919e-07
32 38 -7.549458961180281e-07
38 38 1.142948064431173e-05
41 38 2.784102200382898e-06
53 38 -1.882187704143363e-06
65 38 6.619892664955401e-07
68 38 9.430089200030682e-07
107 38 -8.221452838377469e-07
110 38 3.230639670441863e-07
113 38 6.570687018747145e-08
116 38 3.081687257237164e-06
119 38 2.876310599588082e-07
3 39 -1.878086815338986e-06
21 39 -3.035025442945815e-06
24 39  9.7369243911457e-07
27 39 2.671547513522084e-07
30 39 2.894004457858919e-07
33 39 -7.549458961180281e-07
39 39 1.142948064431173e-05
42 39 2.784102200382898e-06
54 39 -1.882187704143363e-06
66 39 6.619892664955401e-07
69 39 9.430089200030682e-07
108 39 -8.221452838377469e-07
111 39 3.230639670441863e-07
114 39 6.570687018747145e-08
117 39 3.081687257237164e-06
120 39 2.876310599588082e-07
1 40 -1.015717392930608e-06
19 40 -8.035360148432593e-07
22 40 2.671547513522084e-07
25 40 7.490572501771655e-07
28 40 3.865806832363568e-07
31 40 -2.632288256250601e-06
37 40 2.784102200382898e-06
40 40 1.090174663765615e-05
106 40 -8.725175428736684e-07
109 40 6.570687018747146e-08
112 40 4.340693294419182e-07
115 40 3.292093863088769e-06
136 40 2.276736365406961e-06
139 40 1.709620044162829e-07
142 40 -5.943532310289641e-07
145 40 3.121554500372393e-07
2 41 -1.015717392930608e-06
20 41 -8.035360148432593e-07
23 41 2.671547513522084e-07
26 41 7.490572501771655e-07
29 41 3.865806832363568e-07
32 41 -2.632288256250601e-06
38 41 2.784102200382898e-06
41 41 1.090174663765615e-05
107 41 -8.725175428736684e-07
110 41 6.570687018747146e-08
113 41 4.340693294419182e-07
116 41 3.292093863088769e-06
137 41 2.276736365406961e-06
140 41 1.709620044162829e-07
143 41 -5.943532310289641e-07
146 41 3.121554500372393e-07
3 42 -1.015717392930608e-06
21 42 -8.035360148432593e-07
24 42 2.671547513522084e-07
27 42 7.490572501771655e-07
30 42 3.865806832363568e-07
33 42 -2.632288256250601e-06
39 42 2.784102200382898e-06
42 42 1.090174663765615e-05
108 42 -8.725175428736684e-07
111 42 6.570687018747146e-08
114 42 4.340693294419182e-07
117 42 3.292093863088769e-06
138 42 2.276736365406961e-06
141 42 1.709620044162829e-07
144 42 -5.943532310289641e-07
147 42 3.121554500372393e-07
34 43  -0.1690649096045901
35 43  0.03042093215219326
36 43  0.03062120526869775
43 43   0.2679948953389094
44 43 -0.03663645381197483
45 43 -0.02848752248981779
47 43 -0.002020065717381236
48 43 0.001644658703264745
55 43 -0.02138673237863923
56 43  0.00235084902662052
57 43 -0.001978679538988402
58 43 -0.09344457783150971
59 43 -0.01254761552485592
60 43 0.001056832357076359
61 43  0.02006465992255117
62 43  0.00604642552277454
63 43  -0.0146455654895823
148 43 -0.05385028305545658
149 43 0.005132862654353133
150 43  0.02632677092051512
157 43 0.004957536236453142
158 43 -0.002815418937526019
159 43 -0.001416438924700886
160 43 -0.001991687649987952
161 43 0.001078588760547103
163 43 0.0009503259317707068
164 43 -0.0005254139232749545
167 43 0.001258882366351264
168 43 0.000168148214299542
169 43 0.005858540563603047
170 43 -0.002590738033618499
171 43 -0.001673868732458027
172 43 -0.0004593943560835754
173 43 -0.0003721694876321181
175 43 -0.01406113277694385
176 43 0.0002562454374846453
177 43 0.005106519013057103
181 43 0.001322072456088057
182 43 -0.0007031817464306105
184 43 0.008442355834041421
185 43 -0.003951371304165615
34 44  0.03700077498339758
35 44 -0.07473731867172319
36 44 -0.01776084895462511
43 44 -0.03663645381197483
44 44   0.2790465433556496
45 44 -0.07907538262374489
46 44 -0.001659549656684553
48 44 0.0005631105211747396
55 44 0.001877373924107114
56 44 -0.01036001357418004
57 44 -0.000558254231448178
58 44 -0.008104459692223462
59 44 -0.06649256098913409
60 44 -0.01099587097268778
61 44 0.004030950348516365
62 44 0.005732759977871841
148 44 0.003421908436235745
149 44 -0.02182166325388597
150 44 -0.003421908436235748
157 44 -0.001876945958350686
158 44 0.001416438924700885
159 44 0.001876945958350686
160 44 0.001617883140820649
161 44 -0.006970906774957826
162 44 0.001369648334161271
163 44 -0.0007881208849124315
164 44 0.003326140761197464
165 44 -0.0006373680127436283
166 44  0.00124607731168842
168 44 -0.001414225525987962
169 44 -0.001727158689078998
170 44 0.001673868732458026
171 44 0.001727158689078998
172 44 -0.0005582542314481781
173 44 -0.001607880246292514
174 44 -0.0004691111838250653
175 44 -8.978703269083417e-05
176 44 -0.01225227577522557
177 44 -0.0008320601492212087
181 44 -0.001054772619645911
182 44 0.004627253596308201
183 44 -0.0009283360644861724
184 44 -0.005927056956248452
185 44    0.029548245419145
186 44 -0.005020019845415076
34 45  0.02041413684579866
35 45 -0.01184056596975013
36 45  -0.0541782729502918
43 45 -0.02848752248981779
44 45 -0.07907538262374489
45 45   0.3175970717815705
46 45 0.001096439135509814
47 45 0.000375407014116491
55 45 -0.001319119692658936
56 45 -0.0003721694876321179
57 45 -0.007054832433959899
58 45 -6.365108020907318e-05
59 45 -0.01695901831857177
60 45 -0.08968955390152383
61 45 -0.009763710326388137
63 45 0.005732759977871841
148 45  0.02822738721420009
149 45 -0.005132862654353139
150 45 -0.04434720158703146
157 45 -0.002124658387051324
158 45  0.00281541893752602
159 45 0.001416438924700885
161 45  0.00091309888944085
162 45 -0.001991687649987952
164 45 -0.0004249120084957528
165 45 0.0009503259317707068
166 45 0.0002522223214493335
167 45 -0.001511104687800597
169 45 -0.002510803098687033
170 45   0.0025907380336185
171 45 0.001673868732458026
173 45 -0.0003127407892167108
174 45 -0.0004593943560835754
175 45 0.005567442604013069
176 45 -0.001639016210352655
177 45 -0.02800712664972388
182 45 -0.0006188907096574486
183 45 0.001322072456088057
185 45 -0.003346679896943405
186 45 0.008442355834041421
34 46 0.004065577216547663
35 46 0.004577836346802016
36 46 -0.004577836346802016
44 46 -0.001659549656684553
45 46 0.001096439135509814
46 46   0.3291544183557317
47 46 -0.04310699740698478
48 46   -0.014100199582231
55 46 -0.01109122116649545
56 46 -0.0005950070619022169
57 46 0.002032180481303731
58 46 0.004723369823969915
59 46   0.0130807186653837
60 46 -0.009313462502214135
61 46 -0.09628100064818247
62 46  0.04083906837580478
63 46 -0.0003876989627481029
160 46 -0.009801314199511593
161 46 0.001851709273842336
162 46 0.001832593801090241
172 46 0.002302274125977883
173 46 -0.0003208170681830962
174 46 -0.0006577926074222517
181 46 -0.01728811386645609
182 46 0.001278520980139016
183 46 0.007295448077811281
184 46   0.0343846746424732
185 46 -0.00193185487124412
186 46 -0.01264778107795205
190 46 0.008335377511520583
191 46 -0.004077655845611699
192 46 -0.0003401593063909367
199 46 0.004830444168713884
200 46 -0.00198373843648146
201 46 0.000745637773754554
202 46  0.03473277688623476
203 46 -0.006774875083839657
204 46 -0.006716503431897909
205 46 -0.03880396266368794
206 46  0.01172107846557559
207 46 0.0002572751129090305
34 47 0.006866754520202975
35 47  0.01422952025791678
36 47 -0.004065577216547663
43 47 -0.002020065717381236
45 47 0.000375407014116491
46 47 -0.04310699740698478
47 47   0.3419364189116366
48 47 -0.05333254804711146
55 47 -0.0007197538435582115
56 47 -0.01961068268930886
57 47  0.01030214844080522
58 47  0.01565945710282302
59 47 0.004723369823969915
60 47 -0.009267662541023474
61 47  0.03409471600271746
62 47  -0.2072996293052214
63 47  0.05532210913782659
160 47 0.002040957586298638
161 47 -0.002800375485574739
162 47 -0.0005892850595718904
172 47 -0.0002138780454553971
173 47 0.0006577926074222519
174 47 0.000213878045455397
181 47 0.001123659909451302
182 47 -0.00819819064179916
183 47 -0.0001382053994360764
184 47 -0.001287903247496067
185 47  0.01148512706261566
186 47 0.001287903247496067
190 47 -0.006399949857076632
191 47  0.02917382129032191
192 47 -0.00587634353927688
199 47 -0.002354242843260074
200 47 0.002977922134820864
201 47 -0.0007456377737545535
202 47 -0.007810570789877134
203 47   0.0099236505389242
204 47 0.002627031242460438
205 47  0.01624838779737945
206 47  -0.1218852368672298
207 47  0.01184122598930176
34 48 -0.006866754520202975
35 48 -0.006098365824821523
36 48 0.004065577216547663
43 48 0.001644658703264745
44 48 0.0005631105211747397
46 48   -0.014100199582231
47 48 -0.05333254804711146
48 48   0.3375661711866135
55 48 0.002226029962677763
56 48  0.01037125114052326
57 48 -0.02125516420786448
58 48 -0.01314795299404332
59 48  -0.0088195222908506
60 48  0.01653179438389466
61 48 -0.0005815484441221353
62 48  0.06232394588679518
63 48  -0.1179626724383987
160 48 0.002748890701635367
161 48 -0.000883927589357838
162 48 -0.002800375485574739
172 48 -0.0009866889111333765
173 48 0.000320817068183096
174 48 0.0006577926074222519
181 48 0.008036537078375934
182 48 -0.0002073080991541142
183 48 -0.01276873109555674
184 48 -0.01606503657858716
185 48 0.001931854871244119
186 48  0.01729839713929757
190 48 -0.0002267728709272911
191 48 -0.003917562359517952
192 48 0.008335377511520583
199 48 0.0004970918491697016
200 48 -0.0004970918491697015
201 48 0.001735192511896611
202 48 -0.009453390336384791
203 48  0.00331918205222852
204 48   0.0099236505389242
205 48 0.0001715167419393541
206 48 0.007894150659534577
207 48 -0.03570871100687065
1 49 -1.033442467108948e-05
10 49 -4.055163901030458e-07
16 49 1.546191382180558e-07
49 49 0.000174508197504123
52 49 -4.850751776886441e-05
64 49 1.277435837097465e-05
73 49 1.357827339748249e-06
76 49 1.947309870879017e-07
85 49 -3.654346839834821e-07
91 49  1.2850040424379e-06
100 49 1.150143876744346e-08
103 49 1.789183479426154e-07
196 49 -1.149952814201778e-05
208 49 2.908704494914009e-05
211 49 1.672199217998872e-05
220 49 8.540111062832797e-08
2 50 -1.033442467108948e-05
11 50 -4.055163901030458e-07
17 50 1.546191382180558e-07
50 50 0.000174508197504123
53 50 -4.850751776886441e-05
65 50 1.277435837097465e-05
74 50 1.357827339748249e-06
77 50 1.947309870879017e-07
86 50 -3.654346839834821e-07
92 50  1.2850040424379e-06
101 50 1.150143876744346e-08
104 50 1.789183479426154e-07
197 50 -1.149952814201778e-05
209 50 2.908704494914009e-05
212 50 1.672199217998872e-05
221 50 8.540111062832797e-08
3 51 -1.033442467108948e-05
12 51 -4.055163901030458e-07
18 51 1.546191382180558e-07
51 51 0.000174508197504123
54 51 -4.850751776886441e-05
66 51 1.277435837097465e-05
75 51 1.357827339748249e-06
78 51 1.947309870879017e-07
87 51 -3.654346839834821e-07
93 51  1.2850040424379e-06
102 51 1.150143876744346e-08
105 51 1.789183479426154e-07
198 51 -1.149952814201778e-05
210 51 2.908704494914009e-05
213 51 1.672199217998872e-05
222 51 8.540111062832797e-08
1 52 5.716979115832755e-06
10 52 1.070739972113983e-07
16 52 -4.693851974580226e-08
19 52 5.866277381507622e-07
22 52 -1.887793168650437e-07
37 52 -1.882187704143363e-06
49 52 -4.850751776886441e-05
52 52 4.887074825253807e-05
64 52 -7.311205906758904e-06
67 52 -4.435692936326794e-07
73 52 -3.56457568263828e-07
76 52 -4.817515942706783e-08
85 52 9.218760721658748e-08
91 52 -3.255186119333541e-07
100 52 -2.883747924024172e-09
103 52 -4.255459514012927e-08
106 52 4.712231402422051e-06
109 52 -7.153610651499791e-08
115 52 -8.705737037909159e-06
118 52 -4.974458652826922e-06
121 52 -3.449603791045143e-07
124 52 5.295855397393522e-07
127 52 -1.479065343152344e-07
178 52 -1.022938388917774e-05
187 52 -5.746225532194825e-05
196 52 1.237424912349402e-05
208 52 -1.225881332130846e-05
211 52 -2.092753586043072e-05
220 52 -2.3632625206514e-08
226 52 -1.805947695544172e-06
229 52 -3.371613463558138e-07
232 52 8.616246319321998e-07
235 52 -3.026784338902979e-06
238 52 -6.221813479306094e-07
241 52 -7.477950799338886e-08
2 53 5.716979115832755e-06
11 53 1.070739972113983e-07
17 53 -4.693851974580226e-08
20 53 5.866277381507622e-07
23 53 -1.887793168650437e-07
38 53 -1.882187704143363e-06
50 53 -4.850751776886441e-05
53 53 4.887074825253807e-05
65 53 -7.311205906758904e-06
68 53 -4.435692936326794e-07
74 53 -3.56457568263828e-07
77 53 -4.817515942706783e-08
86 53 9.218760721658748e-08
92 53 -3.255186119333541e-07
101 53 -2.883747924024172e-09
104 53 -4.255459514012927e-08
107 53 4.712231402422051e-06
110 53 -7.153610651499791e-08
116 53 -8.705737037909159e-06
119 53 -4.974458652826922e-06
122 53 -3.449603791045143e-07
125 53 5.295855397393522e-07
128 53 -1.479065343152344e-07
179 53 -1.022938388917774e-05
188 53 -5.746225532194825e-05
197 53 1.237424912349402e-05
209 53 -1.225881332130846e-05
212 53 -2.092753586043072e-05
221 53 -2.3632625206514e-08
227 53 -1.805947695544172e-06
230 53 -3.371613463558138e-07
233 53 8.616246319321998e-07
236 53 -3.026784338902979e-06
239 53 -6.221813479306094e-07
242 53 -7.477950799338886e-08
3 54 5.716979115832755e-06
12 54 1.070739972113983e-07
18 54 -4.693851974580226e-08
21 54 5.866277381507622e-07
24 54 -1.887793168650437e-07
39 54 -1.882187704143363e-06
51 54 -4.850751776886441e-05
54 54 4.887074825253807e-05
66 54 -7.311205906758904e-06
69 54 -4.435692936326794e-07
75 54 -3.56457568263828e-07
78 54 -4.817515942706783e-08
87 54 9.218760721658748e-08
93 54 -3.255186119333541e-07
102 54 -2.883747924024172e-09
105 54 -4.255459514012927e-08
108 54 4.712231402422051e-06
111 54 -7.153610651499791e-08
117 54 -8.705737037909159e-06
120 54 -4.974458652826922e-06
123 54 -3.449603791045143e-07
126 54 5.295855397393522e-07
129 54 -1.479065343152344e-07
180 54 -1.022938388917774e-05
189 54 -5.746225532194825e-05
198 54 1.237424912349402e-05
210 54 -1.225881332130846e-05
213 54 -2.092753586043072e-05
222 54 -2.3632625206514e-08
228 54 -1.805947695544172e-06
231 54 -3.371613463558138e-07
234 54 8.616246319321998e-07
237 54 -3.026784338902979e-06
240 54 -6.221813479306094e-07
243 54 -7.477950799338886e-08
34 55  0.01717572332356808
35 55 0.002817794366263171
36 55 0.002917789560254238
43 55 -0.02138673237863923
44 55 0.001877373924107114
45 55 -0.001319119692658936
46 55 -0.01109122116649545
47 55 -0.0007197538435582114
48 55 0.002226029962677763
55 55  0.05454493071250869
56 55 -0.01131128521726472
57 55 0.007093270071651427
58 55  0.04563808267293792
59 55 -0.01679487157210242
60 55 0.007419364832846418
61 55 -0.01965241866807945
62 55 0.002827595257835945
63 55  0.01208867707961125
160 55 0.005099480017101689
161 55 -0.003050512765489917
162 55 -0.001024483625805882
172 55 -0.003644165932255061
173 55 0.001679262676488235
174 55 0.0009864145890177221
181 55 -0.003110387438250489
182 55 0.002703179930058558
183 55 -0.000134459657882303
184 55 -0.01700022305087797
185 55 0.009840063005013869
186 55 0.003914180473776021
34 56 -0.0005529617227030811
35 56 -0.01621108664830298
36 56 0.006570180141567007
43 56  0.00235084902662052
44 56 -0.01036001357418004
45 56 -0.0003721694876321179
46 56 -0.0005950070619022169
47 56 -0.01961068268930886
48 56  0.01037125114052326
55 56 -0.01131128521726472
56 56  0.04904656401001641
57 56 -0.01467347168084844
58 56 -0.02092602011126603
59 56  0.02281497909139983
60 56  0.01221711280601912
61 56 0.005071499019955869
62 56   0.0193686529380235
63 56 -0.01989620163687483
160 56 -0.00329516461597752
161 56 0.006322739269539716
162 56 0.001024483625805882
172 56 0.001703501342015146
173 56 -0.001657416636443346
174 56 -0.0006523141381737642
181 56 0.003178780558553347
182 56 -0.007596333204170685
183 56 6.282342857423952e-05
184 56  0.01049380726063317
185 56  -0.0202689443289746
186 56 -0.004176644695311917
34 57 0.004376684340381364
35 57 0.009855270212350421
36 57 0.0002143637056144411
43 57 -0.001978679538988402
44 57 -0.000558254231448178
45 57 -0.007054832433959899
46 57 0.002032180481303731
47 57  0.01030214844080522
48 57 -0.02125516420786448
55 57 0.007093270071651427
56 57 -0.01467347168084844
57 57  0.04610992717068137
58 57  0.01467568228509538
59 57  0.01098893336860456
60 57 -0.007877803506933765
61 57 0.004872682538342303
62 57  -0.0179843403280357
63 57  0.02892795948221916
160 57 -0.001536725438708824
161 57 0.001536725438708824
162 57 0.002538270952586974
172 57 0.001479621883526582
173 57 -0.0009784712072606473
174 57 -0.00117812945971076
181 57 0.0002159360767314914
182 57 -0.0005421106053068293
183 57 -0.001358408765181511
184 57 0.005453645147109105
185 57 -0.005628621294799689
186 57 -0.009302899684212695
34 58  0.03923786344054177
35 58  0.02975383181185926
36 58  0.03189804017288181
43 58 -0.09344457783150971
44 58 -0.008104459692223462
45 58 -6.365108020907318e-05
46 58 0.004723369823969915
47 58  0.01565945710282303
48 58 -0.01314795299404333
55 58  0.04563808267293792
56 58 -0.02092602011126603
57 58  0.01467568228509538
58 58   0.6037766459409286
59 58 -0.06594727520360361
60 58 -0.06435247528520735
61 58 -0.05796212879659533
62 58 -0.009381556003757729
63 58  0.03397991823348222
160 58  0.01031729063365102
161 58 -0.006806618876862154
162 58 0.002433305492150472
163 58 -0.004792703322956589
164 58 0.003053285073594005
165 58 -0.0003909462789710096
166 58  0.02432252703208072
167 58 -0.01279240017754984
168 58 -0.01054477556667406
172 58 -0.001874934799609579
173 58 0.004352740480029619
174 58 -0.002374030156675472
175 58 -0.03296193611782512
176 58  0.02271136474408205
177 58 0.005860255165829993
181 58 -0.005054618759592678
182 58 0.002228500294315602
183 58 -0.0003666910183836302
184 58 -0.03895980950028094
185 58  0.02347179545865215
186 58 -0.008165565186536149
34 59  0.03003658912299228
35 59  0.01121081812586905
36 59 -0.05927771164296148
43 59 -0.01254761552485592
44 59 -0.06649256098913407
45 59 -0.01695901831857177
46 59   0.0130807186653837
47 59 0.004723369823969915
48 59  -0.0088195222908506
55 59 -0.01679487157210242
56 59  0.02281497909139983
57 59  0.01098893336860456
58 59 -0.06594727520360361
59 59   0.6191273662174834
60 59 -0.06908499482394753
61 59 -0.006254370669171829
62 59 -0.02333772944318534
63 59  0.00566424708414296
160 59 -0.00903591009333937
161 59  0.03611051721777866
162 59 -0.008403724060506058
163 59 0.003880884973633307
164 59 -0.01341517499181134
165 59 0.002299737022223932
166 59 -0.01135021312529779
167 59  0.00694929343773726
168 59  0.01460640339177672
172 59 0.005746018484611487
173 59 -0.006562271798633539
174 59 0.005404849527199817
175 59   0.0177812072677359
176 59  0.01268950127597963
177 59 -0.01881819862727168
181 59 0.003342750441473399
182 59 -0.01685591453146448
183 59 0.004438818490877274
184 59  0.03124724703045624
185 59  -0.1405538710166297
186 59  0.02878299383186546
34 60  0.01883386881504281
35 60 -0.04499362454661376
36 60  0.01121081812586905
43 60 0.001056832357076359
44 60 -0.01099587097268778
45 60 -0.08968955390152383
46 60 -0.009313462502214135
47 60 -0.009267662541023474
48 60  0.01653179438389466
55 60 0.007419364832846417
56 60  0.01221711280601912
57 60 -0.007877803506933765
58 60 -0.06435247528520735
59 60 -0.06908499482394753
60 60   0.5891656958280326
61 60   0.0258397143370532
62 60 0.008496370626214483
63 60 -0.04705765369773851
160 60 0.002475940016271886
161 60 -0.006456219061842279
162 60  0.01031729063365102
163 60 -0.0002606308526473403
164 60 0.001533158014815957
165 60 -0.004046195181059526
166 60 -0.01496893369386645
167 60  0.01767668557726823
168 60  0.00694929343773726
172 60 -0.002404698928631754
173 60 0.004146828133278015
174 60 -0.001874934799609579
175 60  0.01562822280909144
176 60 -0.02426685178338617
177 60  0.03853530290059756
181 60 -0.0005500365275754502
182 60 0.003543205218274495
183 60 -0.005889869886702584
184 60 -0.008287901622282504
185 60    0.022032854052502
186 60 -0.03887106651506811
34 61 -0.02941015054927789
35 61 -0.02626942391313532
36 61  0.02731838383379921
43 61  0.02006465992255117
44 61 0.004030950348516365
45 61 -0.009763710326388137
46 61 -0.09628100064818249
47 61  0.03409471600271746
48 61 -0.0005815484441221351
55 61 -0.01965241866807945
56 61  0.00507149901995587
57 61 0.004872682538342303
58 61 -0.05796212879659533
59 61 -0.006254370669171829
60 61   0.0258397143370532
61 61   0.4275062826412604
62 61 -0.06789806776483968
63 61 -0.02652066616214948
34 62 -0.03462448259760518
35 62 -0.02660940864168193
36 62 0.009487969701821286
43 62  0.00604642552277454
44 62 0.005732759977871841
46 62  0.04083906837580478
47 62  -0.2072996293052214
48 62  0.06232394588679518
55 62 0.002827595257835946
56 62   0.0193686529380235
57 62 -0.01798434032803569
58 62 -0.009381556003757728
59 62 -0.02333772944318534
60 62 0.008496370626214483
61 62 -0.06789806776483967
62 62    0.569925354803887
63 62  -0.1351607907090645
34 63  0.04097757575069927
35 63  0.01423195455273184
36 63 -0.01244879093132439
43 63 -0.01464556548958229
45 63 0.005732759977871841
46 63 -0.0003876989627481029
47 63  0.05532210913782659
48 63  -0.1179626724383987
55 63  0.01208867707961125
56 63 -0.01989620163687483
57 63  0.02892795948221916
58 63  0.03397991823348222
59 63  0.00566424708414296
60 63 -0.04705765369773851
61 63 -0.02652066616214948
62 63  -0.1351607907090644
63 63   0.4946557517029679
1 64 -7.063864924071288e-06
10 64 -5.259065103172759e-08
16 64 4.443920333700386e-08
19 64 -2.364901279652274e-07
22 64 1.885496231650022e-07
37 64 6.619892664955401e-07
49 64 1.277435837097465e-05
52 64 -7.311205906758904e-06
64 64 1.099019458252421e-05
67 64 1.704895089603272e-07
73 64 1.54619138218056e-07
76 64 2.203965503863058e-08
2 65 -7.063864924071288e-06
11 65 -5.259065103172759e-08
17 65 4.443920333700386e-08
20 65 -2.364901279652274e-07
23 65 1.885496231650022e-07
38 65 6.619892664955401e-07
50 65 1.277435837097465e-05
53 65 -7.311205906758904e-06
65 65 1.099019458252421e-05
68 65 1.704895089603272e-07
74 65 1.54619138218056e-07
77 65 2.203965503863058e-08
3 66 -7.063864924071288e-06
12 66 -5.259065103172759e-08
18 66 4.443920333700386e-08
21 66 -2.364901279652274e-07
24 66 1.885496231650022e-07
39 66 6.619892664955401e-07
51 66 1.277435837097465e-05
54 66 -7.311205906758904e-06
66 66 1.099019458252421e-05
69 66 1.704895089603272e-07
75 66 1.54619138218056e-07
78 66 2.203965503863058e-08
1 67 -1.797492597627063e-07
19 67 -2.837544736222552e-07
22 67 7.506788675996027e-08
37 67 9.430089200030682e-07
52 67 -4.435692936326794e-07
64 67 1.704895089603272e-07
67 67 2.307364115081236e-07
106 67 -8.65569622581903e-08
109 67 2.855507758756825e-08
115 67 2.876310599588082e-07
118 67 7.495568282139118e-08
2 68 -1.797492597627063e-07
20 68 -2.837544736222552e-07
23 68 7.506788675996027e-08
38 68 9.430089200030682e-07
53 68 -4.435692936326794e-07
65 68 1.704895089603272e-07
68 68 2.307364115081236e-07
107 68 -8.65569622581903e-08
110 68 2.855507758756825e-08
116 68 2.876310599588082e-07
119 68 7.495568282139118e-08
3 69 -1.797492597627063e-07
21 69 -2.837544736222552e-07
24 69 7.506788675996027e-08
39 69 9.430089200030682e-07
54 69 -4.435692936326794e-07
66 69 1.704895089603272e-07
69 69 2.307364115081236e-07
108 69 -8.65569622581903e-08
111 69 2.855507758756825e-08
117 69 2.876310599588082e-07
120 69 7.495568282139118e-08
1 70 -7.355929724460186e-07
4 70 -1.545677639227762e-06
7 70 1.590618168188657e-07
10 70 -3.566968590276379e-07
13 70 5.415087472325478e-07
16 70 1.426286200135911e-07
70 70 6.505176831809074e-06
73 70 1.199983693175586e-06
79 70 -3.2823308549716e-07
82 70 5.148676685810387e-08
85 70 -2.701785932356238e-07
88 70 1.296249221572073e-06
91 70 9.726347706658468e-07
94 70 1.719564902546736e-07
97 70 1.197136255322519e-07
100 70 9.547885068112105e-09
2 71 -7.355929724460186e-07
5 71 -1.545677639227762e-06
8 71 1.590618168188657e-07
11 71 -3.566968590276379e-07
14 71 5.415087472325478e-07
17 71 1.426286200135911e-07
71 71 6.505176831809074e-06
74 71 1.199983693175586e-06
80 71 -3.2823308549716e-07
83 71 5.148676685810387e-08
86 71 -2.701785932356238e-07
89 71 1.296249221572073e-06
92 71 9.726347706658468e-07
95 71 1.719564902546736e-07
98 71 1.197136255322519e-07
101 71 9.547885068112105e-09
3 72 -7.355929724460186e-07
6 72 -1.545677639227762e-06
9 72 1.590618168188657e-07
12 72 -3.566968590276379e-07
15 72 5.415087472325478e-07
18 72 1.426286200135911e-07
72 72 6.505176831809074e-06
75 72 1.199983693175586e-06
81 72 -3.2823308549716e-07
84 72 5.148676685810387e-08
87 72 -2.701785932356238e-07
90 72 1.296249221572073e-06
93 72 9.726347706658468e-07
96 72 1.719564902546736e-07
99 72 1.197136255322519e-07
102 72 9.547885068112105e-09
1 73 -8.007801683408356e-07
4 73 -3.193832401010068e-07
7 73 8.443457896560437e-08
10 73 -7.395341797451706e-07
13 73 1.426286200135911e-07
16 73 3.067207083032237e-07
49 73 1.357827339748249e-06
52 73 -3.56457568263828e-07
64 73 1.54619138218056e-07
70 73 1.199983693175586e-06
73 73 2.727258772888448e-06
76 73 9.661334340946824e-08
85 73 -9.195308484628752e-08
91 73 3.499930473906058e-07
97 73 9.547885068112105e-09
100 73 2.146906493731734e-08
103 73 1.150143876744346e-08
2 74 -8.007801683408356e-07
5 74 -3.193832401010068e-07
8 74 8.443457896560437e-08
11 74 -7.395341797451706e-07
14 74 1.426286200135911e-07
17 74 3.067207083032237e-07
50 74 1.357827339748249e-06
53 74 -3.56457568263828e-07
65 74 1.54619138218056e-07
71 74 1.199983693175586e-06
74 74 2.727258772888448e-06
77 74 9.661334340946824e-08
86 74 -9.195308484628752e-08
92 74 3.499930473906058e-07
98 74 9.547885068112105e-09
101 74 2.146906493731734e-08
104 74 1.150143876744346e-08
3 75 -8.007801683408356e-07
6 75 -3.193832401010068e-07
9 75 8.443457896560437e-08
12 75 -7.395341797451706e-07
15 75 1.426286200135911e-07
18 75 3.067207083032237e-07
51 75 1.357827339748249e-06
54 75 -3.56457568263828e-07
66 75 1.54619138218056e-07
72 75 1.199983693175586e-06
75 75 2.727258772888448e-06
78 75 9.661334340946824e-08
87 75 -9.195308484628752e-08
