%%MatrixMarket matrix coordinate real general
654 654 4884
1 1   0.1347489847734323
2 1 -0.01211053879945773
3 1 0.002308027270505678
13 1 -0.04426879178749686
14 1 0.002424521505637166
15 1 0.008810214499984207
19 1 -0.01579238704676772
20 1 0.0003609992038126238
21 1  0.01003027692812137
1 2 -0.01211053879945773
2 2   0.1307156017063714
3 2 -0.01323939181986192
13 2 0.0004060656434967877
14 2  -0.0174682831852368
15 2 0.008335085585259304
19 2 0.003804624974198229
20 2 -0.04570057480463417
21 2 0.008901066382363359
1 3 0.002308027270505681
2 3 -0.01323939181986192
3 3   0.1817194609327405
13 3 0.001066143221114701
14 3 0.008048278039801017
15 3 -0.006142458627393392
19 3 0.009998971605469403
20 3 0.001124949494897673
21 3 -0.00699676116858873
4 4                    1
5 5                    1
6 6                    1
7 7                    1
8 8                    1
9 9                    1
10 10                    1
11 11                    1
12 12                    1
1 13 -0.04426879178749686
2 13 0.0004060656434967894
3 13 0.001066143221114701
13 13   0.6685636092924677
14 13 0.004016621168292591
15 13 -0.04163576610865278
19 13 0.007300978139352436
20 13  0.01867573707291435
21 13 -0.002335368752346945
28 13  -0.2265176922680247
29 13 -0.02841142451540953
30 13  0.03127293118791607
37 13 -0.03848135220476201
38 13 0.006226903028148631
39 13 0.008967276920785243
1 14 0.002424521505637166
2 14  -0.0174682831852368
3 14 0.008048278039801016
13 14 0.004016621168292588
14 14   0.3954103130165877
15 14  0.01228617235873164
19 14  0.01966544576887881
20 14 0.008051231712143885
21 14 0.0004765126726528788
28 14 -0.02582416654957924
29 14  -0.1517920600299738
30 14 -0.01363643485406509
37 14 0.004285946108931772
38 14 -0.02701543944722021
39 14  0.00990719365927459
1 15 0.008810214499984207
2 15 0.008335085585259304
3 15 -0.006142458627393392
13 15 -0.04163576610865277
14 15  0.01228617235873164
15 15    0.521245290068715
19 15 0.003146926919556972
20 15 -0.005070846152626647
21 15  0.02808456866505869
28 15  0.02542629354871618
29 15  -0.0281381244608604
30 15  -0.1034552328157562
37 15 0.002502727550359077
38 15  0.01034231467432042
39 15 -0.009382269243239438
16 16                    1
17 17                    1
18 18                    1
1 19 -0.01579238704676772
2 19 0.003804624974198229
3 19 0.009998971605469403
13 19 0.007300978139352437
14 19  0.01966544576887881
15 19 0.003146926919556972
19 19   0.1905663097389833
20 19  0.03197558258104023
21 19  0.05499786262973403
28 19 -0.07426602571601135
29 19 -0.03478859879351658
30 19 -0.00953466258534473
49 19 0.001232107007258138
50 19 -0.007249766695278959
51 19 0.004647916318599379
1 20 0.0003609992038126238
2 20 -0.04570057480463417
3 20 0.001124949494897673
13 20  0.01867573707291435
14 20 0.008051231712143885
15 20 -0.005070846152626647
19 20  0.03197558258104023
20 20   0.1928849377283152
21 20  0.02186118954070509
28 20 -0.03344866156457554
29 20 -0.04111433110380034
30 20 -0.005696372843008716
49 20 -0.004473477044061581
50 20 -0.009903621232643531
51 20 -0.003020687179652506
1 21  0.01003027692812137
2 21 0.008901066382363359
3 21 -0.00699676116858873
13 21 -0.002335368752346945
14 21 0.0004765126726528797
15 21  0.02808456866505869
19 21  0.05499786262973403
20 21   0.0218611895407051
21 21   0.2570500142470668
28 21 -0.02140470379093602
29 21  -0.0132067773111037
30 21 -0.01118210436241334
49 21 0.003657616319480897
50 21 -0.007045644583274089
51 21 0.007625697216674348
22 22                    1
23 23                    1
24 24                    1
25 25                    1
26 26                    1
27 27                    1
13 28  -0.2265176922680245
14 28 -0.02582416654957924
15 28  0.02542629354871617
19 28 -0.07426602571601135
20 28 -0.03344866156457554
21 28 -0.02140470379093602
28 28   0.5365686345906462
29 28 -0.006687112495493748
30 28 -0.03177246734595841
37 28 0.008130939849700338
38 28  0.01698659572574585
39 28 0.007250152916553136
49 28    0.016334961597168
50 28  0.01093346309037878
51 28 0.008875831864398706
52 28 -0.07296872731124467
53 28  0.01840516895569032
54 28 -0.005633884610926562
61 28  0.00682986203115236
62 28 -0.03208480819727823
63 28 0.006098860015892283
64 28  -0.1272543130988394
65 28  0.01868195211680366
66 28  0.06012963134589162
13 29 -0.02841142451540951
14 29  -0.1517920600299738
15 29 -0.02813812446086041
19 29 -0.03478859879351658
20 29 -0.04111433110380034
21 29  -0.0132067773111037
28 29 -0.006687112495493744
29 29   0.6089977893995018
30 29  0.04709417712006785
37 29  0.01612219009925744
38 29 0.006843804616238712
39 29 -0.00687237963674504
49 29  0.01159352178168471
50 29  0.01310678721226088
51 29  0.01128140457621852
52 29  0.02242138584727474
53 29  -0.2344988053310433
54 29 -0.05536265420588822
61 29 -0.03088063913737508
62 29 0.006606219068924929
63 29  0.03265848738820291
64 29   0.0177945544503315
65 29 -0.06419178461162925
66 29 -0.03235409666045423
13 30  0.03127293118791607
14 30 -0.01363643485406509
15 30  -0.1034552328157562
19 30 -0.009534662585344732
20 30 -0.005696372843008716
21 30 -0.01118210436241334
28 30 -0.03177246734595841
29 30   0.0470941771200677
30 30   0.6429649525174238
37 30 0.002488129389993584
38 30 -0.002027349780712701
39 30  0.02241373525508655
49 30  0.01260496966782579
50 30 0.007581747877889497
51 30   0.0420137524504549
52 30 -0.002615601020473902
53 30 -0.07569503022927029
54 30 -0.08499029734918392
61 30 -0.0005132271016898334
62 30  0.02589449958036028
63 30  0.02150151618475347
64 30  0.04477232261484922
65 30  -0.0299257543326465
66 30 -0.08161881902478668
31 31                    1
32 32                    1
33 33                    1
34 34                    1
35 35                    1
36 36                    1
13 37 -0.03848135220476201
14 37 0.004285946108931757
15 37 0.002502727550359077
28 37 0.008130939849700338
29 37  0.01612219009925744
30 37 0.002488129389993584
37 37   0.2148201720085871
38 37  0.01845507731010766
39 37  0.05246025625273688
64 37 -0.05510880658481607
65 37 -0.02367952862478544
66 37 -0.00733186393639657
70 37 -0.001026561644089965
71 37 -0.009695138452883945
72 37 -0.004929125142364849
73 37 -0.01158909303203874
74 37 0.006448715304654299
75 37 -0.001397792980101269
13 38 0.006226903028148631
14 38 -0.02701543944722021
15 38  0.01034231467432042
28 38  0.01698659572574585
29 38 0.006843804616238712
30 38 -0.002027349780712701
37 38  0.01845507731010766
38 38   0.1725466239943917
39 38  0.04405912057684886
64 38 -0.02185276366372296
65 38 -0.06734965453060535
66 38 -0.02232323445054971
70 38 -0.009130040305556936
71 38 0.001491865687248651
72 38 -0.002361492848657651
73 38 0.004230595292533269
74 38 -0.001468985975585675
75 38 0.004854855789325388
13 39 0.008967276920785243
14 39  0.00990719365927459
15 39 -0.009382269243239438
28 39 0.007250152916553136
29 39 -0.00687237963674504
30 39  0.02241373525508655
37 39  0.05246025625273688
38 39  0.04405912057684886
39 39   0.2693911346132171
64 39  -0.0104025854926928
65 39 -0.03259360732308721
66 39 -0.03389245687149713
70 39 -0.008056935981711231
71 39 -0.005528891708044045
72 39 0.008769139394966867
73 39 -0.004562618628994733
74 39 0.007231029146483913
75 39 0.003734310407053809
40 40                    1
41 41                    1
42 42                    1
43 43                    1
44 44                    1
45 45                    1
46 46                    1
47 47                    1
48 48                    1
19 49 0.001232107007258138
20 49 -0.004473477044061581
21 49 0.003657616319480897
28 49    0.016334961597168
29 49  0.01159352178168471
30 49  0.01260496966782579
49 49   0.2834777380997578
50 49 0.005011366234077087
51 49  0.03201919088720449
52 49  -0.1412852717847077
53 49 -0.008349267696644048
54 49 -0.008385327020909971
88 49 0.001276603072241643
89 49 -0.007192670122188685
90 49 0.004630445092069051
19 50 -0.007249766695278959
20 50 -0.009903621232643531
21 50 -0.007045644583274089
28 50  0.01093346309037878
29 50  0.01310678721226088
30 50 0.007581747877889497
49 50 0.005011366234077087
50 50   0.4360764397741299
51 50 -0.02081195261049704
52 50 -0.007688237816931873
53 50  -0.1832439374635602
54 50 0.007195262789585466
88 50 -0.00443121808366021
89 50 -0.009759004122990777
90 50 -0.002974226540052411
19 51 0.004647916318599379
20 51 -0.003020687179652506
21 51 0.007625697216674348
28 51 0.008875831864398703
29 51  0.01128140457621852
30 51  0.04201375245045489
49 51  0.03201919088720449
50 51 -0.02081195261049704
51 51   0.3524163031763888
52 51  -0.0213991264772305
53 51 0.003490162539440816
54 51 -0.09983205067869669
88 51 0.003651952720923788
89 51 -0.00694486335553411
90 51 0.007540691600502351
28 52 -0.07296872731124467
29 52  0.02242138584727474
30 52 -0.002615601020473902
49 52  -0.1412852717847077
50 52 -0.00768823781693187
51 52  -0.0213991264772305
52 52   0.5412606710426914
53 52 -0.00196415280886279
54 52 -0.03022392017272105
61 52  -0.1675070048524226
62 52 -0.004977329275913701
63 52  0.05476301277436203
88 52  0.01597973163485339
89 52  0.01076385532966584
90 52 0.008725958100189772
94 52  0.00693688278281601
95 52 -0.03171895008547894
96 52 0.006457912174677656
97 52 -0.06046272751654542
98 52    0.020143957270557
99 52 -0.003569713684425607
28 53  0.01840516895569032
29 53  -0.2344988053310433
30 53 -0.07569503022927029
49 53 -0.008349267696644048
50 53  -0.1832439374635602
51 53 0.003490162539440816
52 53 -0.00196415280886279
53 53    0.714813198786581
54 53   0.1045232787416938
61 53 -0.005681630859735555
62 53 -0.09827212081936548
63 53 0.0004594127681739968
88 53  0.01141122934937955
89 53  0.01274147183187589
90 53  0.01098952110265138
94 53 -0.03024169229567216
95 53 0.006105217082446689
96 53 0.004230488469357181
97 53  0.02324941787374007
98 53  -0.1622697688093325
99 53 -0.03752850355192444
28 54 -0.005633884610926562
29 54 -0.05536265420588822
30 54 -0.08499029734918392
49 54 -0.008385327020909971
50 54 0.007195262789585466
51 54 -0.09983205067869669
52 54 -0.03022392017272105
53 54   0.1045232787416938
54 54   0.6959680738703531
61 54   0.0386763999662835
62 54 0.004463090396134208
63 54 -0.09980952185030358
88 54  0.01239172993673719
89 54 0.007360962521566621
90 54  0.04099937384726405
94 54 0.0003985072501197853
95 54 -0.001858469990722738
96 54  0.02091049467223267
97 54 -0.0007945188009595861
98 54 -0.05465725109688895
99 54 -0.06419878073486254
55 55                    1
56 56                    1
57 57                    1
58 58                    1
59 59                    1
60 60                    1
28 61  0.00682986203115236
29 61 -0.03088063913737508
30 61 -0.0005132271016898334
52 61  -0.1675070048524226
53 61 -0.005681630859735562
54 61   0.0386763999662835
61 61    0.440612742762361
62 61 -0.004487182860366604
63 61 -0.007519839745824517
64 61 -0.02337436208277505
65 61  0.02268889645259255
66 61 0.004985185803032202
94 61 -0.03403247973416625
95 61  0.02454288969725021
96 61 -2.974718967129267e-05
112 61  -0.0738519055230612
113 61 0.004228331019254499
114 61  0.02725621871958944
115 61 0.006174719600587152
116 61  -0.0187763055279214
117 61 0.004910004767301765
28 62 -0.03208480819727823
29 62 0.006606219068924929
30 62  0.02589449958036028
52 62 -0.00497732927591393
53 62 -0.09827212081936548
54 62 0.004463090396134208
61 62 -0.004487182860366638
62 62   0.4641310092702196
63 62 -0.001032031320763832
64 62  0.02037611826849532
65 62  -0.1118992873994734
66 62 -0.02144088516733134
94 62   0.0268277259255676
95 62  -0.1346552652420223
96 62 0.007620731811421947
112 62  0.00388948833321431
113 62  -0.0243161340693159
114 62 -0.004530542206523873
115 62 -0.01796173354351067
116 62 0.005675951179068923
117 62 0.005840875282359634
28 63 0.006098860015892283
29 63  0.03265848738820291
30 63  0.02150151618475347
52 63  0.05476301277436204
53 63 0.0004594127681739968
54 63 -0.09980952185030358
61 63 -0.007519839745824517
62 63 -0.001032031320763825
63 63   0.4591185610072404
64 63 -8.429725955924009e-05
65 63 -0.007219452094726862
66 63 -0.01652076042545992
94 63 0.005360061420228242
95 63 -0.00758428815458158
96 63 -0.02277604925337854
112 63  0.01479179009733638
113 63 -0.001923015164743658
114 63 -0.02025261592903487
115 63 0.0003438115590866549
116 63 0.001275165084024222
117 63   0.0193124761879631
28 64  -0.1272543130988394
29 64   0.0177945544503315
30 64  0.04477232261484922
37 64 -0.05510880658481607
38 64 -0.02185276366372296
39 64  -0.0104025854926928
61 64 -0.02337436208277505
62 64  0.02037611826849532
63 64 -8.429725955924009e-05
64 64   0.4291518616225432
65 64 -0.03522070697462292
66 64 -0.03031216468054987
70 64 -0.08409324247403326
71 64  0.02359196758508376
72 64  0.05481231848345758
112 64 0.006471161869732655
113 64 -0.009663684991338167
114 64 0.004540808457445453
28 65  0.01868195211680366
29 65 -0.06419178461162925
30 65  -0.0299257543326465
37 65 -0.02367952862478544
38 65 -0.06734965453060535
39 65 -0.03259360732308721
61 65  0.02268889645259255
62 65  -0.1118992873994734
63 65 -0.007219452094726862
64 65 -0.03522070697462292
65 65   0.4390299772239096
66 65  0.04945603997335982
70 65  0.02230140329631664
71 65 -0.05894572855135585
72 65 -0.02832801662288272
112 65 -0.009022196740099641
113 65 0.006008479133434505
114 65 0.008860748236418749
28 66  0.06012963134589163
29 66 -0.03235409666045423
30 66 -0.08161881902478668
37 66 -0.00733186393639657
38 66 -0.02232323445054971
39 66 -0.03389245687149713
61 66 0.004985185803032202
62 66 -0.02144088516733134
63 66 -0.01652076042545992
64 66 -0.03031216468054987
65 66  0.04945603997335982
66 66   0.5273240154446509
70 66  0.04067349560431886
71 66 -0.02192367622158397
72 66 -0.06768999619876521
112 66 0.001038005314996327
113 66 0.005365098759924375
114 66  0.02010539887628483
67 67                    1
68 68                    1
69 69                    1
37 70 -0.001026561644089965
38 70 -0.009130040305556936
39 70 -0.008056935981711231
64 70 -0.08409324247403326
65 70  0.02230140329631664
66 70  0.04067349560431886
70 70   0.5367937421803649
71 70 -0.01758725034499739
72 70 0.006462689060934661
73 70  -0.3031936200149447
74 70 0.005099777208455876
75 70  0.04980758342581087
112 70 -0.002576634601551729
113 70  0.01009607509644306
114 70 0.0002658711395302814
118 70  -0.1152288428513469
119 70 -0.0005561828633163061
120 70 -0.03125367778194015
124 70 0.006001709466704287
125 70   -0.011882489246314
126 70 0.004125942828118109
37 71 -0.009695138452883945
38 71 0.001491865687248651
39 71 -0.005528891708044038
64 71  0.02359196758508376
65 71 -0.05894572855135585
66 71 -0.02192367622158397
70 71 -0.01758725034499739
71 71   0.3463524148984474
72 71  0.04880641609092644
73 71 0.003160971879647818
74 71  -0.1426582178501614
75 71 -0.02898675502816121
112 71  0.01113679714268472
113 71 -0.02301799195705598
114 71  0.00525418027761032
118 71 -0.0008154097954266373
119 71 -0.04058033087925839
120 71 -0.000316755162373884
124 71 -0.01130432453798389
125 71 0.005388842612688006
126 71 -0.007991244594552924
37 72 -0.004929125142364849
38 72 -0.002361492848657651
39 72 0.008769139394966867
64 72  0.05481231848345758
65 72 -0.02832801662288272
66 72 -0.06768999619876521
70 72 0.006462689060934661
71 72  0.04880641609092644
72 72   0.5634056961344706
73 72  0.04674032146914721
74 72 -0.01811966969778334
75 72  -0.1143736552205377
112 72 0.003628628201346845
113 72 -0.001383261980693806
114 72  0.01080179586279274
118 72 -0.04523935367787275
119 72 0.001136222683992664
120 72 -0.05073029166158319
124 72 0.0008811220980764105
125 72 -0.01123188207737916
126 72  0.01894006617143262
37 73 -0.01158909303203874
38 73 0.004230595292533269
39 73 -0.004562618628994732
70 73  -0.3031936200149447
71 73 0.003160971879647818
72 73  0.04674032146914721
73 73   0.5082994047870799
74 73 0.0007139025656417656
75 73 -0.03062168703955626
118 73 -0.0008769406109838124
119 73 -0.009960811518429213
120 73 -0.005056908066062247
130 73 -0.01232057238797505
131 73 0.006621793677400243
132 73 -0.001460489403878064
37 74 0.006448715304654299
38 74 -0.001468985975585675
39 74 0.007231029146483913
70 74 0.005099777208455876
71 74  -0.1426582178501614
72 74 -0.01811966969778334
73 74 0.0007139025656417656
74 74   0.2364963048289467
75 74  0.04862620264477569
118 74 -0.009399334903630711
119 74 0.001555389822232777
120 74 -0.002356682124000944
130 74 0.004366909085947251
131 74 -0.001811942300827196
132 74 0.004801122628504415
37 75 -0.001397792980101269
38 75 0.004854855789325388
39 75 0.003734310407053808
70 75  0.04980758342581087
71 75 -0.02898675502816121
72 75  -0.1143736552205377
73 75 -0.03062168703955626
74 75  0.04862620264477569
75 75   0.3221715492056729
118 75 -0.008182128096485095
119 75 -0.005503782141399011
120 75 0.008518334551200527
130 75 -0.004663763095655552
131 75 0.007167565622129455
132 75 0.003322181090924064
76 76                    1
77 77                    1
78 78                    1
79 79                    1
80 80                    1
81 81                    1
82 82                    1
83 83                    1
84 84                    1
85 85                    1
86 86                    1
87 87                    1
49 88 0.001276603072241643
50 88 -0.00443121808366021
51 88 0.003651952720923788
52 88  0.01597973163485339
53 88  0.01141122934937955
54 88  0.01239172993673719
88 88   0.3678844823064378
89 88  0.04280072578606294
90 88   0.1026568135563626
97 88  -0.1790976489954403
98 88  -0.0187426154792609
99 88 -0.04232093783083939
145 88  0.00166085127185227
146 88 -0.01198252032133629
147 88 -0.0007191169617491791
151 88 0.004380745506609105
152 88 0.002233856483700723
153 88  0.00759236972863065
49 89 -0.007192670122188685
50 89 -0.009759004122990777
51 89 -0.006944863355534111
52 89  0.01076385532966584
53 89  0.01274147183187589
54 89 0.007360962521566621
88 89  0.04280072578606294
89 89   0.4769687415771762
90 89   0.1922797316256255
97 89   -0.018963896924346
98 89  -0.1997750384290798
99 89 -0.08634481015868579
145 89 -0.01113665157318188
146 89 0.003323044447985224
147 89 -0.007824674420276779
151 89 0.005008125798720371
152 89 -0.008842223159135298
153 89 -0.002965494771598705
49 90 0.004630445092069051
50 90 -0.002974226540052411
51 90 0.007540691600502351
52 90 0.008725958100189772
53 90  0.01098952110265138
54 90  0.04099937384726405
88 90   0.1026568135563626
89 90   0.1922797316256255
90 90    0.637779174801352
97 90 -0.05504131641718056
98 90 -0.08606090996304169
99 90  -0.2261782027589013
145 90 -0.004620799793701526
146 90 -0.01174320035602458
147 90  0.01349687911300653
151 90  0.01052845786777424
152 90 -0.006930022519128991
153 90 0.008433475458914864
91 91                    1
92 92                    1
93 93                    1
52 94  0.00693688278281601
53 94 -0.03024169229567216
54 94 0.0003985072501197853
61 94 -0.03403247973416625
62 94   0.0268277259255676
63 94 0.005360061420228242
94 94   0.4815627651117533
95 94 -0.01145746389241931
96 94  0.02931596893791099
97 94  -0.1731004625238353
98 94  0.02938473477082346
99 94 -0.005933434853156654
115 94  -0.1247113624615697
116 94 -0.02041020325338977
117 94  0.02265616099003944
154 94 -0.05053303469392641
155 94 -0.01019327449806738
156 94 -0.001506263019599916
52 95 -0.03171895008547894
53 95 0.006105217082446689
54 95 -0.001858469990722738
61 95  0.02454288969725021
62 95  -0.1346552652420223
63 95 -0.00758428815458158
94 95 -0.01145746389241931
95 95   0.4630687333462057
96 95 -0.04013675804950015
97 95   0.0303848603126556
98 95 -0.04647603131276328
99 95 0.001189440729437647
115 95  -0.0201014847487056
116 95 -0.03604399122395462
117 95 -0.004342976398908991
154 95 -0.007531218493799039
155 95  -0.1565385262078244
156 95  0.03261600529904358
52 96 0.006457912174677656
53 96 0.004230488469357181
54 96  0.02091049467223267
61 96 -2.974718967129267e-05
62 96 0.007620731811421947
63 96 -0.02277604925337854
94 96  0.02931596893791099
95 96 -0.04013675804950014
96 96   0.4173299915547599
97 96  0.01055939550853991
98 96 -0.004685453569848069
99 96 -0.03611103022857969
115 96 0.008263298222600884
116 96 -0.006073356589028173
117 96 -0.02319339418498988
154 96 -0.002353468011438769
155 96  0.01769506954402621
156 96  -0.0395872085598175
52 97 -0.06046272751654542
53 97  0.02324941787374007
54 97 -0.0007945188009595861
88 97  -0.1790976489954403
89 97   -0.018963896924346
90 97 -0.05504131641718056
94 97  -0.1731004625238353
95 97   0.0303848603126556
96 97  0.01055939550853991
97 97   0.5715682089772774
98 97 -0.06488784318205514
99 97  0.01675053521343717
145 97 -0.08147782756516685
146 97  0.05001880145651171
147 97 0.001141916120831046
154 97  0.01058628898295684
155 97 -0.03381092807725111
156 97  0.01347981758372346
52 98    0.020143957270557
53 98  -0.1622697688093325
54 98 -0.05465725109688895
88 98  -0.0187426154792609
89 98  -0.1997750384290798
90 98 -0.08606090996304169
94 98  0.02938473477082346
95 98 -0.04647603131276328
96 98 -0.004685453569848069
97 98 -0.06488784318205514
98 98   0.5911716646671415
99 98   0.1035942058451146
145 98   0.0529094305807266
146 98  -0.1650873980209454
147 98 -0.009654431256215458
154 98 -0.03272647857069148
155 98 0.006796090938864509
156 98 0.003834452386232499
52 99 -0.003569713684425607
53 99 -0.03752850355192444
54 99 -0.06419878073486254
88 99 -0.04232093783083939
89 99 -0.08634481015868579
90 99  -0.2261782027589013
94 99 -0.005933434853156654
95 99 0.001189440729437647
96 99 -0.03611103022857969
97 99  0.01675053521343717
98 99   0.1035942058451146
99 99   0.6298293151878703
145 99 0.008584900822704366
146 99 -0.02673008600735017
147 99  -0.0437342374236938
154 99 0.007481196011143671
155 99 -0.002243932663139398
156 99  0.02017062391640655
100 100                    1
101 101                    1
102 102                    1
103 103                    1
104 104                    1
105 105                    1
106 106                    1
107 107                    1
108 108                    1
109 109                    1
110 110                    1
111 111                    1
61 112  -0.0738519055230612
62 112  0.00388948833321431
63 112  0.01479179009733638
64 112 0.006471161869732655
65 112 -0.009022196740099641
66 112 0.001038005314996327
70 112 -0.002576634601551729
71 112  0.01113679714268472
72 112 0.003628628201346845
112 112   0.4427556493515518
113 112 -0.09464807038640369
114 112 -0.03715448812110714
115 112  -0.0371760268087014
116 112  0.01686584950819302
117 112 -0.0005708720100007069
124 112  -0.1732957866993147
125 112   0.1044125298327769
126 112   0.0249447469026976
172 112 0.005945964230500795
173 112 -0.01881586580887009
174 112 0.004828582410560895
61 113 0.004228331019254499
62 113  -0.0243161340693159
63 113 -0.00192301516474366
64 113 -0.009663684991338167
65 113 0.006008479133434505
66 113 0.005365098759924375
70 113  0.01009607509644306
71 113 -0.02301799195705598
72 113 -0.001383261980693802
112 113 -0.09464807038640369
113 113    0.588449542454075
114 113  0.01621729344861485
115 113  0.01980158986766693
116 113  -0.1431530848960131
117 113 -0.003942119257430371
124 113    0.102379263793662
125 113  -0.2014417192048648
126 113 -0.02279912811240214
172 113 -0.01796288382155349
173 113 0.005654480862131253
174 113  0.02376269961965284
61 114  0.02725621871958944
62 114 -0.004530542206523876
63 114 -0.02025261592903487
64 114 0.004540808457445453
65 114 0.008860748236418749
66 114  0.02010539887628483
70 114 0.0002658711395302814
71 114  0.00525418027761032
72 114  0.01080179586279274
112 114 -0.03715448812110714
113 114  0.01621729344861485
114 114   0.4694692909087346
115 114 0.004128997816032053
116 114 -0.02039706732271633
117 114 -0.02442146195710137
124 114  0.01152970363970751
125 114 -0.01130664648706778
126 114 -0.08706532934123587
172 114 -7.487555147985686e-05
173 114  0.01898169974116458
174 114  0.01870319547924686
61 115 0.006174719600587152
62 115 -0.01796173354351067
63 115 0.0003438115590866549
94 115  -0.1247113624615697
95 115  -0.0201014847487056
96 115 0.008263298222600884
112 115  -0.0371760268087014
113 115  0.01980158986766693
114 115 0.004128997816032054
115 115   0.4699922799442366
116 115  0.02886681872619106
117 115 -0.01665405760265408
154 115 0.005707316122539485
155 115  0.03240687433328483
156 115 -0.0005017892250628372
172 115  -0.1398527042403226
173 115 -0.009475034307451523
174 115  0.05198376800037247
175 115 0.005637212386292946
176 115 -0.02924727554079899
177 115 0.005010458034211422
178 115 -0.04706509470917961
179 115 -0.005894521072563981
180 115 0.002151454437390963
61 116  -0.0187763055279214
62 116 0.005675951179068923
63 116 0.001275165084024206
94 116 -0.02041020325338977
95 116 -0.03604399122395462
96 116 -0.006073356589028173
112 116  0.01686584950819302
113 116  -0.1431530848960131
114 116 -0.02039706732271633
115 116  0.02886681872619106
116 116   0.5637037472767141
117 116 -0.01881818829074963
154 116  0.03342717525739425
155 116 0.005299639351664907
156 116 0.006295396750980863
172 116 -0.009823288480632967
173 116 -0.08593230998627316
174 116 0.004165785737357944
175 116 -0.02827574719179608
176 116 0.005273460087835023
177 116 0.007554668671311813
178 116 -0.00302530994315471
179 116  -0.1756256323086067
180 116 -0.01007891126640288
61 117 0.004910004767301765
62 117 0.005840875282359634
63 117   0.0193124761879631
94 117  0.02265616099003944
95 117 -0.004342976398908991
96 117 -0.02319339418498988
112 117 -0.0005708720100007069
113 117 -0.003942119257430371
114 117 -0.02442146195710137
115 117 -0.01665405760265408
116 117 -0.01881818829074963
117 117   0.5593257063472216
154 117 0.005234721133578122
155 117 0.0005765672015634908
156 117  0.01799196035977789
172 117  0.03750196948391264
173 117 0.006117765010570486
174 117 -0.09029498260356801
175 117 -0.0005272355397660626
176 117 0.002109211454632207
177 117  0.01799103816584551
178 117 0.002059836915907262
179 117 -0.02616096020183424
180 117 -0.03730240197668375
70 118  -0.1152288428513469
71 118 -0.0008154097954266373
72 118 -0.04523935367787275
73 118 -0.0008769406109838124
74 118 -0.009399334903630714
75 118 -0.008182128096485095
118 118   0.5054492008130285
119 118 -0.06646577165527671
120 118  0.03365839738776277
124 118 -0.05538949204800406
125 118   0.0112737910957173
126 118 -0.002055040523563945
130 118 -0.01758976919221827
131 118  0.00629802679775486
132 118  0.01181439054224402
181 118  0.00670569681812247
182 118 -0.02189538245662738
183 118 0.004119846060493391
190 118   -0.151339280542031
191 118  0.06026244669567742
192 118  0.03272946674907652
70 119 -0.0005561828633163044
71 119 -0.04058033087925839
72 119 0.001136222683992664
73 119 -0.009960811518429213
74 119 0.001555389822232777
75 119 -0.005503782141399011
118 119 -0.06646577165527673
119 119   0.5705795254731337
120 119 0.003839878029191757
124 119  0.01475656023608103
125 119  -0.2101808361727281
126 119 0.003145755569791305
130 119  0.00339598334848623
131 119 -0.06724880207895365
132 119  -0.0436469408217915
181 119 -0.02095890667938657
182 119 0.006756971332508891
183 119   0.0203727079458849
190 119  0.05932154434537636
191 119 -0.08857389872030089
192 119 -0.02264704291448145
70 120 -0.03125367778194015
71 120 -0.0003167551623738849
72 120 -0.05073029166158319
73 120 -0.005056908066062247
74 120 -0.002356682124000944
75 120 0.008518334551200527
118 120  0.03365839738776277
119 120 0.003839878029191757
120 120   0.5616320258349741
124 120 0.001981853596175072
125 120 -0.01637531179678656
126 120 -0.05465172519005049
130 120 0.007343584649169278
131 120 -0.03099725752612256
132 120 -0.03077494089632381
181 120 -0.001201838267636011
182 120  0.01512372186672744
183 120  0.02292909582856789
190 120  0.01629839698661813
191 120 -0.01369758710744503
192 120 -0.04577555209231392
121 121                    1
122 122                    1
123 123                    1
70 124 0.006001709466704287
71 124 -0.01130432453798389
72 124 0.0008811220980764114
112 124  -0.1732957866993147
113 124    0.102379263793662
114 124  0.01152970363970751
118 124 -0.05538949204800406
119 124  0.01475656023608103
120 124 0.001981853596175059
124 124   0.4886583084104383
125 124 -0.04387731286292908
126 124 -0.01510933150615291
172 124 -0.01200308593335671
173 124 -0.001380276451264052
174 124 0.002674465203360055
181 124   -0.124733126999407
182 124  -0.0326621814293864
183 124  0.04600929017976992
70 125   -0.011882489246314
71 125 0.005388842612688006
72 125 -0.01123188207737915
112 125   0.1044125298327769
113 125  -0.2014417192048648
114 125 -0.01130664648706778
118 125  0.01127379109571728
119 125  -0.2101808361727281
120 125 -0.01637531179678656
124 125 -0.04387731286292909
125 125   0.6885409810806955
126 125  0.04041086945280877
172 125 0.000471243200484469
173 125 -0.05730589796709372
174 125 0.005351573560768121
181 125 -0.03218503115548392
182 125 -0.07096212095143947
183 125 0.0005599600106003001
70 126 0.004125942828118109
71 126 -0.007991244594552924
72 126  0.01894006617143262
112 126   0.0249447469026976
113 126 -0.02279912811240214
114 126 -0.08706532934123587
118 126 -0.002055040523563945
119 126 0.003145755569791307
120 126 -0.05465172519005049
124 126 -0.01510933150615291
125 126  0.04041086945280877
126 126   0.4806479997780762
172 126 0.002558189925659251
173 126 -0.004586298506654493
174 126 0.001347902699588537
181 126  0.03131563084217896
182 126 -0.00256492920534134
183 126 -0.05944554694741945
127 127                    1
128 128                    1
129 129                    1
73 130 -0.01232057238797505
74 130 0.004366909085947251
75 130 -0.004663763095655552
118 130 -0.01758976919221827
119 130 0.003395983348486232
120 130 0.007343584649169278
130 130   0.1109853431014651
131 130 0.002673024840185251
132 130  0.03256009227283285
190 130 -0.0009109621353845871
191 130 -0.01283150163900304
192 130 -0.007391695651995264
196 130 -0.01475860491537518
197 130 0.007944388627873401
198 130 -0.00180444286664143
73 131 0.006621793677400243
74 131 -0.001811942300827196
75 131 0.007167565622129455
118 131  0.00629802679775486
119 131 -0.06724880207895365
120 131 -0.03099725752612256
130 131 0.002673024840185251
131 131   0.1308426223980364
132 131  0.07030725116388145
190 131 -0.01261823874755694
191 131  0.00248858805556759
192 131 -0.002217788920989448
196 131 0.005274416187210886
197 131 -0.002373138804616363
198 131 0.005686867657281627
73 132 -0.001460489403878064
74 132 0.004801122628504415
75 132 0.003322181090924064
118 132  0.01181439054224402
119 132  -0.0436469408217915
120 132 -0.03077494089632381
130 132  0.03256009227283285
131 132  0.07030725116388145
132 132   0.2194218816044995
190 132 -0.01188789781163041
191 132 -0.006173180649003023
192 132  0.01226731770059388
196 132 -0.005581955740992886
197 132 0.008515001649487989
198 132 0.003690697196605893
133 133                    1
134 134                    1
135 135                    1
136 136                    1
137 137                    1
138 138                    1
139 139                    1
140 140                    1
141 141                    1
142 142                    1
143 143                    1
144 144                    1
88 145  0.00166085127185227
89 145 -0.01113665157318188
90 145 -0.004620799793701526
97 145 -0.08147782756516685
98 145   0.0529094305807266
99 145 0.008584900822704368
145 145   0.5288331949628603
146 145 -0.006429658634842447
147 145  0.03133384524081359
151 145 -0.07406012934816018
152 145 -1.858298708756028e-05
153 145 -0.03732310037597331
154 145  -0.1635901228613254
155 145 -0.03215610482298775
156 145 0.0005711766658423548
217 145  0.01546278569999413
218 145  0.01086857140379806
219 145 0.008398002918409227
223 145 -0.04332177257478363
224 145 -0.01481323949511116
225 145 -0.003875066885829236
88 146 -0.01198252032133629
89 146 0.003323044447985224
90 146 -0.01174320035602458
97 146  0.05001880145651171
98 146  -0.1650873980209454
99 146 -0.02673008600735017
145 146 -0.006429658634842447
146 146    0.531199567940447
147 146  0.03971906736080181
151 146 6.636304789107944e-05
152 146 -0.02103560902777827
153 146 0.0001918215527010028
154 146 -0.03229582746563461
155 146 -0.06846628620003507
156 146 -0.01099687565102099
217 146  0.01140838926660778
218 146  0.01217527894824094
219 146  0.01069263982314642
223 146 -0.01149095816096337
224 146  -0.1411115146033882
225 146 -0.00531232601718315
88 147 -0.0007191169617491791
89 147 -0.007824674420276779
90 147  0.01349687911300653
97 147 0.001141916120831046
98 147 -0.009654431256215457
99 147  -0.0437342374236938
145 147  0.03133384524081359
146 147  0.03971906736080181
147 147   0.4588019672637019
151 147 -0.02488307619757522
152 147 0.0001352166505654232
153 147 -0.02113713459190233
154 147 -0.01455438906251843
155 147   -0.012851028156393
156 147 -0.03827582026974892
217 147  0.01205900310202827
218 147 0.007116733437957171
219 147  0.03993145692170771
223 147 -0.007564416497108891
224 147 -0.02122960366689396
225 147 -0.04501398290873846
148 148                    1
149 149                    1
150 150                    1
88 151 0.004380745506609105
89 151 0.005008125798720371
90 151  0.01052845786777424
145 151 -0.07406012934816018
146 151 6.636304789107944e-05
147 151 -0.02488307619757522
151 151   0.1552037230510289
152 151 0.002453906510473054
153 151   0.0878365898019054
217 151 0.001402614415739882
218 151 -0.007484266323702582
219 151   0.0048240283320055
88 152 0.002233856483700723
89 152 -0.008842223159135298
90 152 -0.006930022519128991
145 152 -1.858298708756028e-05
146 152 -0.02103560902777827
147 152 0.0001352166505654232
151 152 0.002453906510473054
152 152   0.1019638253240012
153 152  0.01014142221861617
217 152 -0.004610524859708963
218 152 -0.009954631932186778
219 152 -0.003106178303159258
88 153  0.00759236972863065
89 153 -0.002965494771598705
90 153 0.008433475458914864
145 153 -0.03732310037597331
146 153 0.0001918215527010028
147 153 -0.02113713459190233
151 153   0.0878365898019054
152 153  0.01014142221861617
153 153   0.1975503774047852
217 153 0.003809917260963151
218 153 -0.007203599734811395
219 153 0.007845922720545023
94 154 -0.05053303469392641
95 154 -0.007531218493799039
96 154 -0.002353468011438768
97 154  0.01058628898295684
98 154 -0.03272647857069148
99 154 0.007481196011143671
115 154 0.005707316122539485
116 154  0.03342717525739425
117 154 0.005234721133578122
145 154  -0.1635901228613254
146 154 -0.03229582746563461
147 154 -0.01455438906251843
154 154   0.7801761971842186
155 154  0.03462174319496525
156 154   0.1180610814083528
178 154  -0.2016341459357837
179 154  0.00307066142522687
180 154 -0.02270052093159152
208 154  -0.2548877048513673
209 154 -0.004156232878388812
210 154 -0.05199444302496656
223 154 0.005821337299022561
224 154  0.03929062677217783
225 154 -0.001076803028324603
226 154 0.005331825594470624
227 154  -0.0437806051806566
228 154 0.005344334964460672
94 155 -0.01019327449806738
95 155  -0.1565385262078244
96 155  0.01769506954402621
97 155 -0.03381092807725111
98 155 0.006796090938864509
99 155 -0.002243932663139398
115 155  0.03240687433328483
116 155 0.005299639351664907
117 155 0.0005765672015634908
145 155 -0.03215610482298775
146 155 -0.06846628620003507
147 155   -0.012851028156393
154 155  0.03462174319496525
155 155   0.6596640948709263
156 155  0.02935794067808373
178 155 0.003037030796720999
179 155 -0.05599922531213126
180 155 -0.0005292012422671113
208 155 -0.001147813771959182
209 155  -0.2809154811179723
210 155 -0.05890700928007255
223 155  0.03996462991709312
224 155 0.005482772358331883
225 155  0.01841786395151282
226 155 -0.04265352647459301
227 155 0.004915675805864535
228 155 -0.002380612144614973
94 156 -0.001506263019599916
95 156  0.03261600529904358
96 156  -0.0395872085598175
97 156  0.01347981758372346
98 156   0.0038344523862325
99 156  0.02017062391640655
115 156 -0.0005017892250628372
116 156 0.006295396750980863
117 156  0.01799196035977789
145 156 0.0005711766658423548
146 156 -0.01099687565102099
147 156 -0.03827582026974892
154 156   0.1180610814083528
155 156  0.02935794067808373
156 156   0.6123677465685795
178 156 -0.03836249298674137
179 156 -0.0003407001564376946
180 156 -0.05216327630280403
208 156 -0.05181407211972098
209 156 -0.07600262057886191
210 156  -0.1686506975537987
223 156 0.005322329956613994
224 156   0.0122404820054048
225 156  0.01905357268311136
226 156 -0.0009881559258953978
227 156 -0.008697935648358171
228 156  0.01677349502486536
157 157                    1
158 158                    1
159 159                    1
160 160                    1
161 161                    1
162 162                    1
163 163                    1
164 164                    1
165 165                    1
166 166                    1
167 167                    1
168 168                    1
169 169                    1
170 170                    1
171 171                    1
112 172 0.005945964230500795
113 172 -0.01796288382155349
114 172 -7.487555147985686e-05
115 172  -0.1398527042403226
116 172 -0.009823288480632967
117 172  0.03750196948391264
124 172 -0.01200308593335671
125 172 0.000471243200484469
126 172 0.002558189925659251
172 172   0.4906030064458273
173 172 -0.01677557887807733
174 172 -0.0002356923851517252
175 172 -0.07713719640672913
176 172  0.04014838608702102
177 172 0.0001086510540500452
181 172 0.006811705172843714
182 172  0.02540370018877501
183 172 0.005644289893380399
238 172  -0.1601326045543735
239 172 -0.01451522276090255
240 172  0.01485199042145271
112 173 -0.01881586580887009
113 173 0.005654480862131253
114 173  0.01898169974116458
115 173 -0.009475034307451523
116 173 -0.08593230998627316
117 173 0.006117765010570486
124 173 -0.001380276451264052
125 173 -0.05730589796709372
126 173 -0.004586298506654493
172 173 -0.01677557887807733
173 173   0.4418792864479351
174 173 -0.07854415966081151
175 173  0.04315085157950361
176 173   -0.152462103445849
177 173  0.04768870896515903
181 173  0.02410211391445409
182 173  0.00628985698544912
183 173 0.001130521040276319
238 173 -0.01369925928669126
239 173 -0.04686008200536351
240 173 0.002956127446816284
112 174 0.004828582410560895
113 174  0.02376269961965284
114 174  0.01870319547924686
115 174  0.05198376800037247
116 174 0.004165785737357944
117 174 -0.09029498260356801
124 174 0.002674465203360055
125 174 0.005351573560768123
126 174 0.001347902699588547
172 174 -0.0002356923851517183
173 174 -0.07854415966081151
174 174    0.511896807117179
175 174 0.002643422355226055
176 174  0.03313712022955913
177 174 -0.07167299430330046
181 174 0.0002428578467985401
182 174 0.006586208265321141
183 174   0.0215200028472529
238 174 -0.002330927340643593
239 174 -0.001663119170804604
240 174 -0.04191702403171384
115 175 0.005637212386292946
116 175 -0.02827574719179608
117 175 -0.0005272355397660626
172 175 -0.07713719640672913
173 175  0.04315085157950361
174 175 0.002643422355226055
175 175   0.5161930148116258
176 175  0.03277822938877252
177 175  0.05327482764450216
178 175  -0.1767659778486997
179 175 -0.02441171978506853
180 175  0.01253352882292475
226 175 0.004948782584655638
227 175  0.04396578907188622
228 175 -0.001188693815533399
238 175 0.001239399093524448
239 175   0.0241397825079415
240 175 -0.01177266621493508
241 175 -0.05770728230291323
242 175  -0.0606112500066063
243 175 0.001061206880713587
244 175 -0.05432224425534712
245 175 -0.02310858927649225
246 175  0.01842446567005873
115 176 -0.02924727554079899
116 176 0.005273460087835023
117 176 0.002109211454632207
172 176  0.04014838608702102
173 176   -0.152462103445849
174 176  0.03313712022955913
175 176  0.03277822938877253
176 176   0.5094343546693278
177 176 -0.03876287984492316
178 176 -0.02467164889296756
179 176 -0.05316435398544643
180 176 -0.005818531848262516
226 176  0.04511258763246768
227 176 0.003962621722000094
228 176 0.006108215517340109
238 176   0.0231689480226103
239 176 0.006338689097877502
240 176 -0.006316142882120985
