%%MatrixMarket matrix coordinate real general
654 654 4378
1 1  0.04892998820890695
2 1 -0.007687125453140717
3 1 0.001328118340339233
13 1   -0.012660586424197
14 1 0.002085139023005782
15 1 0.001433657505168453
19 1 -0.004979254737731139
20 1 0.001800602859310779
21 1 0.002137180693076775
1 2 -0.007687125453140717
2 2  0.04718192748788894
3 2 -0.005873578782824703
13 2 0.001904151514516415
14 2 -0.005215559777038826
15 2 0.001451143351308911
19 2  0.00232395315253388
20 2 -0.01212018426527962
21 2  0.00113324150532321
1 3 0.001328118340339233
2 3 -0.005873578782824703
3 3  0.07859813597883225
13 3 -0.001133341802289885
14 3 0.001910484819913538
15 3 -0.0001427679179701749
19 3 0.002716934683461082
20 3 -0.001355769121231742
21 3 -0.0002945444396095171
4 4                    1
5 5                    1
6 6                    1
7 7                    1
8 8                    1
9 9                    1
10 10                    1
11 11                    1
12 12                    1
1 13   -0.012660586424197
2 13 0.001904151514516415
3 13 -0.001133341802289885
13 13   0.2559492428698402
14 13 -0.0009136515477968137
15 13 -0.01293963921840503
19 13  0.00148680937228516
20 13 0.003803224771305214
21 13 -0.0004755867066654554
28 13 -0.08601001509914155
29 13 -0.007869346696785655
30 13  0.01190161215445271
37 13 -0.008879946054099535
38 13 0.002216914667681852
39 13 0.001572129799162973
1 14 0.002085139023005782
2 14 -0.005215559777038826
3 14 0.001910484819913538
13 14 -0.0009136515477968137
14 14   0.1456535613724409
15 14 -0.003946582915847026
19 14 0.004004774226310472
20 14 0.001639594933661317
21 14 9.703953281210579e-05
28 14 -0.007019743898013762
29 14 -0.04840081646652843
30 14 -0.005436426088569859
37 14 0.001933119245269296
38 14 -0.006926943511475152
39 14 0.001865577942373876
1 15 0.001433657505168453
2 15 0.001451143351308911
3 15 -0.0001427679179701749
13 15 -0.01293963921840503
14 15 -0.003946582915847029
15 15   0.2091413637411161
19 15 0.0006408566562711473
20 15 -0.001032653630957053
21 15 0.005719288444753187
28 15  0.01028912887009346
29 15 -0.009876274135543171
30 15 -0.03675834798634461
37 15 3.19936260850045e-05
38 15 0.002277736189002743
39 15 -0.001847668631916659
16 16                    1
17 17                    1
18 18                    1
1 19 -0.004979254737731139
2 19  0.00232395315253388
3 19 0.002716934683461082
13 19  0.00148680937228516
14 19 0.004004774226310472
15 19 0.0006408566562711473
19 19  0.05923625019964768
20 19 0.008019258193767672
21 19 0.006773217182782572
28 19 -0.01705532016284774
29 19 -0.009368692825777528
30 19 -0.001427622244194385
49 19 4.747142482357631e-05
50 19 -0.0002793237540539176
51 19 0.000179077960603194
1 20  0.00180060285931078
2 20 -0.01212018426527962
3 20 -0.001355769121231741
13 20 0.003803224771305214
14 20 0.001639594933661317
15 20 -0.001032653630957053
19 20 0.008019258193767672
20 20  0.06234854914980389
21 20 0.005875819800254706
28 20 -0.008945404070136252
29 20 -0.01226568677179593
30 20 -0.001340280927441025
49 20 -0.0001723570501151435
50 20 -0.0003815731978287636
51 20 -0.0001163830117998903
1 21 0.002137180693076775
2 21  0.00113324150532321
3 21 -0.0002945444396095171
13 21 -0.0004755867066654554
14 21 9.703953281210579e-05
15 21 0.005719288444753187
19 21 0.006773217182782572
20 21 0.005875819800254706
21 21   0.1026885305225613
28 21 -0.004256812119506227
29 21 -0.003712832188050885
30 21 -0.001857370869605216
49 21 0.0001409230343800546
50 21 -0.0002714592037853173
51 21 0.0002938078511170138
22 22                    1
23 23                    1
24 24                    1
25 25                    1
26 26                    1
27 27                    1
13 28 -0.08601001509914155
14 28 -0.007019743898013762
15 28  0.01028912887009346
19 28 -0.01705532016284774
20 28 -0.008945404070136252
21 28 -0.004256812119506227
28 28   0.2753691407215287
29 28 -0.01601903775949564
30 28 -0.01175156392305858
37 28 0.001543024754366285
38 28 0.003223580321800275
39 28 0.001375876052458321
49 28 0.0006293640867945159
50 28 0.0004212516186490833
51 28 0.0003419738566662867
52 28 -0.03352820303508318
53 28  0.01415100265639585
54 28 0.002568806556643969
61 28 0.003167786052529618
62 28 -0.01495912306909023
63 28 0.002878071873802927
64 28  -0.0592004168785223
65 28  0.01116391081692036
66 28  0.03352701967098064
13 29 -0.007869346696785655
14 29 -0.04840081646652843
15 29 -0.009876274135543168
19 29 -0.009368692825777528
20 29 -0.01226568677179593
21 29 -0.003712832188050885
28 29 -0.01601903775949564
29 29   0.3319855142097353
30 29 0.009639215104587264
37 29 0.003059540333294585
38 29 0.001298762520951252
39 29 -0.001304185259874012
49 29 0.0004466827917200157
50 29 0.0005049868722118466
51 29 0.0004346573358398306
52 29  0.01709970769629466
53 29  -0.1271041020813089
54 29 -0.02271744864799255
61 29 -0.01435267802156879
62 29 0.003042357330145253
63 29  0.01510765591259729
64 29  0.01018538231499782
65 29 -0.02968981094440227
66 29 -0.01476009378068441
13 30  0.01190161215445271
14 30 -0.005436426088569859
15 30 -0.03675834798634461
19 30 -0.001427622244194385
20 30 -0.001340280927441025
21 30 -0.001857370869605216
28 30 -0.01175156392305858
29 30 0.009639215104587264
30 30   0.4170362266562468
37 30 0.0004721773019841611
38 30 -0.0003847342318631876
39 30 0.004253499469397803
49 30 0.0004856525175693882
50 30 0.000292114542240575
51 30 0.001618733339928653
52 30 0.005805855957673113
53 30 -0.03634691859911314
54 30 -0.02726312843356565
61 30 -0.0001971929209433109
62 30  0.01200419311233333
63 30 0.009876589776272994
64 30  0.02556296437652319
65 30 -0.01289105246129738
66 30 -0.04059977981066407
31 31                    1
32 32                    1
33 33                    1
34 34                    1
35 35                    1
36 36                    1
13 37 -0.008879946054099535
14 37 0.001933119245269296
15 37 3.19936260850045e-05
28 37 0.001543024754366285
29 37 0.003059540333294585
30 37 0.0004721773019841611
37 37  0.05787296396924063
38 37 0.004188473854117039
39 37  0.01525105993127535
64 37 -0.01603611270759428
65 37 -0.007066094954772256
66 37 -0.00315656517851489
70 37 -4.779546259468458e-05
71 37 -0.0004513938641125101
72 37 -0.0002294940763888652
73 37 -0.0005395740876433742
74 37 0.000300244347625983
75 37 -6.507954245143389e-05
13 38 0.002216914667681856
14 38 -0.006926943511475152
15 38 0.002277736189002742
28 38 0.003223580321800275
29 38 0.001298762520951252
30 38 -0.0003847342318631876
37 38 0.004188473854117039
38 38   0.0454615288947989
39 38 0.001433743601397519
64 38 -0.006712938975081229
65 38 -0.01374944786073374
66 38 -0.00373716103298041
70 38 -0.0004250835811223063
71 38 6.945945337217695e-05
72 38 -0.0001099482371715983
73 38 0.000196971375486135
74 38 -6.83942018021876e-05
75 38 0.000226036185568954
13 39 0.001572129799162973
14 39 0.001865577942373876
15 39 -0.001847668631916659
28 39 0.001375876052458321
29 39 -0.001304185259874012
30 39 0.004253499469397803
37 39  0.01525105993127535
38 39  0.00143374360139752
39 39  0.07177197462414713
64 39 -0.004702540594453492
65 39 -0.005716615137637259
66 39 -0.006663642113409481
70 39 -0.0003751211479203249
71 39 -0.0002574184788058033
72 39 0.0004082804733188647
73 39 -0.000212429978532264
74 39 0.0003366679293755683
75 39 0.0001738649543405753
40 40                    1
41 41                    1
42 42                    1
43 43                    1
44 44                    1
45 45                    1
46 46                    1
47 47                    1
48 48                    1
19 49 4.747142482357631e-05
20 49 -0.0001723570501151435
21 49 0.0001409230343800546
28 49 0.0006293640867945159
29 49 0.0004466827917200158
30 49 0.0004856525175693882
49 49   0.1087672123673482
50 49 -0.002716470230251556
51 49 -0.01241138692186816
52 49 -0.04296730589239707
53 49 0.001068691376955845
54 49 0.007939935362692527
88 49 4.895149596096407e-05
89 49 -0.0002758037874816058
90 49 0.0001775549653220622
19 50 -0.0002793237540539176
20 50 -0.0003815731978287636
21 50 -0.0002714592037853172
28 50 0.0004212516186490833
29 50 0.0005049868722118466
30 50 0.000292114542240575
49 50 -0.002716470230251556
50 50   0.1842942957987495
51 50 -0.01396228272729561
52 50 0.001093972164572028
53 50 -0.07497660653619723
54 50  0.00656624918295167
88 50 -0.0001699155820952116
89 50 -0.0003742101686084881
90 50 -0.000114047068840837
19 51 0.000179077960603194
20 51 -0.0001163830117998903
21 51 0.0002938078511170138
28 51 0.0003419738566662866
29 51 0.0004346573358398306
30 51 0.001618733339928653
49 51 -0.01241138692186816
50 51 -0.01396228272729561
51 51   0.1502675215487412
52 51 0.003538009984390082
53 51 0.006424549306143282
54 51 -0.02394722324445551
88 51 0.0001400345594923546
89 51 -0.0002663016076727382
90 51 0.0002891487122749231
28 52 -0.03352820303508318
29 52  0.01709970769629466
30 52 0.005805855957673113
49 52 -0.04296730589239707
50 52 0.001093972164572028
51 52 0.003538009984390082
52 52   0.3029945565751779
53 52 -0.001891430574135232
54 52 -0.02594953621945736
61 52 -0.09788643409842232
62 52 -0.01284789419649584
63 52  0.03308131957953451
88 52 0.0006127447016143681
89 52 0.000412741307107561
90 52 0.0003345978965465404
94 52 0.003198812985491942
95 52  -0.0148977687699564
96 52 0.002905600632016304
97 52 -0.02520374869542404
98 52  0.01572908555326769
99 52  0.00346276685509146
28 53  0.01415100265639585
29 53  -0.1271041020813089
30 53 -0.03634691859911314
49 53 0.001068691376955845
50 53 -0.07497660653619723
51 53 0.006424549306143282
52 53 -0.001891430574135236
53 53   0.4062540339478369
54 53  0.04065630904661638
61 53 -0.01301252122870408
62 53 -0.06265466401923547
63 53  0.00664403056669363
88 53 0.0004375649405456408
89 53 0.000488573246043884
90 53 0.0004213944878925561
94 53 -0.01432106707710681
95 53 0.002867661436597008
96 53 0.002151160281002047
97 53  0.01811049186706425
98 53 -0.07616582961762126
99 53 -0.01290153025551808
28 54 0.002568806556643969
29 54 -0.02271744864799256
30 54 -0.02726312843356565
49 54 0.007939935362692527
50 54  0.00656624918295167
51 54 -0.02394722324445551
52 54 -0.02594953621945736
53 54  0.04065630904661638
54 54   0.4357575432953805
61 54  0.02289531505153758
62 54 0.006218048501102379
63 54  -0.0538691020609659
88 54 0.0004751623516637466
89 54 0.0002822569794622919
90 54 0.001572125844693625
94 54 4.264104920769949e-05
95 54 -0.0007317229142949216
96 54 0.009875156061381351
97 54 0.006709793905042586
98 54 -0.02235229210314438
99 54 -0.01659603512092999
55 55                    1
56 56                    1
57 57                    1
58 58                    1
59 59                    1
60 60                    1
28 61 0.003167786052529618
29 61 -0.01435267802156879
30 61 -0.0001971929209433109
52 61 -0.09788643409842232
53 61 -0.01301252122870408
54 61  0.02289531505153758
61 61   0.2513231210219966
62 61  0.01259273625862972
63 61 0.008660092737035593
64 61 -0.009449426829680517
65 61 0.008690054554744461
66 61 0.0009848144999953996
94 61   -0.015916533844341
95 61 0.009805619058667395
96 61 -0.0003291678509104419
112 61  -0.0205072343628071
113 61 -0.001706967938439088
114 61 0.007279099464284707
115 61 0.001503901599596847
116 61 -0.004573117120212588
117 61 0.001195870339257311
28 62 -0.01495912306909023
29 62 0.003042357330145253
30 62  0.01200419311233333
52 62 -0.01284789419649584
53 62 -0.06265466401923547
54 62 0.006218048501102379
61 62  0.01259273625862972
62 62    0.256191892513749
63 62 -0.007008223434756774
64 62 0.007951012639983457
65 62  -0.0503206094685234
66 62 -0.006637536527215772
94 62  0.01041478930871665
95 62 -0.06391107917791036
96 62 0.005609177999367131
112 62 -0.001766371876135094
113 62 -0.006004658461099344
114 62 0.001526798667312436
115 62 -0.004374721696681905
116 62 0.001382422621526407
117 62 0.001422591186059201
28 63 0.002878071873802927
29 63   0.0151076559125973
30 63 0.009876589776272994
52 63  0.03308131957953451
53 63  0.00664403056669363
54 63  -0.0538691020609659
61 63 0.008660092737035593
62 63 -0.007008223434756774
63 63   0.2900989788994572
64 63 -0.0005929670145478098
65 63 0.0004576462526598863
66 63 -0.003124378659309435
94 63 0.001668672748127348
95 63 -0.002303737248322363
96 63 -0.008433915634597385
112 63 0.003185603515624011
113 63 0.001024159269711611
114 63 -0.0003016085211825351
115 63 8.373801356445802e-05
116 63 0.0003105765012275281
117 63  0.00470370570810787
28 64  -0.0592004168785223
29 64  0.01018538231499782
30 64   0.0255629643765232
37 64 -0.01603611270759428
38 64 -0.006712938975081229
39 64 -0.004702540594453492
61 64 -0.009449426829680517
62 64 0.007951012639983457
63 64 -0.0005929670145478098
64 64   0.2096497404850189
65 64  -0.0215672536879213
66 64 0.0009738310803868655
70 64 -0.01935473895427659
71 64 0.004748359469749041
72 64  0.01495282059496358
28 65  0.01116391081692036
29 65 -0.02968981094440227
30 65 -0.01289105246129738
37 65 -0.007066094954772256
38 65 -0.01374944786073374
39 65 -0.005716615137637259
61 65 0.008690054554744461
62 65  -0.0503206094685234
63 65 0.0004576462526598862
64 65 -0.02156725368792129
65 65   0.2096003547638027
66 65 0.005715607249994817
70 65 0.004640114701749728
71 65 -0.01682801584271452
72 65 -0.009033596880132173
28 66  0.03352701967098064
29 66 -0.01476009378068441
30 66 -0.04059977981066407
37 66 -0.00315656517851489
38 66 -0.00373716103298041
39 66 -0.006663642113409481
61 66 0.0009848144999953996
62 66 -0.006637536527215772
63 66 -0.003124378659309435
64 66 0.0009738310803868655
65 66 0.005715607249994817
66 66   0.3063877334330765
70 66  0.01113587419113558
71 66 -0.007201858177437955
72 66 -0.01946839012115249
67 67                    1
68 68                    1
69 69                    1
37 70 -4.779546259468457e-05
38 70 -0.0004250835811223063
39 70 -0.0003751211479203249
64 70 -0.01935473895427659
65 70 0.004640114701749728
66 70  0.01113587419113558
70 70   0.1519579875230367
71 70 -0.00170581331953073
72 70 0.001594920106962328
73 70  -0.0965185115054721
74 70 -0.0002170443459377953
75 70  0.01412984309596903
112 70 0.0001103769977377066
113 70 0.000290757968971787
114 70 0.0003425969801153196
118 70 -0.02615339962083815
119 70 -0.002673925303212247
120 70 -0.006780762269758929
124 70 0.0004568234836148666
125 70 -0.0009044423362427377
126 70 0.0003140484534270179
37 71 -0.0004513938641125101
38 71 6.945945337217695e-05
39 71 -0.0002574184788058033
64 71 0.004748359469749041
65 71 -0.01682801584271452
66 71 -0.007201858177437955
70 71 -0.00170581331953073
71 71  0.08942946057996733
72 71 0.007264553277794119
73 71 -0.000557836189728456
74 71 -0.03628525178730929
75 71 -0.003407189196005929
112 71 0.0004865945615153217
113 71 -0.0007454650498016295
114 71 0.0002040200496052715
118 71 -0.002509599506268482
119 71 -0.008451438139861614
120 71 -0.001125558931505538
124 71 -0.0008604350050602258
125 71 0.0004101747791420804
126 71 -0.0006082580661983364
37 72 -0.0002294940763888652
38 72 -0.0001099482371715983
39 72 0.0004082804733188647
64 72  0.01495282059496358
65 72 -0.009033596880132173
66 72 -0.01946839012115249
70 72 0.001594920106962328
71 72 0.007264553277794119
72 72   0.1695535253823851
73 72  0.01405811124862015
74 72 -0.001497036592574433
75 72  -0.0322572465830343
112 72 0.0004635431853761946
113 72 -6.085574402155712e-05
114 72 0.0005792159577579432
118 72 -0.01073960972821826
119 72 -0.001680503767661546
120 72 -0.007076486179844555
124 72 6.706710289238697e-05
125 72 -0.000854921006523914
126 72 0.001441633763901624
37 73 -0.0005395740876433742
38 73 0.000196971375486135
39 73 -0.000212429978532264
70 73  -0.0965185115054721
71 73 -0.000557836189728456
72 73  0.01405811124862015
73 73   0.1492565974666454
74 73 0.001016949403205027
75 73  -0.0150210655452668
118 73 -4.643973214760247e-05
119 73 -0.0005274900182467694
120 73 -0.0002677963058636456
130 73 -0.0006524547665335616
131 73 0.0003506672183542037
132 73 -7.734245155372149e-05
37 74 0.000300244347625983
38 74 -6.83942018021876e-05
39 74 0.0003366679293755683
70 74 -0.0002170443459377953
71 74 -0.03628525178730929
72 74 -0.001497036592574433
73 74 0.001016949403205027
74 74  0.05966169265738725
75 74 0.004953782085508208
118 74 -0.0004977561648115219
119 74 8.236804844601202e-05
120 74 -0.0001248017086047948
130 74 0.000231256353879034
131 74 -9.595417758440223e-05
132 74 0.0002542507965570413
37 75 -6.507954245143389e-05
38 75 0.000226036185568954
39 75 0.0001738649543405752
70 75  0.01412984309596903
71 75 -0.003407189196005929
72 75  -0.0322572465830343
73 75  -0.0150210655452668
74 75 0.004953782085508208
75 75  0.08089638205698418
118 75 -0.0004332971154937578
119 75 -0.0002914612064308944
120 75 0.0004511014428426832
130 75 -0.0002469767122762635
131 75 0.0003795694069511493
132 75 0.0001759311840236018
76 76                    1
77 77                    1
78 78                    1
79 79                    1
80 80                    1
81 81                    1
82 82                    1
83 83                    1
84 84                    1
85 85                    1
86 86                    1
87 87                    1
49 88 4.895149596096407e-05
50 88 -0.0001699155820952116
51 88 0.0001400345594923546
52 88 0.000612744701614368
53 88 0.0004375649405456408
54 88 0.0004751623516637466
88 88   0.1268827789603581
89 88  0.01866372423740552
90 88 0.009900293451408217
97 88  -0.0532848915127787
98 88 -0.00920611225805696
99 88 -0.003189469824165988
49 89 -0.0002758037874816057
50 89 -0.0003742101686084881
51 89 -0.0002663016076727382
52 89 0.000412741307107561
53 89 0.000488573246043884
54 89 0.0002822569794622919
88 89  0.01866372423740552
89 89   0.1879516785564991
90 89  0.08418159908428209
97 89 -0.009110801775018782
98 89 -0.07925318576504442
99 89 -0.04048787164496376
49 90 0.0001775549653220622
50 90 -0.000114047068840837
51 90 0.0002891487122749231
52 90 0.0003345978965465404
53 90 0.0004213944878925561
54 90 0.001572125844693625
88 90 0.009900293451408217
89 90  0.08418159908428209
90 90    0.237353478290956
97 90 -0.006711515557260564
98 90 -0.04062477187083827
99 90 -0.07475562577695223
91 91                    1
92 92                    1
93 93                    1
52 94 0.003198812985491942
53 94 -0.01432106707710681
54 94 4.264104920769949e-05
61 94   -0.015916533844341
62 94  0.01041478930871665
63 94 0.001668672748127348
94 94   0.2854437805932714
95 94 0.002403383118059395
96 94  0.02712790832897687
97 94 -0.09840140640102785
98 94  0.01282369189973153
99 94 -0.00219201236198161
115 94  -0.0632404637048439
116 94 -0.01349254358542758
117 94 0.009702376202917841
154 94 -0.02761480181853711
155 94 -0.009036687271275956
156 94 0.0008549635145382569
52 95  -0.0148977687699564
53 95 0.002867661436597008
54 95 -0.0007317229142949216
61 95 0.009805619058667395
62 95 -0.06391107917791036
63 95 -0.002303737248322363
94 95 0.002403383118059393
95 95   0.2666760728175845
96 95 -0.02468033941791798
97 95  0.01260647242046844
98 95 -0.02567467547995698
99 95 -0.0002661893101497501
115 95 -0.01304945672326021
116 95 -0.01808274957797465
117 95 -0.0008190143768655839
154 95 -0.007437123134147685
155 95 -0.08582464176593339
156 95  0.01642227612380424
52 96 0.002905600632016304
53 96 0.002151160281002047
54 96 0.009875156061381351
61 96 -0.0003291678509104419
62 96 0.005609177999367131
63 96 -0.008433915634597385
94 96  0.02712790832897688
95 96 -0.02468033941791798
96 96   0.2923873933528854
97 96 0.008445984033530588
98 96 -0.002828642872114355
99 96  -0.0171671004693362
115 96 0.001679166399055418
116 96 -0.002714135372238519
117 96 -0.008500267811201671
154 96 -0.0003651985358369544
155 96  0.00745604883814017
156 96 -0.01889327303193142
52 97 -0.02520374869542404
53 97  0.01811049186706425
54 97 0.006709793905042586
88 97  -0.0532848915127787
89 97 -0.009110801775018782
90 97 -0.006711515557260564
94 97 -0.09840140640102785
95 97  0.01260647242046844
96 97 0.008445984033530588
97 97   0.3164125920918006
98 97 -0.04351357176554168
99 97 -0.007439312978582105
145 97  -0.0486163995898635
146 97  0.02790230489022662
147 97 0.003103472867551011
154 97 0.004338530221309748
155 97 -0.01385657745692132
156 97 0.005524371766053685
52 98  0.01572908555326769
53 98 -0.07616582961762126
54 98 -0.02235229210314438
88 98 -0.00920611225805696
89 98 -0.07925318576504442
90 98 -0.04062477187083827
94 98  0.01282369189973153
95 98 -0.02567467547995698
96 98 -0.002828642872114372
97 98 -0.04351357176554169
98 98   0.3148112989515554
99 98  0.04789492903728366
145 98  0.02958185069253195
146 98 -0.08165348452406154
147 98 -0.00809713494846033
154 98 -0.01341214249342555
155 98 0.002785210754447298
156 98  0.00157145602076761
52 99  0.00346276685509146
53 99 -0.01290153025551808
54 99 -0.01659603512092999
88 99 -0.003189469824165988
89 99 -0.04048787164496376
90 99 -0.07475562577695223
94 99 -0.00219201236198161
95 99 -0.0002661893101497501
96 99  -0.0171671004693362
97 99 -0.007439312978582105
98 99  0.04789492903728366
99 99   0.3912319550044299
145 99 0.007758233921607057
146 99 -0.01760678801635739
147 99 -0.02036802414502895
154 99 0.003065984221491337
155 99 -0.0009196206233630794
156 99 0.008266434213622571
100 100                    1
101 101                    1
102 102                    1
103 103                    1
104 104                    1
105 105                    1
106 106                    1
107 107                    1
108 108                    1
109 109                    1
110 110                    1
111 111                    1
61 112  -0.0205072343628071
62 112 -0.001766371876135094
63 112 0.003185603515624011
70 112 0.0001103769977377066
71 112 0.0004865945615153217
72 112 0.0004635431853761946
112 112    0.243432209896921
113 112 -0.04901091830622791
114 112 -0.01706595396403136
115 112 -0.01496480230805901
116 112 0.004051921050291731
117 112 0.0009992624860236409
124 112 -0.09859188411856117
125 112  0.06551267318254185
126 112  0.01439980161827262
172 112 0.001731811881161868
173 112 -0.005480278504703961
174 112 0.001406365067734981
61 113 -0.001706967938439088
62 113 -0.006004658461099344
63 113  0.00102415926971161
70 113 0.000290757968971787
71 113 -0.0007454650498016295
72 113 -6.085574402155712e-05
112 113 -0.04901091830622791
113 113   0.3365290803244196
114 113  0.02353773848697284
115 113 0.005642330199165116
116 113 -0.06330396277612781
117 113 0.0008259929559214074
124 113  0.06400079753271366
125 113  -0.1335569188567626
126 113 -0.01456489837435519
172 113 -0.005231840356947496
173 113 0.001646914908873353
174 113 0.006921085283140459
61 114 0.007279099464284707
62 114 0.001526798667312436
63 114 -0.0003016085211825351
70 114 0.0003425969801153196
71 114 0.0002040200496052715
72 114 0.0005792159577579432
112 114 -0.01706595396403136
113 114  0.02353773848697284
114 114   0.2689610786879282
115 114 0.002254128622651346
116 114 -0.00808831714742711
117 114 -0.005308477976197486
124 114 0.007003038063085551
125 114 -0.00557139423876933
126 114 -0.04835543194659197
172 114 -2.180813147129143e-05
173 114  0.00552857902638761
174 114 0.005447462327557256
61 115 0.001503901599596847
62 115 -0.004374721696681905
63 115 8.373801356445802e-05
94 115  -0.0632404637048439
95 115 -0.01304945672326021
96 115 0.001679166399055417
112 115 -0.01496480230805901
113 115 0.005642330199165116
114 115  0.00225412862265135
115 115   0.2738436406564935
116 115  0.02438253407245704
117 115 0.008130295612249471
154 115 0.002339932286708275
155 115  0.01328643620497485
156 115 -0.0002057276631669169
172 115 -0.06803319280390976
173 115 -0.01356260963351241
174 115  0.02556784501559988
175 115  0.00215866521585038
176 115 -0.01119969801418308
177 115   0.0019186613405279
178 115 -0.02584873655860245
179 115 -0.003102692744465744
180 115 0.001760864155278514
61 116 -0.004573117120212589
62 116 0.001382422621526407
63 116 0.0003105765012275281
94 116 -0.01349254358542758
95 116 -0.01808274957797465
96 116 -0.002714135372238519
112 116 0.004051921050291731
113 116 -0.06330396277612781
114 116 -0.00808831714742711
115 116  0.02438253407245704
116 116   0.3322298033715541
117 116 -0.02879216405067441
154 116  0.01370474754838408
155 116 0.002172789619607198
156 116 0.002581038407366657
172 116 -0.01327796969883646
173 116 -0.04607774465251194
174 116 0.008996737303492302
175 116 -0.01082766937493869
176 116 0.002019373065748386
177 116 0.002892919294238995
178 116 -0.001192233836288471
179 116    -0.10033937793581
180 116 -0.001883679417835135
61 117 0.001195870339257311
62 117 0.001422591186059201
63 117 0.004703705708107868
94 117 0.009702376202917841
95 117 -0.0008190143768655839
96 117 -0.008500267811201671
112 117 0.0009992624860236409
113 117 0.0008259929559214091
114 117 -0.005308477976197486
115 117 0.008130295612249478
116 117 -0.02879216405067441
117 117   0.3880520442815856
154 117 0.002146173915967341
155 117 0.0002363857514511079
156 117 0.007376491514243477
172 117  0.01776170638511234
173 117 0.007401318509964193
174 117 -0.03758206402500709
175 117 -0.000201895004527683
176 117 0.0008076831398186324
177 117 0.006889332106781901
178 117 0.001655871905698284
179 117 -0.01248864028699698
180 117 -0.01735458103604789
70 118 -0.02615339962083815
71 118 -0.002509599506268482
72 118 -0.01073960972821826
73 118 -4.643973214760247e-05
74 118 -0.0004977561648115219
75 118 -0.0004332971154937578
118 118   0.2655655052479711
119 118 -0.03150326232510293
120 118  0.02248439729300622
124 118 -0.02600459251430003
125 118 0.0003258407602846255
126 118 0.001412442730296947
130 118 -0.002390692785768465
131 118 -0.0002024476640860241
132 118 0.0004227246436255184
181 118 0.002090484480131959
182 118 -0.006825831595671246
183 118  0.00128435187029607
190 118 -0.06869822625145686
191 118  0.02974057694251929
192 118  0.01376519356957269
70 119 -0.002673925303212247
71 119 -0.008451438139861614
72 119 -0.001680503767661547
73 119 -0.0005274900182467694
74 119 8.236804844601202e-05
75 119 -0.0002914612064308943
118 119 -0.03150326232510293
119 119   0.3142781212711784
120 119 -0.007077035411974021
124 119 0.002574300399076583
125 119  -0.1107160979357121
126 119 0.002573334090095755
130 119 -0.0005204381695365222
131 119 -0.008562173021347718
132 119 -0.006069260061565095
181 119 -0.006533887576810903
182 119 0.002106469183804022
183 119 0.006351141564293932
190 119  0.02878896599803278
191 119 -0.04715635917428328
192 119  -0.0111346044909943
70 120 -0.006780762269758929
71 120 -0.001125558931505538
72 120 -0.007076486179844555
73 120 -0.0002677963058636456
74 120 -0.0001248017086047948
75 120 0.0004511014428426832
118 120  0.02248439729300622
119 120 -0.007077035411974021
120 120   0.3754438454749218
124 120 0.002089513775478394
125 120 -0.01002937665842721
126 120 -0.01812572595063723
130 120 0.0002622109260236442
131 120 -0.004116107738795447
132 120 -0.002872948335784677
181 120 -0.0003746701221760179
182 120 0.004714783072026243
183 120  0.00714808919537427
190 120 0.005133335417429527
191 120 -0.005973077984881153
192 120 -0.01848424382886189
121 121                    1
122 122                    1
123 123                    1
70 124 0.0004568234836148666
71 124 -0.0008604350050602258
72 124 6.706710289238697e-05
112 124 -0.09859188411856117
113 124  0.06400079753271366
114 124 0.007003038063085551
118 124 -0.02600459251430003
119 124 0.002574300399076582
120 124 0.002089513775478393
124 124   0.2972320703089579
125 124 -0.01947154612627813
126 124 0.007700948481998508
172 124 -0.004693839647555245
173 124 -0.003259001558242707
174 124 0.002509973369845698
181 124 -0.06347980410321598
182 124 -0.02153283312391854
183 124  0.02107673316378762
70 125 -0.0009044423362427377
71 125 0.0004101747791420804
72 125 -0.000854921006523914
112 125  0.06551267318254185
113 125  -0.1335569188567626
114 125 -0.00557139423876933
118 125 0.0003258407602846246
119 125  -0.1107160979357121
120 125 -0.01002937665842721
124 125 -0.01947154612627813
125 125   0.4374148551222035
126 125  0.02025699478845025
172 125 -0.001618519749365515
173 125 -0.02330123769854541
174 125 0.002971003473521272
181 125 -0.02191845425377256
182 125 -0.03778842900856227
183 125 0.005353249838893516
70 126 0.0003140484534270179
71 126 -0.0006082580661983364
72 126 0.001441633763901624
112 126  0.01439980161827262
113 126 -0.01456489837435519
114 126 -0.04835543194659197
118 126 0.001412442730296947
119 126 0.002573334090095759
120 126 -0.01812572595063723
124 126  0.00770094848199851
125 126  0.02025699478845025
126 126   0.3194484319676334
172 126 0.001918668026916006
173 126 -0.000611379078730361
174 126 -0.0008947673756693215
181 126  0.01302749174098363
182 126  0.00176854246950537
183 126 -0.02347586380020683
127 127                    1
128 128                    1
129 129                    1
73 130 -0.0006524547665335616
74 130 0.000231256353879034
75 130 -0.0002469767122762635
118 130 -0.002390692785768465
119 130 -0.0005204381695365222
120 130 0.0002622109260236442
130 130  0.01072200770225833
131 130 0.001187311614139843
132 130  0.00264990595483839
190 130 -3.216057610359983e-05
191 130 -0.0001786898089236388
192 130 -0.0002712068932074578
73 131 0.0003506672183542036
74 131 -9.595417758440223e-05
75 131 0.0003795694069511492
118 131 -0.0002024476640860241
119 131 -0.008562173021347718
120 131 -0.004116107738795447
130 131 0.001187311614139843
131 131  0.01599843883807651
132 131  0.01017444383038302
190 131 -0.0002682507418078988
191 131 9.498609229477252e-05
192 131 0.0001263959597268502
73 132 -7.734245155372149e-05
74 132 0.0002542507965570413
75 132 0.0001759311840236018
118 132 0.0004227246436255184
119 132 -0.006069260061565095
120 132 -0.002872948335784677
130 132  0.00264990595483839
131 132  0.01017444383038302
132 132   0.0273738061798434
190 132 -0.0004361370128555829
191 132 8.514224738292807e-05
192 132 0.0004511343693614309
133 133                    1
134 134                    1
135 135                    1
136 136                    1
137 137                    1
138 138                    1
139 139                    1
140 140                    1
141 141                    1
142 142                    1
143 143                    1
144 144                    1
97 145  -0.0486163995898635
98 145  0.02958185069253195
99 145 0.007758233921607057
145 145   0.3046194001432438
146 145 -0.002904028794042715
147 145   0.0148028165660391
151 145 -0.006891908059191282
152 145 1.094018646139469e-05
153 145 -0.004223324487402399
154 145 -0.09137989483622098
155 145 -0.02373610831163246
156 145 -0.0002317968634376276
217 145 0.000490524237406553
218 145 0.000143214380754619
219 145 0.0003284565416181442
223 145 -0.01388488233280329
224 145 -0.00332488266469788
225 145 0.002260585305330545
97 146  0.02790230489022662
98 146 -0.08165348452406154
99 146 -0.01760678801635739
145 146 -0.002904028794042715
146 146   0.3005842983479485
147 146  0.01712805082632347
151 146 1.199331220552556e-05
152 146 -0.001970578885295098
153 146 1.209804371258214e-05
154 146 -0.02383092530806329
155 146 -0.04248744892342757
156 146 -0.004993101088859503
217 146 0.0002148816852559334
218 146 0.0003664169078466183
219 146 0.0003063074066150015
223 146 -0.001218346532737996
224 146 -0.06101486926343964
225 146 0.003670423290063179
97 147 0.003103472867551011
98 147 -0.008097134948460328
99 147 -0.02036802414502895
145 147  0.01480281656603913
146 147  0.01712805082632347
147 147   0.2928858138591789
151 147 -0.002816565370982593
152 147 8.067183221501474e-06
153 147 -0.00197476658257589
154 147 -0.008988703803147197
155 147 -0.007405837058018445
156 147  -0.0213496228328482
217 147 0.0004044346900642557
218 147 0.0002040247657070474
219 147 0.001160265824317674
223 147 0.001821421962476488
224 147 -0.004393210658321381
225 147 -0.00656405232806422
148 148                    1
149 149                    1
150 150                    1
145 151 -0.006891908059191282
146 151 1.199331220552556e-05
147 151 -0.002816565370982593
151 151   0.0160272074395943
152 151 -1.297178260091222e-05
153 151  0.01033292940294517
145 152 1.094018646139469e-05
146 152 -0.001970578885295098
147 152 8.067183221501474e-06
151 152 -1.297178260091222e-05
152 152 0.008800656695897089
153 152 -1.854723678075844e-05
145 153 -0.004223324487402399
146 153 1.209804371258213e-05
147 153 -0.00197476658257589
151 153  0.01033292940294517
152 153 -1.854723678075846e-05
153 153  0.02357465831561897
94 154 -0.02761480181853711
95 154 -0.007437123134147685
96 154 -0.0003651985358369544
97 154 0.004338530221309748
98 154 -0.01341214249342555
99 154 0.003065984221491337
115 154 0.002339932286708275
116 154  0.01370474754838408
117 154 0.002146173915967341
145 154 -0.09137989483622098
146 154 -0.02383092530806329
147 154 -0.008988703803147197
154 154   0.5071477552862015
155 154  0.02746582147027247
156 154  0.08269169893121348
178 154  -0.1173274873793573
179 154 0.002400826715450377
180 154 -0.01058174325742437
208 154  -0.1884117006161306
209 154 -0.003847334249284579
210 154 -0.04064642307470215
223 154 0.003066124435369481
224 154  0.01906825054770993
225 154 -0.0002463665587299855
226 154 0.002627109200449413
227 154  -0.0215716790869306
228 154 0.002633272845605494
94 155 -0.009036687271275956
95 155 -0.08582464176593339
96 155 0.007456048838140163
97 155 -0.01385657745692132
98 155 0.002785210754447298
99 155 -0.0009196206233630794
115 155  0.01328643620497485
116 155 0.002172789619607198
117 155 0.0002363857514511079
145 155 -0.02373610831163246
146 155 -0.04248744892342757
147 155 -0.007405837058018445
154 155  0.02746582147027247
155 155   0.4191498463793697
156 155  0.02668541127305943
178 155  0.00235741019772891
179 155 -0.03187002615478957
180 155 -0.0002017828579854758
208 155 -0.002211882916908388
209 155  -0.1866598305949303
210 155 -0.04076635166907496
223 155  0.01963060641463503
224 155 0.002794868993835724
225 155  0.00925421462162896
226 155 -0.02101634231046017
227 155  0.00242206293270306
228 155 -0.001172980615552751
94 156 0.0008549635145382577
95 156  0.01642227612380424
96 156 -0.01889327303193142
97 156 0.005524371766053686
98 156  0.00157145602076761
99 156 0.008266434213622571
115 156 -0.0002057276631669169
116 156 0.002581038407366657
117 156 0.007376491514243477
145 156 -0.0002317968634376276
146 156 -0.004993101088859503
147 156  -0.0213496228328482
154 156  0.08269169893121348
155 156  0.02668541127305942
156 156   0.4166183520791942
178 156 -0.02065610497312526
179 156 4.156854806796175e-05
180 156 -0.02751996278110856
208 156  -0.0407073878706538
209 156 -0.05273598020224986
210 156  -0.1207009544796214
223 156 0.002870242043462466
224 156 0.006151335305686625
225 156 0.009611259369920926
226 156 -0.0004868864291234596
227 156 -0.004285666581147915
228 156 0.008264674513966386
157 157                    1
158 158                    1
159 159                    1
160 160                    1
161 161                    1
162 162                    1
163 163                    1
164 164                    1
165 165                    1
166 166                    1
167 167                    1
168 168                    1
169 169                    1
170 170                    1
171 171                    1
112 172 0.001731811881161868
113 172 -0.005231840356947496
114 172 -2.180813147129143e-05
115 172 -0.06803319280390976
116 172 -0.01327796969883646
117 172  0.01776170638511234
124 172 -0.004693839647555245
125 172 -0.001618519749365513
126 172 0.001918668026916006
172 172   0.2755921339110757
173 172 -0.005219602105885334
174 172   0.0146532200946864
175 172 -0.04378046309615851
176 172  0.02297301383530238
177 172 -0.0002840090458546881
181 172 0.003153734256412657
182 172  0.01218313256229919
183 172 0.002457922424030873
238 172 -0.08662146848107492
239 172 -0.005424675821932097
240 172 0.008127077848528641
112 173 -0.005480278504703961
113 173 0.001646914908873353
114 173  0.00552857902638761
115 173 -0.01356260963351241
116 173 -0.04607774465251194
117 173 0.007401318509964193
124 173 -0.003259001558242707
125 173 -0.02330123769854541
126 173 -0.000611379078730361
172 173 -0.005219602105885334
173 173   0.2427512493082046
174 173 -0.04273709470286974
175 173  0.02545650834743859
176 173 -0.08064090400383088
177 173  0.02457152036002341
181 173  0.01174868637017526
182 173 0.002987352237718431
183 173 0.0002918804877205506
238 173 -0.005163255526190626
239 173 -0.02478473970659198
240 173 0.001436166923930427
112 174 0.001406365067734981
113 174 0.006921085283140459
114 174 0.005447462327557256
115 174  0.02556784501559988
116 174 0.008996737303492302
117 174 -0.03758206402500709
124 174 0.002509973369845698
125 174 0.002971003473521266
126 174 -0.0008947673756693215
172 174   0.0146532200946864
173 174 -0.04273709470286974
174 174   0.3032751372362354
175 174 0.001697945289304876
176 174  0.01646221845687037
177 174 -0.03590499026306471
181 174 -0.0001631821957803086
182 174 0.002912841905425028
183 174  0.01030619889488286
238 174 -0.001890890572407446
239 174 -0.0004434571953581138
240 174 -0.01962824620596966
115 175  0.00215866521585038
116 175 -0.01082766937493869
117 175 -0.000201895004527683
172 175 -0.04378046309615851
173 175  0.02545650834743859
174 175 0.001697945289304876
175 175   0.3107858960463199
176 175   0.0172683983985573
177 175  0.04408771213622061
178 175  -0.1047009288747046
179 175 -0.01807634125567844
180 175 0.004859277488837971
226 175 0.002500433443430683
227 175  0.02221425724037644
228 175 -0.0006006022126689953
238 175 0.0006045772450830701
239 175  0.01140110265365388
240 175 -0.005597594599906443
241 175 -0.03361115656798996
242 175 -0.03355337339292808
243 175 0.001131708547682022
244 175 -0.02056032575163346
245 175 -0.009461222408676362
246 175 0.007176249285188742
115 176 -0.01119969801418308
116 176 0.002019373065748386
117 176 0.0008076831398186319
172 176  0.02297301383530238
173 176 -0.08064090400383088
174 176  0.01646221845687037
175 176   0.0172683983985573
176 176   0.3006000815668844
177 176 -0.02290249346617317
178 176 -0.01840237087140643
179 176 -0.03163401506287021
180 176 -0.002946207304934105
226 176  0.02279369135870903
227 176 0.002002163503420425
228 176 0.003086251234113171
238 176  0.01097803242251128
239 176 0.003033010115749334
240 176 -0.003046179355967573
241 176 -0.03174163436156459
242 176    -0.10398593168038
243 176 -0.006954162289355826
244 176 -0.008116137848627034
245 176 -0.00422877648692235
246 176 0.0007446850791774787
115 177 0.001918661340527902
116 177 0.002892919294238995
117 177 0.006889332106781901
172 177 -0.000284009045854689
173 177  0.02457152036002341
174 177 -0.03590499026306471
175 177  0.04408771213622061
176 177 -0.02290249346617317
177 177   0.2927733284563155
178 177  0.01480965331379101
179 177 -0.001118797610052549
180 177 -0.02230503232137244
226 177 0.002644102909307699
227 177 -0.0001615013451121429
228 177  0.00818710761383023
238 177 -0.008204476770457806
239 177 -0.0004361943242892378
240 177  0.01305906537917172
241 177 -0.003102687426277541
242 177 -0.01710903568363773
243 177 -0.02094415848372444
244 177 0.002961859004850418
245 177 -0.001088351910688161
246 177 0.001066315855785534
115 178 -0.02584873655860245
116 178 -0.001192233836288471
117 178 0.001655871905698284
154 178  -0.1173274873793573
155 178  0.00235741019772891
156 178 -0.02065610497312526
175 178  -0.1047009288747046
176 178 -0.01840237087140643
177 178  0.01480965331379101
178 178   0.3551515608821227
179 178 0.009139512594892471
180 178  0.03121878521838542
226 178 -0.03744814113786016
227 178 -0.0002227413887791065
228 178 0.001219024711874615
115 179 -0.003102692744465744
116 179    -0.10033937793581
117 179 -0.01248864028699698
154 179 0.002400826715450376
155 179 -0.03187002615478957
156 179 4.156854806796175e-05
175 179 -0.01807634125567844
176 179 -0.03163401506287021
177 179 -0.001118797610052549
178 179 0.009139512594892471
179 179   0.3734612286695106
180 179 -0.02282334555331787
226 179 0.001819120543424485
