%%MatrixMarket matrix coordinate real general
4149 4149 122849
1 1 2.323154837854863e-07
4 1 9.571534410515643e-09
7 1 -4.114867224866459e-09
40 1 -4.081637367786846e-09
43 1 9.493156274222362e-09
46 1 1.149089507625292e-07
49 1 -5.550278139932866e-08
58 1 -1.718488575394089e-09
100 1 -9.563144941691178e-10
103 1 1.321692528061485e-08
106 1 -5.362529215808888e-09
109 1 -1.690477474018675e-09
124 1 -5.55168624771021e-07
130 1 -4.930535275988426e-08
133 1 -3.670904964593559e-08
136 1 -2.207408745237849e-07
139 1 -3.69996602208569e-08
145 1 -2.284418749767265e-07
148 1 -5.066812232844994e-07
2 2 2.323154837854863e-07
5 2 9.571534410515643e-09
8 2 -4.114867224866459e-09
41 2 -4.081637367786846e-09
44 2 9.493156274222362e-09
47 2 1.149089507625292e-07
50 2 -5.550278139932866e-08
59 2 -1.718488575394089e-09
101 2 -9.563144941691178e-10
104 2 1.321692528061485e-08
107 2 -5.362529215808888e-09
110 2 -1.690477474018675e-09
125 2 -5.55168624771021e-07
131 2 -4.930535275988426e-08
134 2 -3.670904964593559e-08
137 2 -2.207408745237849e-07
140 2 -3.69996602208569e-08
146 2 -2.284418749767265e-07
149 2 -5.066812232844994e-07
3 3 2.323154837854863e-07
6 3 9.571534410515643e-09
9 3 -4.114867224866459e-09
42 3 -4.081637367786846e-09
45 3 9.493156274222362e-09
48 3 1.149089507625292e-07
51 3 -5.550278139932866e-08
60 3 -1.718488575394089e-09
102 3 -9.563144941691178e-10
105 3 1.321692528061485e-08
108 3 -5.362529215808888e-09
111 3 -1.690477474018675e-09
126 3 -5.55168624771021e-07
132 3 -4.930535275988426e-08
135 3 -3.670904964593559e-08
138 3 -2.207408745237849e-07
141 3 -3.69996602208569e-08
147 3 -2.284418749767265e-07
150 3 -5.066812232844994e-07
1 4 9.571534410515643e-09
4 4 2.349832832672584e-07
7 4 -4.115827148631423e-09
10 4 9.712548448678011e-09
13 4 -4.175219224603109e-09
46 4 1.347400713957462e-08
49 4 -1.718314783939026e-09
52 4 1.17290421642545e-07
55 4 -9.907022908087373e-10
58 4 -5.475783366775402e-09
61 4 -5.679217265050131e-08
70 4 -1.7694182954089e-09
139 4 -5.608482484515208e-07
145 4 -5.028813067093528e-08
148 4 -3.699722422260242e-08
154 4 -2.252396929060915e-07
157 4 -3.752026808442006e-08
163 4 -2.337632623649964e-07
166 4 -5.125021200224175e-07
2 5 9.571534410515643e-09
5 5 2.349832832672584e-07
8 5 -4.115827148631423e-09
11 5 9.712548448678011e-09
14 5 -4.175219224603109e-09
47 5 1.347400713957462e-08
50 5 -1.718314783939026e-09
53 5 1.17290421642545e-07
56 5 -9.907022908087373e-10
59 5 -5.475783366775402e-09
62 5 -5.679217265050131e-08
71 5 -1.7694182954089e-09
140 5 -5.608482484515208e-07
146 5 -5.028813067093528e-08
149 5 -3.699722422260242e-08
155 5 -2.252396929060915e-07
158 5 -3.752026808442006e-08
164 5 -2.337632623649964e-07
167 5 -5.125021200224175e-07
3 6 9.571534410515643e-09
6 6 2.349832832672584e-07
9 6 -4.115827148631423e-09
12 6 9.712548448678011e-09
15 6 -4.175219224603109e-09
48 6 1.347400713957462e-08
51 6 -1.718314783939026e-09
54 6 1.17290421642545e-07
57 6 -9.907022908087373e-10
60 6 -5.475783366775402e-09
63 6 -5.679217265050131e-08
72 6 -1.7694182954089e-09
141 6 -5.608482484515208e-07
147 6 -5.028813067093528e-08
150 6 -3.699722422260242e-08
156 6 -2.252396929060915e-07
159 6 -3.752026808442006e-08
165 6 -2.337632623649964e-07
168 6 -5.125021200224175e-07
1 7 -4.114867224866459e-09
4 7 -4.115827148631423e-09
7 7 1.722825036874984e-09
46 7 -1.797738032500307e-09
49 7 6.509184080249177e-10
58 7 6.51265990935042e-10
139 7 1.667414506443748e-08
145 7 6.381187224853747e-09
148 7 1.666927306792866e-08
2 8 -4.114867224866459e-09
5 8 -4.115827148631423e-09
8 8 1.722825036874984e-09
47 8 -1.797738032500307e-09
50 8 6.509184080249177e-10
59 8 6.51265990935042e-10
140 8 1.667414506443748e-08
146 8 6.381187224853747e-09
149 8 1.666927306792866e-08
3 9 -4.114867224866459e-09
6 9 -4.115827148631423e-09
9 9 1.722825036874984e-09
48 9 -1.797738032500307e-09
51 9 6.509184080249177e-10
60 9 6.51265990935042e-10
141 9 1.667414506443748e-08
147 9 6.381187224853747e-09
150 9 1.666927306792866e-08
4 10 9.712548448678011e-09
10 10 2.392370843916965e-07
13 10 -4.176996765851453e-09
16 10  9.9216563519169e-09
19 10 -4.264848684361298e-09
52 10 1.39365475366926e-08
61 10 -1.769091726792283e-09
64 10 1.210869541252008e-07
67 10 -1.052979886980446e-09
70 10 -5.679448191634386e-09
73 10 -5.885937454983872e-08
82 10 -1.846307607409688e-09
157 10 -5.702135143198958e-07
163 10 -5.20599143746498e-08
166 10 -3.751576198192555e-08
172 10 -2.326553543007805e-07
175 10 -3.829047538246383e-08
181 10 -2.420372293094008e-07
184 10 -5.214362995685276e-07
5 11 9.712548448678011e-09
11 11 2.392370843916965e-07
14 11 -4.176996765851453e-09
17 11  9.9216563519169e-09
20 11 -4.264848684361298e-09
53 11 1.39365475366926e-08
62 11 -1.769091726792283e-09
65 11 1.210869541252008e-07
68 11 -1.052979886980446e-09
71 11 -5.679448191634386e-09
74 11 -5.885937454983872e-08
83 11 -1.846307607409688e-09
158 11 -5.702135143198958e-07
164 11 -5.20599143746498e-08
167 11 -3.751576198192555e-08
173 11 -2.326553543007805e-07
176 11 -3.829047538246383e-08
182 11 -2.420372293094008e-07
185 11 -5.214362995685276e-07
6 12 9.712548448678011e-09
12 12 2.392370843916965e-07
15 12 -4.176996765851453e-09
18 12  9.9216563519169e-09
21 12 -4.264848684361298e-09
54 12 1.39365475366926e-08
63 12 -1.769091726792283e-09
66 12 1.210869541252008e-07
69 12 -1.052979886980446e-09
72 12 -5.679448191634386e-09
75 12 -5.885937454983872e-08
84 12 -1.846307607409688e-09
159 12 -5.702135143198958e-07
165 12 -5.20599143746498e-08
168 12 -3.751576198192555e-08
174 12 -2.326553543007805e-07
177 12 -3.829047538246383e-08
183 12 -2.420372293094008e-07
186 12 -5.214362995685276e-07
4 13 -4.175219224603109e-09
10 13 -4.176996765851453e-09
13 13 1.748304714471153e-09
52 13 -1.847262980659608e-09
61 13 6.700786397107196e-10
70 13 6.707317769439568e-10
157 13  1.6912685374199e-08
163 13 6.562630775193063e-09
166 13 1.690367316920996e-08
5 14 -4.175219224603109e-09
11 14 -4.176996765851453e-09
14 14 1.748304714471153e-09
53 14 -1.847262980659608e-09
62 14 6.700786397107196e-10
71 14 6.707317769439568e-10
158 14  1.6912685374199e-08
164 14 6.562630775193063e-09
167 14 1.690367316920996e-08
6 15 -4.175219224603109e-09
12 15 -4.176996765851453e-09
15 15 1.748304714471153e-09
54 15 -1.847262980659608e-09
63 15 6.700786397107196e-10
72 15 6.707317769439568e-10
159 15  1.6912685374199e-08
165 15 6.562630775193063e-09
168 15 1.690367316920996e-08
10 16  9.9216563519169e-09
16 16 2.452448758170643e-07
19 16 -4.267525947592993e-09
22 16 1.020741308221373e-08
25 16 -4.387434721745029e-09
64 16 1.463470296844946e-08
73 16 -1.845805175692435e-09
76 16 1.26494516813602e-07
79 16 -1.149537562138826e-09
82 16 -5.987935095166912e-09
85 16 -6.182787679944598e-08
94 16 -1.95400452867803e-09
175 16 -5.836241200023948e-07
181 16 -5.4739214983654e-08
184 16 -3.828369894500968e-08
190 16 -2.434061669396806e-07
193 16 -3.934010273555863e-08
199 16 -2.537132573532193e-07
202 16 -5.337994762196187e-07
11 17  9.9216563519169e-09
17 17 2.452448758170643e-07
20 17 -4.267525947592993e-09
23 17 1.020741308221373e-08
26 17 -4.387434721745029e-09
65 17 1.463470296844946e-08
74 17 -1.845805175692435e-09
77 17 1.26494516813602e-07
80 17 -1.149537562138826e-09
83 17 -5.987935095166912e-09
86 17 -6.182787679944598e-08
95 17 -1.95400452867803e-09
176 17 -5.836241200023948e-07
182 17 -5.4739214983654e-08
185 17 -3.828369894500968e-08
191 17 -2.434061669396806e-07
194 17 -3.934010273555863e-08
200 17 -2.537132573532193e-07
203 17 -5.337994762196187e-07
12 18  9.9216563519169e-09
18 18 2.452448758170643e-07
21 18 -4.267525947592993e-09
24 18 1.020741308221373e-08
27 18 -4.387434721745029e-09
66 18 1.463470296844946e-08
75 18 -1.845805175692435e-09
78 18 1.26494516813602e-07
81 18 -1.149537562138826e-09
84 18 -5.987935095166912e-09
87 18 -6.182787679944598e-08
96 18 -1.95400452867803e-09
177 18 -5.836241200023948e-07
183 18 -5.4739214983654e-08
186 18 -3.828369894500968e-08
192 18 -2.434061669396806e-07
195 18 -3.934010273555863e-08
201 18 -2.537132573532193e-07
204 18 -5.337994762196187e-07
10 19 -4.264848684361298e-09
16 19 -4.267525947592993e-09
19 19 1.786071645802629e-09
64 19 -1.92175105204439e-09
73 19 6.990637006710795e-10
82 19 7.000685641055836e-10
175 19 1.726499586421484e-08
181 19 6.836048754802578e-09
184 19 1.725144298930656e-08
11 20 -4.264848684361298e-09
17 20 -4.267525947592993e-09
20 20 1.786071645802629e-09
65 20 -1.92175105204439e-09
74 20 6.990637006710795e-10
83 20 7.000685641055836e-10
176 20 1.726499586421484e-08
182 20 6.836048754802578e-09
185 20 1.725144298930656e-08
12 21 -4.264848684361298e-09
18 21 -4.267525947592993e-09
21 21 1.786071645802629e-09
66 21 -1.92175105204439e-09
75 21 6.990637006710795e-10
84 21 7.000685641055836e-10
177 21 1.726499586421484e-08
183 21 6.836048754802578e-09
186 21 1.725144298930656e-08
16 22 1.020741308221373e-08
22 22 2.532596324388098e-07
25 22 -4.39113756424562e-09
28 22 1.058238769236541e-08
31 22 -4.548387217215993e-09
76 22 1.561722409969122e-08
85 22 -1.953289686454405e-09
88 22 1.338106391318191e-07
91 22 -1.291202833527697e-09
94 22 -6.424761216948768e-09
97 22 -6.588889404020936e-08
118 22 -2.099911809005511e-09
193 22 -6.016268028695659e-07
199 22 -5.851829318735585e-08
202 22 -3.933075015462614e-08
208 22 -2.581416061876533e-07
211 22 -4.071267535266842e-08
217 22 -2.694717819017156e-07
220 22 -5.500549338498222e-07
17 23 1.020741308221373e-08
23 23 2.532596324388098e-07
26 23 -4.39113756424562e-09
29 23 1.058238769236541e-08
32 23 -4.548387217215993e-09
77 23 1.561722409969122e-08
86 23 -1.953289686454405e-09
89 23 1.338106391318191e-07
92 23 -1.291202833527697e-09
95 23 -6.424761216948768e-09
98 23 -6.588889404020936e-08
119 23 -2.099911809005511e-09
194 23 -6.016268028695659e-07
200 23 -5.851829318735585e-08
203 23 -3.933075015462614e-08
209 23 -2.581416061876533e-07
212 23 -4.071267535266842e-08
218 23 -2.694717819017156e-07
221 23 -5.500549338498222e-07
18 24 1.020741308221373e-08
24 24 2.532596324388098e-07
27 24 -4.39113756424562e-09
30 24 1.058238769236541e-08
33 24 -4.548387217215993e-09
78 24 1.561722409969122e-08
87 24 -1.953289686454405e-09
90 24 1.338106391318191e-07
93 24 -1.291202833527697e-09
96 24 -6.424761216948768e-09
99 24 -6.588889404020936e-08
120 24 -2.099911809005511e-09
195 24 -6.016268028695659e-07
201 24 -5.851829318735585e-08
204 24 -3.933075015462614e-08
210 24 -2.581416061876533e-07
213 24 -4.071267535266842e-08
219 24 -2.694717819017156e-07
222 24 -5.500549338498222e-07
16 25 -4.387434721745029e-09
22 25 -4.39113756424562e-09
25 25 1.83768267658815e-09
76 25 -2.025508927223078e-09
85 25 7.397049650549676e-10
94 25 7.411346495022078e-10
193 25 1.774491979324267e-08
199 25 7.217892262300007e-09
202 25 1.772621463137772e-08
17 26 -4.387434721745029e-09
23 26 -4.39113756424562e-09
26 26 1.83768267658815e-09
77 26 -2.025508927223078e-09
86 26 7.397049650549676e-10
95 26 7.411346495022078e-10
194 26 1.774491979324267e-08
200 26 7.217892262300007e-09
203 26 1.772621463137772e-08
18 27 -4.387434721745029e-09
24 27 -4.39113756424562e-09
27 27 1.83768267658815e-09
78 27 -2.025508927223078e-09
87 27 7.397049650549676e-10
96 27 7.411346495022078e-10
195 27 1.774491979324267e-08
201 27 7.217892262300007e-09
204 27 1.772621463137772e-08
22 28 1.058238769236541e-08
28 28 2.636470252099431e-07
31 28 -4.553299922171307e-09
34 28 1.106464723191744e-08
37 28 -4.755489159961971e-09
88 28 1.695918973259722e-08
97 28 -2.098928725846572e-09
112 28 1.434706288810231e-07
115 28 -1.495807711413551e-09
118 28 -7.026665802630271e-09
121 28 -7.132999263436812e-08
211 28 -6.250095084782067e-07
217 28 -6.369452447577965e-08
220 28 -4.070030107163044e-08
226 28 -2.295200956319808e-09
229 28 -2.778308406943833e-07
232 28 -4.247022580099477e-08
238 28 -2.903152939399547e-07
241 28 -5.708614149506044e-07
23 29 1.058238769236541e-08
29 29 2.636470252099431e-07
32 29 -4.553299922171307e-09
35 29 1.106464723191744e-08
38 29 -4.755489159961971e-09
89 29 1.695918973259722e-08
98 29 -2.098928725846572e-09
113 29 1.434706288810231e-07
116 29 -1.495807711413551e-09
119 29 -7.026665802630271e-09
122 29 -7.132999263436812e-08
212 29 -6.250095084782067e-07
218 29 -6.369452447577965e-08
221 29 -4.070030107163044e-08
227 29 -2.295200956319808e-09
230 29 -2.778308406943833e-07
233 29 -4.247022580099477e-08
239 29 -2.903152939399547e-07
242 29 -5.708614149506044e-07
24 30 1.058238769236541e-08
30 30 2.636470252099431e-07
33 30 -4.553299922171307e-09
36 30 1.106464723191744e-08
39 30 -4.755489159961971e-09
90 30 1.695918973259722e-08
99 30 -2.098928725846572e-09
114 30 1.434706288810231e-07
117 30 -1.495807711413551e-09
120 30 -7.026665802630271e-09
123 30 -7.132999263436812e-08
213 30 -6.250095084782067e-07
219 30 -6.369452447577965e-08
222 30 -4.070030107163044e-08
228 30 -2.295200956319808e-09
231 30 -2.778308406943833e-07
234 30 -4.247022580099477e-08
240 30 -2.903152939399547e-07
243 30 -5.708614149506044e-07
22 31 -4.548387217215993e-09
28 31 -4.553299922171307e-09
31 31  1.9054263035262e-09
88 31 -2.165027590994869e-09
97 31 7.948016155730278e-10
118 31 7.967677818908989e-10
211 31 1.837267928130843e-08
217 31 7.733111018109865e-09
220 31 1.834793071923233e-08
23 32 -4.548387217215993e-09
29 32 -4.553299922171307e-09
32 32  1.9054263035262e-09
89 32 -2.165027590994869e-09
98 32 7.948016155730278e-10
119 32 7.967677818908989e-10
212 32 1.837267928130843e-08
218 32 7.733111018109865e-09
221 32 1.834793071923233e-08
24 33 -4.548387217215993e-09
30 33 -4.553299922171307e-09
33 33  1.9054263035262e-09
90 33 -2.165027590994869e-09
99 33 7.948016155730278e-10
120 33 7.967677818908989e-10
213 33 1.837267928130843e-08
219 33 7.733111018109865e-09
222 33 1.834793071923233e-08
28 34 1.106464723191744e-08
34 34 2.769299443705578e-07
37 34 -4.761878396895001e-09
112 34 1.877528581007188e-08
121 34 -2.293864513011237e-09
226 34 -7.850859144311071e-09
232 34 -6.549087416363664e-07
238 34 -7.072462511691144e-08
241 34 -4.245418917068291e-08
247 34 1.561076414622689e-07
250 34 -1.793014392252524e-09
253 34 -7.858452931600213e-08
256 34 1.168015706773982e-08
259 34 -5.019937599445976e-09
262 34 -2.556899385893725e-09
265 34 -3.039222536254069e-07
268 34 -4.470094080686204e-08
274 34 -3.177144198141033e-07
277 34 -5.971229169170324e-07
29 35 1.106464723191744e-08
35 35 2.769299443705578e-07
38 35 -4.761878396895001e-09
113 35 1.877528581007188e-08
122 35 -2.293864513011237e-09
227 35 -7.850859144311071e-09
233 35 -6.549087416363664e-07
239 35 -7.072462511691144e-08
242 35 -4.245418917068291e-08
248 35 1.561076414622689e-07
251 35 -1.793014392252524e-09
254 35 -7.858452931600213e-08
257 35 1.168015706773982e-08
260 35 -5.019937599445976e-09
263 35 -2.556899385893725e-09
266 35 -3.039222536254069e-07
269 35 -4.470094080686204e-08
275 35 -3.177144198141033e-07
278 35 -5.971229169170324e-07
30 36 1.106464723191744e-08
36 36 2.769299443705578e-07
39 36 -4.761878396895001e-09
114 36 1.877528581007188e-08
123 36 -2.293864513011237e-09
228 36 -7.850859144311071e-09
234 36 -6.549087416363664e-07
240 36 -7.072462511691144e-08
243 36 -4.245418917068291e-08
249 36 1.561076414622689e-07
252 36 -1.793014392252524e-09
255 36 -7.858452931600213e-08
258 36 1.168015706773982e-08
261 36 -5.019937599445976e-09
264 36 -2.556899385893725e-09
267 36 -3.039222536254069e-07
270 36 -4.470094080686204e-08
276 36 -3.177144198141033e-07
279 36 -5.971229169170324e-07
28 37 -4.755489159961971e-09
34 37 -4.761878396895001e-09
37 37 1.992596490620345e-09
112 37 -2.349934690219148e-09
121 37 8.685814147091072e-10
226 37 8.712543013262523e-10
232 37 1.917715647167744e-08
238 37 8.419016991751654e-09
241 37 1.914508321105376e-08
29 38 -4.755489159961971e-09
35 38 -4.761878396895001e-09
38 38 1.992596490620345e-09
113 38 -2.349934690219148e-09
122 38 8.685814147091072e-10
227 38 8.712543013262523e-10
233 38 1.917715647167744e-08
239 38 8.419016991751654e-09
242 38 1.914508321105376e-08
30 39 -4.755489159961971e-09
36 39 -4.761878396895001e-09
39 39 1.992596490620345e-09
114 39 -2.349934690219148e-09
123 39 8.685814147091072e-10
228 39 8.712543013262523e-10
234 39 1.917715647167744e-08
240 39 8.419016991751654e-09
243 39 1.914508321105376e-08
1 40 -4.081637367786846e-09
40 40 1.708638560705445e-09
43 40 -4.081447887448173e-09
103 40 -1.770480380751745e-09
106 40 6.405169267886889e-10
109 40 6.404489272809096e-10
124 40 1.654048807180316e-08
130 40 6.281466782259921e-09
133 40 1.653952562931894e-08
2 41 -4.081637367786846e-09
41 41 1.708638560705445e-09
44 41 -4.081447887448173e-09
104 41 -1.770480380751745e-09
107 41 6.405169267886889e-10
110 41 6.404489272809096e-10
125 41 1.654048807180316e-08
131 41 6.281466782259921e-09
134 41 1.653952562931894e-08
3 42 -4.081637367786846e-09
42 42 1.708638560705445e-09
45 42 -4.081447887448173e-09
105 42 -1.770480380751745e-09
108 42 6.405169267886889e-10
111 42 6.404489272809096e-10
126 42 1.654048807180316e-08
132 42 6.281466782259921e-09
135 42 1.653952562931894e-08
1 43 9.493156274222362e-09
40 43 -4.081447887448173e-09
43 43 2.043725977695833e-07
103 43 1.081878097150234e-07
106 43 -1.690511473772564e-09
109 43 -5.263220125419432e-08
124 43 -3.670953086717775e-08
130 43 -2.257990009751623e-07
133 43 -5.037768812912408e-07
286 43 -1.97704948037569e-07
289 43 -4.384839446834349e-07
2 44 9.493156274222362e-09
41 44 -4.081447887448173e-09
44 44 2.043725977695833e-07
104 44 1.081878097150234e-07
107 44 -1.690511473772564e-09
110 44 -5.263220125419432e-08
125 44 -3.670953086717775e-08
131 44 -2.257990009751623e-07
134 44 -5.037768812912408e-07
287 44 -1.97704948037569e-07
290 44 -4.384839446834349e-07
3 45 9.493156274222362e-09
42 45 -4.081447887448173e-09
45 45 2.043725977695833e-07
105 45 1.081878097150234e-07
108 45 -1.690511473772564e-09
111 45 -5.263220125419432e-08
126 45 -3.670953086717775e-08
132 45 -2.257990009751623e-07
135 45 -5.037768812912408e-07
288 45 -1.97704948037569e-07
291 45 -4.384839446834349e-07
1 46 1.149089507625292e-07
4 46 1.347400713957462e-08
7 46 -1.797738032500307e-09
46 46 6.806881887206366e-07
49 46 -4.619565444062954e-08
52 46 1.965593742834144e-08
55 46 -6.148429660904936e-09
58 46 -4.459706996819862e-09
61 46 -1.036252882555139e-09
100 46 -5.747430241909247e-09
103 46 1.850256857049205e-08
106 46 -1.001105198486379e-09
124 46 -2.341538840815116e-07
130 46 -6.377783860560222e-08
136 46 -1.101428072448613e-06
139 46 -5.293013373392691e-08
145 46 -1.470320607818701e-06
148 46 -2.421704804048242e-07
154 46 -6.73078173434278e-08
325 46 -4.036602034299437e-07
328 46 4.803179770940251e-07
331 46 -9.636861689415946e-09
337 46 -1.075862579270699e-08
340 46 1.475284855601656e-07
343 46 -1.031102045982865e-07
346 46 -1.878404802319079e-07
2 47 1.149089507625292e-07
5 47 1.347400713957462e-08
8 47 -1.797738032500307e-09
47 47 6.806881887206366e-07
50 47 -4.619565444062954e-08
53 47 1.965593742834144e-08
56 47 -6.148429660904936e-09
59 47 -4.459706996819862e-09
62 47 -1.036252882555139e-09
101 47 -5.747430241909247e-09
104 47 1.850256857049205e-08
107 47 -1.001105198486379e-09
125 47 -2.341538840815116e-07
131 47 -6.377783860560222e-08
137 47 -1.101428072448613e-06
140 47 -5.293013373392691e-08
146 47 -1.470320607818701e-06
149 47 -2.421704804048242e-07
155 47 -6.73078173434278e-08
326 47 -4.036602034299437e-07
329 47 4.803179770940251e-07
332 47 -9.636861689415946e-09
338 47 -1.075862579270699e-08
341 47 1.475284855601656e-07
344 47 -1.031102045982865e-07
347 47 -1.878404802319079e-07
3 48 1.149089507625292e-07
6 48 1.347400713957462e-08
9 48 -1.797738032500307e-09
48 48 6.806881887206366e-07
51 48 -4.619565444062954e-08
54 48 1.965593742834144e-08
57 48 -6.148429660904936e-09
60 48 -4.459706996819862e-09
63 48 -1.036252882555139e-09
102 48 -5.747430241909247e-09
105 48 1.850256857049205e-08
108 48 -1.001105198486379e-09
126 48 -2.341538840815116e-07
132 48 -6.377783860560222e-08
138 48 -1.101428072448613e-06
141 48 -5.293013373392691e-08
147 48 -1.470320607818701e-06
150 48 -2.421704804048242e-07
156 48 -6.73078173434278e-08
327 48 -4.036602034299437e-07
330 48 4.803179770940251e-07
333 48 -9.636861689415946e-09
339 48 -1.075862579270699e-08
342 48 1.475284855601656e-07
345 48 -1.031102045982865e-07
348 48 -1.878404802319079e-07
1 49 -5.550278139932866e-08
4 49 -1.718314783939026e-09
7 49 6.509184080249177e-10
46 49 -4.619565444062954e-08
49 49   2.107030113447e-08
58 49 4.924194938124769e-10
100 49 2.724636983477421e-10
103 49 -1.001353386213487e-09
106 49 3.620451069822636e-10
124 49 1.189005033812847e-07
130 49 3.642872062417468e-09
136 49 9.207448426583125e-08
139 49 6.381187224853746e-09
145 49 9.500100326183968e-08
148 49 1.224582141180361e-07
2 50 -5.550278139932866e-08
5 50 -1.718314783939026e-09
8 50 6.509184080249177e-10
47 50 -4.619565444062954e-08
50 50   2.107030113447e-08
59 50 4.924194938124769e-10
101 50 2.724636983477421e-10
104 50 -1.001353386213487e-09
107 50 3.620451069822636e-10
125 50 1.189005033812847e-07
131 50 3.642872062417468e-09
137 50 9.207448426583125e-08
140 50 6.381187224853746e-09
146 50 9.500100326183968e-08
149 50 1.224582141180361e-07
3 51 -5.550278139932866e-08
6 51 -1.718314783939026e-09
9 51 6.509184080249177e-10
48 51 -4.619565444062954e-08
51 51   2.107030113447e-08
60 51 4.924194938124769e-10
102 51 2.724636983477421e-10
105 51 -1.001353386213487e-09
108 51 3.620451069822636e-10
126 51 1.189005033812847e-07
132 51 3.642872062417468e-09
138 51 9.207448426583125e-08
141 51 6.381187224853746e-09
147 51 9.500100326183968e-08
150 51 1.224582141180361e-07
4 52 1.17290421642545e-07
10 52 1.39365475366926e-08
13 52 -1.847262980659608e-09
46 52 1.965593742834144e-08
52 52 7.288142196908477e-07
55 52 -6.16833284221691e-09
58 52 -1.035835395117893e-09
61 52 -4.76666930972069e-08
64 52 2.18697330068417e-08
67 52 -6.949354518496769e-09
70 52 -4.677197575365278e-09
73 52 -1.099241427855208e-09
139 52 -2.384593812802866e-07
145 52 -6.726526194806569e-08
154 52 -1.150245938654974e-06
157 52 -5.467281344041285e-08
163 52 -1.571528220183781e-06
166 52 -2.472380570446939e-07
172 52 -7.389041678129836e-08
337 52 -4.543196141035495e-07
340 52 5.038973908521847e-07
343 52 -1.075092870960864e-08
355 52 -1.305484321705142e-08
358 52 1.595583500470833e-07
361 52 -1.278226688322774e-07
364 52 -2.417896825010991e-07
5 53 1.17290421642545e-07
11 53 1.39365475366926e-08
14 53 -1.847262980659608e-09
47 53 1.965593742834144e-08
53 53 7.288142196908477e-07
56 53 -6.16833284221691e-09
59 53 -1.035835395117893e-09
62 53 -4.76666930972069e-08
65 53 2.18697330068417e-08
68 53 -6.949354518496769e-09
71 53 -4.677197575365278e-09
74 53 -1.099241427855208e-09
140 53 -2.384593812802866e-07
146 53 -6.726526194806569e-08
155 53 -1.150245938654974e-06
158 53 -5.467281344041285e-08
164 53 -1.571528220183781e-06
167 53 -2.472380570446939e-07
173 53 -7.389041678129836e-08
338 53 -4.543196141035495e-07
341 53 5.038973908521847e-07
344 53 -1.075092870960864e-08
356 53 -1.305484321705142e-08
359 53 1.595583500470833e-07
362 53 -1.278226688322774e-07
365 53 -2.417896825010991e-07
6 54 1.17290421642545e-07
12 54 1.39365475366926e-08
15 54 -1.847262980659608e-09
48 54 1.965593742834144e-08
54 54 7.288142196908477e-07
57 54 -6.16833284221691e-09
60 54 -1.035835395117893e-09
63 54 -4.76666930972069e-08
66 54 2.18697330068417e-08
69 54 -6.949354518496769e-09
72 54 -4.677197575365278e-09
75 54 -1.099241427855208e-09
141 54 -2.384593812802866e-07
147 54 -6.726526194806569e-08
156 54 -1.150245938654974e-06
159 54 -5.467281344041285e-08
165 54 -1.571528220183781e-06
168 54 -2.472380570446939e-07
174 54 -7.389041678129836e-08
339 54 -4.543196141035495e-07
342 54 5.038973908521847e-07
345 54 -1.075092870960864e-08
357 54 -1.305484321705142e-08
360 54 1.595583500470833e-07
363 54 -1.278226688322774e-07
366 54 -2.417896825010991e-07
4 55 -9.907022908087373e-10
46 55 -6.148429660904936e-09
52 55 -6.16833284221691e-09
55 55 1.813963280443291e-09
58 55 2.840702670836724e-10
61 55 2.849052419581651e-10
139 55 3.769005104769593e-09
145 55 2.227230846774798e-08
154 55 2.235741925847227e-08
337 55 2.949093116461467e-09
340 55 -5.911830035532081e-09
343 55 2.933698950264748e-09
5 56 -9.907022908087373e-10
47 56 -6.148429660904936e-09
53 56 -6.16833284221691e-09
56 56 1.813963280443291e-09
59 56 2.840702670836724e-10
62 56 2.849052419581651e-10
140 56 3.769005104769593e-09
146 56 2.227230846774798e-08
155 56 2.235741925847227e-08
338 56 2.949093116461467e-09
341 56 -5.911830035532081e-09
344 56 2.933698950264748e-09
6 57 -9.907022908087373e-10
48 57 -6.148429660904936e-09
54 57 -6.16833284221691e-09
57 57 1.813963280443291e-09
60 57 2.840702670836724e-10
63 57 2.849052419581651e-10
141 57 3.769005104769593e-09
147 57 2.227230846774798e-08
156 57 2.235741925847227e-08
339 57 2.949093116461467e-09
342 57 -5.911830035532081e-09
345 57 2.933698950264748e-09
1 58 -1.718488575394089e-09
4 58 -5.475783366775402e-09
7 58 6.51265990935042e-10
46 58 -4.459706996819862e-09
49 58 4.924194938124769e-10
52 58 -1.035835395117893e-09
55 58 2.840702670836724e-10
58 58 1.733973678535985e-09
61 58 3.75171450576475e-10
139 58 2.258073546704688e-08
145 58 1.729672934106363e-08
148 58 6.381187224853748e-09
154 58 3.769005104769593e-09
2 59 -1.718488575394089e-09
5 59 -5.475783366775402e-09
8 59 6.51265990935042e-10
47 59 -4.459706996819862e-09
50 59 4.924194938124769e-10
53 59 -1.035835395117893e-09
56 59 2.840702670836724e-10
59 59 1.733973678535985e-09
62 59 3.75171450576475e-10
140 59 2.258073546704688e-08
146 59 1.729672934106363e-08
149 59 6.381187224853748e-09
155 59 3.769005104769593e-09
3 60 -1.718488575394089e-09
6 60 -5.475783366775402e-09
9 60 6.51265990935042e-10
48 60 -4.459706996819862e-09
51 60 4.924194938124769e-10
54 60 -1.035835395117893e-09
57 60 2.840702670836724e-10
60 60 1.733973678535985e-09
63 60 3.75171450576475e-10
141 60 2.258073546704688e-08
147 60 1.729672934106363e-08
150 60 6.381187224853748e-09
156 60 3.769005104769593e-09
4 61 -5.679217265050131e-08
10 61 -1.769091726792283e-09
13 61 6.700786397107196e-10
46 61 -1.036252882555139e-09
52 61 -4.76666930972069e-08
55 61 2.849052419581651e-10
58 61 3.75171450576475e-10
61 61 2.180909484897337e-08
70 61 5.143892692093111e-10
139 61 1.213611768349414e-07
145 61 3.769005104769593e-09
154 61 9.492180008655023e-08
157 61 6.562630775193065e-09
163 61 9.839941547194635e-08
166 61 1.253490048313408e-07
5 62 -5.679217265050131e-08
11 62 -1.769091726792283e-09
14 62 6.700786397107196e-10
47 62 -1.036252882555139e-09
53 62 -4.76666930972069e-08
56 62 2.849052419581651e-10
59 62 3.75171450576475e-10
62 62 2.180909484897337e-08
71 62 5.143892692093111e-10
140 62 1.213611768349414e-07
146 62 3.769005104769593e-09
155 62 9.492180008655023e-08
158 62 6.562630775193065e-09
164 62 9.839941547194635e-08
167 62 1.253490048313408e-07
6 63 -5.679217265050131e-08
12 63 -1.769091726792283e-09
15 63 6.700786397107196e-10
48 63 -1.036252882555139e-09
54 63 -4.76666930972069e-08
57 63 2.849052419581651e-10
60 63 3.75171450576475e-10
63 63 2.180909484897337e-08
72 63 5.143892692093111e-10
141 63 1.213611768349414e-07
147 63 3.769005104769593e-09
156 63 9.492180008655023e-08
159 63 6.562630775193065e-09
165 63 9.839941547194635e-08
168 63 1.253490048313408e-07
10 64 1.210869541252008e-07
16 64 1.463470296844946e-08
19 64 -1.92175105204439e-09
52 64 2.18697330068417e-08
64 64 8.131067997424708e-07
67 64 -6.983017711290603e-09
70 64 -1.098608948503244e-09
73 64 -5.004239515124833e-08
76 64 2.565893123855546e-08
79 64 -8.342414770562555e-09
82 64 -5.011384308965685e-09
85 64 -1.196539926439613e-09
157 64 -2.455307808188521e-07
163 64 -7.381957659386788e-08
172 64 -1.233650348206752e-06
175 64 -5.72950653938154e-08
181 64 -1.739106584336035e-06
184 64 -2.55080783824467e-07
190 64 -8.469562475438973e-08
295 64   1.402907526003e-12
298 64 -4.189760425443976e-14
307 64 -6.462313884342983e-16
355 64 -5.494695789681698e-07
358 64 5.371023526631226e-07
361 64 -1.30402812546174e-08
373 64 -7.08643527848704e-13
376 64 -1.746073820146851e-08
382 64 -4.894489581433768e-12
385 64 -1.77449969983094e-07
11 65 1.210869541252008e-07
17 65 1.463470296844946e-08
20 65 -1.92175105204439e-09
53 65 2.18697330068417e-08
65 65 8.131067997424708e-07
68 65 -6.983017711290603e-09
71 65 -1.098608948503244e-09
74 65 -5.004239515124833e-08
77 65 2.565893123855546e-08
80 65 -8.342414770562555e-09
83 65 -5.011384308965685e-09
86 65 -1.196539926439613e-09
158 65 -2.455307808188521e-07
164 65 -7.381957659386788e-08
173 65 -1.233650348206752e-06
176 65 -5.72950653938154e-08
182 65 -1.739106584336035e-06
185 65 -2.55080783824467e-07
191 65 -8.469562475438973e-08
296 65   1.402907526003e-12
299 65 -4.189760425443976e-14
308 65 -6.462313884342983e-16
356 65 -5.494695789681698e-07
359 65 5.371023526631226e-07
362 65 -1.30402812546174e-08
374 65 -7.08643527848704e-13
377 65 -1.746073820146851e-08
383 65 -4.894489581433768e-12
386 65 -1.77449969983094e-07
12 66 1.210869541252008e-07
18 66 1.463470296844946e-08
21 66 -1.92175105204439e-09
54 66 2.18697330068417e-08
66 66 8.131067997424708e-07
69 66 -6.983017711290603e-09
72 66 -1.098608948503244e-09
75 66 -5.004239515124833e-08
78 66 2.565893123855546e-08
81 66 -8.342414770562555e-09
84 66 -5.011384308965685e-09
87 66 -1.196539926439613e-09
159 66 -2.455307808188521e-07
165 66 -7.381957659386788e-08
174 66 -1.233650348206752e-06
177 66 -5.72950653938154e-08
183 66 -1.739106584336035e-06
186 66 -2.55080783824467e-07
192 66 -8.469562475438973e-08
297 66   1.402907526003e-12
300 66 -4.189760425443976e-14
309 66 -6.462313884342983e-16
357 66 -5.494695789681698e-07
360 66 5.371023526631226e-07
363 66 -1.30402812546174e-08
375 66 -7.08643527848704e-13
378 66 -1.746073820146851e-08
384 66 -4.894489581433768e-12
387 66 -1.77449969983094e-07
10 67 -1.052979886980446e-09
52 67 -6.949354518496769e-09
64 67 -6.983017711290603e-09
67 67 2.089563445010092e-09
70 67 3.063610129326527e-10
73 67 3.076259716365843e-10
157 67 3.996816658034726e-09
163 67 2.490452790819804e-08
172 67 2.504620828305899e-08
355 67 3.642049002555324e-09
358 67 -6.639788323845031e-09
361 67 3.612925077687296e-09
11 68 -1.052979886980446e-09
53 68 -6.949354518496769e-09
65 68 -6.983017711290603e-09
68 68 2.089563445010092e-09
71 68 3.063610129326527e-10
74 68 3.076259716365843e-10
158 68 3.996816658034726e-09
164 68 2.490452790819804e-08
173 68 2.504620828305899e-08
356 68 3.642049002555324e-09
359 68 -6.639788323845031e-09
362 68 3.612925077687296e-09
12 69 -1.052979886980446e-09
54 69 -6.949354518496769e-09
66 69 -6.983017711290603e-09
69 69 2.089563445010092e-09
72 69 3.063610129326527e-10
75 69 3.076259716365843e-10
159 69 3.996816658034726e-09
165 69 2.490452790819804e-08
174 69 2.504620828305899e-08
357 69 3.642049002555324e-09
360 69 -6.639788323845031e-09
363 69 3.612925077687296e-09
4 70 -1.7694182954089e-09
10 70 -5.679448191634386e-09
13 70 6.707317769439568e-10
52 70 -4.677197575365278e-09
61 70 5.143892692093111e-10
64 70 -1.098608948503244e-09
67 70 3.063610129326527e-10
70 70 1.82511749911473e-09
73 70 3.988840946821748e-10
157 70 2.338993106668786e-08
163 70 1.816413293516159e-08
166 70 6.562630775193062e-09
172 70 3.996816658034726e-09
5 71 -1.7694182954089e-09
11 71 -5.679448191634386e-09
14 71 6.707317769439568e-10
53 71 -4.677197575365278e-09
62 71 5.143892692093111e-10
65 71 -1.098608948503244e-09
68 71 3.063610129326527e-10
71 71 1.82511749911473e-09
74 71 3.988840946821748e-10
158 71 2.338993106668786e-08
164 71 1.816413293516159e-08
167 71 6.562630775193062e-09
173 71 3.996816658034726e-09
6 72 -1.7694182954089e-09
12 72 -5.679448191634386e-09
15 72 6.707317769439568e-10
54 72 -4.677197575365278e-09
63 72 5.143892692093111e-10
66 72 -1.098608948503244e-09
69 72 3.063610129326527e-10
72 72 1.82511749911473e-09
75 72 3.988840946821748e-10
159 72 2.338993106668786e-08
165 72 1.816413293516159e-08
168 72 6.562630775193062e-09
174 72 3.996816658034726e-09
10 73 -5.885937454983872e-08
16 73 -1.845805175692435e-09
19 73 6.990637006710795e-10
52 73 -1.099241427855208e-09
64 73 -5.004239515124833e-08
67 73 3.076259716365843e-10
70 73 3.988840946821748e-10
73 73 2.301002562748174e-08
82 73 5.481768114016734e-10
157 73 1.254156098045994e-07
163 73 3.996816658034726e-09
172 73 9.966475676845721e-08
175 73 6.83604875480258e-09
181 73 1.037710890582147e-07
184 73 1.298581980883463e-07
11 74 -5.885937454983872e-08
17 74 -1.845805175692435e-09
20 74 6.990637006710795e-10
53 74 -1.099241427855208e-09
65 74 -5.004239515124833e-08
68 74 3.076259716365843e-10
71 74 3.988840946821748e-10
74 74 2.301002562748174e-08
83 74 5.481768114016734e-10
158 74 1.254156098045994e-07
164 74 3.996816658034726e-09
173 74 9.966475676845721e-08
176 74 6.83604875480258e-09
182 74 1.037710890582147e-07
185 74 1.298581980883463e-07
12 75 -5.885937454983872e-08
18 75 -1.845805175692435e-09
21 75 6.990637006710795e-10
54 75 -1.099241427855208e-09
66 75 -5.004239515124833e-08
69 75 3.076259716365843e-10
72 75 3.988840946821748e-10
75 75 2.301002562748174e-08
84 75 5.481768114016734e-10
159 75 1.254156098045994e-07
165 75 3.996816658034726e-09
174 75 9.966475676845721e-08
177 75 6.83604875480258e-09
183 75 1.037710890582147e-07
186 75 1.298581980883463e-07
16 76 1.26494516813602e-07
22 76 1.561722409969122e-08
25 76 -2.025508927223078e-09
64 76 2.565893123855546e-08
76 76 9.526031372712576e-07
79 76 -8.398802107655953e-09
82 76 -1.195610524289649e-09
85 76 -5.349368317442458e-08
88 76 3.211688356955995e-08
91 76 -1.077049588355615e-08
94 76 -5.492790772155788e-09
97 76 -1.338617096902108e-09
175 76 -2.557204803321736e-07
181 76 -8.458009052447219e-08
190 76 -1.360139711248641e-06
193 76 -6.097058001858629e-08
199 76 -1.996999355038111e-06
202 76 -2.660699804928665e-07
208 76 -1.018323687003449e-07
295 76 7.840863397710083e-14
298 76 -6.459686360015975e-16
301 76 1.177520498943973e-10
304 76 -4.465903831478696e-16
307 76 -2.424426196235103e-15
310 76 -9.020989728893043e-12
319 76 -1.738685795304622e-13
376 76 -7.210317656606577e-07
382 76 -3.120319815879227e-13
385 76 -1.743223200383664e-08
397 76 -1.221371452209886e-10
400 76 -2.628814218436595e-08
406 76 -3.472593558809705e-10
409 76 -2.79283407437213e-07
17 77 1.26494516813602e-07
23 77 1.561722409969122e-08
26 77 -2.025508927223078e-09
65 77 2.565893123855546e-08
77 77 9.526031372712576e-07
80 77 -8.398802107655953e-09
83 77 -1.195610524289649e-09
86 77 -5.349368317442458e-08
89 77 3.211688356955995e-08
92 77 -1.077049588355615e-08
95 77 -5.492790772155788e-09
98 77 -1.338617096902108e-09
176 77 -2.557204803321736e-07
182 77 -8.458009052447219e-08
191 77 -1.360139711248641e-06
194 77 -6.097058001858629e-08
200 77 -1.996999355038111e-06
203 77 -2.660699804928665e-07
209 77 -1.018323687003449e-07
296 77 7.840863397710083e-14
299 77 -6.459686360015975e-16
302 77 1.177520498943973e-10
305 77 -4.465903831478696e-16
308 77 -2.424426196235103e-15
311 77 -9.020989728893043e-12
320 77 -1.738685795304622e-13
377 77 -7.210317656606577e-07
383 77 -3.120319815879227e-13
386 77 -1.743223200383664e-08
398 77 -1.221371452209886e-10
401 77 -2.628814218436595e-08
407 77 -3.472593558809705e-10
410 77 -2.79283407437213e-07
18 78 1.26494516813602e-07
24 78 1.561722409969122e-08
27 78 -2.025508927223078e-09
66 78 2.565893123855546e-08
78 78 9.526031372712576e-07
81 78 -8.398802107655953e-09
84 78 -1.195610524289649e-09
87 78 -5.349368317442458e-08
90 78 3.211688356955995e-08
93 78 -1.077049588355615e-08
96 78 -5.492790772155788e-09
99 78 -1.338617096902108e-09
177 78 -2.557204803321736e-07
183 78 -8.458009052447219e-08
192 78 -1.360139711248641e-06
195 78 -6.097058001858629e-08
201 78 -1.996999355038111e-06
204 78 -2.660699804928665e-07
210 78 -1.018323687003449e-07
297 78 7.840863397710083e-14
300 78 -6.459686360015975e-16
303 78 1.177520498943973e-10
306 78 -4.465903831478696e-16
309 78 -2.424426196235103e-15
312 78 -9.020989728893043e-12
321 78 -1.738685795304622e-13
378 78 -7.210317656606577e-07
384 78 -3.120319815879227e-13
387 78 -1.743223200383664e-08
399 78 -1.221371452209886e-10
402 78 -2.628814218436595e-08
408 78 -3.472593558809705e-10
411 78 -2.79283407437213e-07
16 79 -1.149537562138826e-09
64 79 -8.342414770562555e-09
76 79 -8.398802107655953e-09
79 79 2.577796768595895e-09
82 79 3.416196628485604e-10
85 79 3.434784671484874e-10
175 79 4.348676510008392e-09
181 79 2.934690351365116e-08
190 79 2.957797197348645e-08
295 79 -6.478249909167503e-16
298 79 1.669045297900275e-17
307 79 1.72159578444037e-17
376 79 4.99534044720159e-09
382 79 2.570896800857692e-15
385 79 4.938328051937789e-09
17 80 -1.149537562138826e-09
65 80 -8.342414770562555e-09
77 80 -8.398802107655953e-09
80 80 2.577796768595895e-09
83 80 3.416196628485604e-10
86 80 3.434784671484874e-10
176 80 4.348676510008392e-09
182 80 2.934690351365116e-08
191 80 2.957797197348645e-08
296 80 -6.478249909167503e-16
299 80 1.669045297900275e-17
308 80 1.72159578444037e-17
377 80 4.99534044720159e-09
383 80 2.570896800857692e-15
386 80 4.938328051937789e-09
18 81 -1.149537562138826e-09
66 81 -8.342414770562555e-09
78 81 -8.398802107655953e-09
81 81 2.577796768595895e-09
84 81 3.416196628485604e-10
87 81 3.434784671484874e-10
177 81 4.348676510008392e-09
183 81 2.934690351365116e-08
192 81 2.957797197348645e-08
297 81 -6.478249909167503e-16
300 81 1.669045297900275e-17
309 81 1.72159578444037e-17
378 81 4.99534044720159e-09
384 81 2.570896800857692e-15
387 81 4.938328051937789e-09
10 82 -1.846307607409688e-09
16 82 -5.987935095166912e-09
19 82 7.000685641055836e-10
64 82 -5.011384308965685e-09
73 82 5.481768114016734e-10
76 82 -1.195610524289649e-09
79 82 3.416196628485604e-10
82 82 1.965790042929505e-09
85 82 4.356243914501351e-10
175 82 2.461203484971268e-08
181 82 1.950033402938991e-08
184 82 6.836048754802578e-09
190 82 4.348676510008391e-09
11 83 -1.846307607409688e-09
17 83 -5.987935095166912e-09
20 83 7.000685641055836e-10
65 83 -5.011384308965685e-09
74 83 5.481768114016734e-10
77 83 -1.195610524289649e-09
80 83 3.416196628485604e-10
83 83 1.965790042929505e-09
86 83 4.356243914501351e-10
176 83 2.461203484971268e-08
182 83 1.950033402938991e-08
185 83 6.836048754802578e-09
191 83 4.348676510008391e-09
12 84 -1.846307607409688e-09
18 84 -5.987935095166912e-09
21 84 7.000685641055836e-10
66 84 -5.011384308965685e-09
75 84 5.481768114016734e-10
78 84 -1.195610524289649e-09
81 84 3.416196628485604e-10
84 84 1.965790042929505e-09
87 84 4.356243914501351e-10
177 84 2.461203484971268e-08
183 84 1.950033402938991e-08
186 84 6.836048754802578e-09
192 84 4.348676510008391e-09
16 85 -6.182787679944598e-08
22 85 -1.953289686454405e-09
25 85 7.397049650549676e-10
64 85 -1.196539926439613e-09
76 85 -5.349368317442458e-08
79 85 3.434784671484874e-10
82 85 4.356243914501351e-10
85 85 2.477080475529286e-08
94 85 5.96696167964865e-10
175 85 1.312969183878899e-07
181 85 4.348676510008391e-09
190 85 1.066682916029012e-07
193 85 7.217892262300006e-09
199 85 1.115244519683439e-07
202 85 1.362378982476387e-07
17 86 -6.182787679944598e-08
23 86 -1.953289686454405e-09
26 86 7.397049650549676e-10
65 86 -1.196539926439613e-09
77 86 -5.349368317442458e-08
80 86 3.434784671484874e-10
83 86 4.356243914501351e-10
86 86 2.477080475529286e-08
95 86 5.96696167964865e-10
176 86 1.312969183878899e-07
182 86 4.348676510008391e-09
191 86 1.066682916029012e-07
194 86 7.217892262300006e-09
200 86 1.115244519683439e-07
203 86 1.362378982476387e-07
18 87 -6.182787679944598e-08
24 87 -1.953289686454405e-09
27 87 7.397049650549676e-10
66 87 -1.196539926439613e-09
78 87 -5.349368317442458e-08
81 87 3.434784671484874e-10
84 87 4.356243914501351e-10
87 87 2.477080475529286e-08
96 87 5.96696167964865e-10
177 87 1.312969183878899e-07
183 87 4.348676510008391e-09
192 87 1.066682916029012e-07
195 87 7.217892262300006e-09
201 87 1.115244519683439e-07
204 87 1.362378982476387e-07
22 88 1.338106391318191e-07
28 88 1.695918973259722e-08
31 88 -2.165027590994869e-09
76 88 3.211688356955995e-08
88 88 1.179124450319593e-06
91 88 -1.086967256132516e-08
94 88 -1.33724848910557e-09
97 88 -5.828849095558354e-08
112 88 4.353669765382698e-08
115 88 -1.526405742155328e-08
