%%MatrixMarket matrix coordinate real general
654 654 4884
1 1   0.1347489847734342
2 1 -0.01211053879945436
3 1 0.002308027270503908
13 1 -0.04426879178749592
14 1 0.002424521505635649
15 1 0.008810214499985609
19 1 -0.01579238704676624
20 1 0.0003609992038124364
21 1  0.01003027692812073
1 2 -0.01211053879945436
2 2   0.1307156017063689
3 2 -0.01323939181985984
13 2 0.0004060656434953184
14 2 -0.01746828318523438
15 2 0.008335085585257999
19 2 0.003804624974197907
20 2 -0.04570057480463305
21 2 0.008901066382363765
1 3 0.002308027270503908
2 3 -0.01323939181985984
3 3   0.1817194609327445
13 3 0.001066143221116242
14 3 0.008048278039799423
15 3 -0.006142458627390776
19 3 0.009998971605468504
20 3 0.001124949494897793
21 3 -0.006996761168587199
4 4                    1
5 5                    1
6 6                    1
7 7                    1
8 8                    1
9 9                    1
10 10                    1
11 11                    1
12 12                    1
1 13 -0.04426879178749592
2 13 0.0004060656434953184
3 13 0.001066143221116242
13 13   0.6685636092924654
14 13 0.004016621168289001
15 13 -0.04163576610865756
19 13 0.007300978139352049
20 13  0.01867573707291427
21 13 -0.002335368752346915
28 13  -0.2265176922680218
29 13  -0.0284114245154083
30 13    0.031272931187916
37 13 -0.03848135220476304
38 13 0.006226903028149476
39 13 0.008967276920785555
1 14 0.002424521505635649
2 14 -0.01746828318523438
3 14 0.008048278039799423
13 14 0.004016621168288999
14 14    0.395410313016589
15 14  0.01228617235873083
19 14   0.0196654457688787
20 14 0.008051231712143673
21 14 0.0004765126726528806
28 14 -0.02582416654957824
29 14  -0.1517920600299714
30 14 -0.01363643485406586
37 14 0.004285946108932006
38 14 -0.02701543944722075
39 14 0.009907193659273969
1 15 0.008810214499985609
2 15 0.008335085585257996
3 15 -0.006142458627390776
13 15 -0.04163576610865755
14 15  0.01228617235873083
15 15   0.5212452900687129
19 15 0.003146926919557026
20 15 -0.005070846152626721
21 15  0.02808456866505881
28 15  0.02542629354871668
29 15 -0.02813812446086081
30 15  -0.1034552328157569
37 15  0.00250272755035945
38 15  0.01034231467431996
39 15 -0.009382269243239746
16 16                    1
17 17                    1
18 18                    1
1 19 -0.01579238704676624
2 19 0.003804624974197907
3 19 0.009998971605468504
13 19 0.007300978139352049
14 19   0.0196654457688787
15 19 0.003146926919557026
19 19   0.1905663097389801
20 19  0.03197558258103719
21 19   0.0549978626297333
28 19 -0.07426602571600872
29 19 -0.03478859879351615
30 19 -0.009534662585344664
49 19  0.00123210700725807
50 19 -0.007249766695278855
51 19 0.004647916318599277
1 20 0.0003609992038124364
2 20 -0.04570057480463305
3 20 0.001124949494897793
13 20  0.01867573707291427
14 20 0.008051231712143673
15 20 -0.005070846152626722
19 20  0.03197558258103719
20 20   0.1928849377283142
21 20  0.02186118954070514
28 20 -0.03344866156457487
29 20 -0.04111433110379879
30 20 -0.005696372843008592
49 20 -0.004473477044061531
50 20 -0.009903621232643581
51 20 -0.003020687179652585
1 21  0.01003027692812073
2 21 0.008901066382363765
3 21 -0.006996761168587199
13 21 -0.002335368752346915
14 21 0.0004765126726528806
15 21  0.02808456866505881
19 21   0.0549978626297333
20 21  0.02186118954070514
21 21   0.2570500142470668
28 21 -0.02140470379093594
29 21 -0.01320677731110366
30 21 -0.01118210436241223
49 21 0.003657616319480679
50 21 -0.007045644583274149
51 21 0.007625697216674026
22 22                    1
23 23                    1
24 24                    1
25 25                    1
26 26                    1
27 27                    1
13 28  -0.2265176922680218
14 28 -0.02582416654957823
15 28  0.02542629354871667
19 28 -0.07426602571600872
20 28 -0.03344866156457487
21 28 -0.02140470379093594
28 28   0.5365686345906474
29 28   -0.006687112495496
30 28 -0.03177246734595956
37 28  0.00813093984970072
38 28  0.01698659572574653
39 28 0.007250152916553427
49 28  0.01633496159716823
50 28  0.01093346309037862
51 28 0.008875831864398874
52 28  -0.0729687273112441
53 28  0.01840516895569263
54 28 -0.005633884610926799
61 28 0.006829862031151251
62 28 -0.03208480819727885
63 28 0.006098860015892859
64 28  -0.1272543130988382
65 28  0.01868195211680072
66 28   0.0601296313458895
13 29 -0.02841142451540829
14 29  -0.1517920600299714
15 29 -0.02813812446086081
19 29 -0.03478859879351616
20 29 -0.04111433110379879
21 29 -0.01320677731110366
28 29 -0.006687112495496021
29 29    0.608997789399503
30 29  0.04709417712006605
37 29  0.01612219009925785
38 29 0.006843804616238588
39 29 -0.00687237963674528
49 29   0.0115935217816846
50 29  0.01310678721226129
51 29  0.01128140457621865
52 29  0.02242138584727572
53 29  -0.2344988053310447
54 29 -0.05536265420588887
61 29 -0.03088063913737613
62 29 0.006606219068922603
63 29  0.03265848738820337
64 29  0.01779455445032906
65 29 -0.06419178461162656
66 29 -0.03235409666045198
13 30    0.031272931187916
14 30 -0.01363643485406586
15 30  -0.1034552328157569
19 30 -0.009534662585344664
20 30 -0.005696372843008588
21 30 -0.01118210436241223
28 30 -0.03177246734595954
29 30  0.04709417712006605
30 30   0.6429649525174234
37 30 0.002488129389993922
38 30 -0.002027349780712903
39 30  0.02241373525508582
49 30  0.01260496966782594
50 30 0.007581747877889643
51 30  0.04201375245045594
52 30 -0.00261560102047409
53 30 -0.07569503022926968
54 30 -0.08499029734918426
61 30 -0.0005132271016892254
62 30  0.02589449958035982
63 30  0.02150151618475039
64 30  0.04477232261484788
65 30 -0.02992575433264491
66 30 -0.08161881902478368
31 31                    1
32 32                    1
33 33                    1
34 34                    1
35 35                    1
36 36                    1
13 37 -0.03848135220476304
14 37 0.004285946108932006
15 37  0.00250272755035945
28 37  0.00813093984970072
29 37  0.01612219009925785
30 37 0.002488129389993922
37 37   0.2148201720086208
38 37   0.0184550773101091
39 37  0.05246025625274978
64 37 -0.05510880658483288
65 37 -0.02367952862478723
66 37 -0.007331863936398174
70 37 -0.001026561644089539
71 37 -0.009695138452884116
72 37 -0.004929125142365818
73 37 -0.01158909303203935
74 37 0.006448715304654725
75 37 -0.001397792980101479
13 38 0.006226903028149476
14 38 -0.02701543944722075
15 38  0.01034231467431996
28 38  0.01698659572574653
29 38 0.006843804616238588
30 38 -0.002027349780712903
37 38   0.0184550773101091
38 38   0.1725466239944083
39 38  0.04405912057684576
64 38 -0.02185276366372475
65 38 -0.06734965453061136
66 38 -0.02232323445054993
70 38 -0.009130040305557141
71 38 0.001491865687249765
72 38 -0.002361492848658021
73 38 0.004230595292533865
74 38 -0.001468985975586963
75 38 0.004854855789325354
13 39 0.008967276920785555
14 39 0.009907193659273969
15 39 -0.009382269243239746
28 39 0.007250152916553427
29 39 -0.00687237963674528
30 39  0.02241373525508582
37 39  0.05246025625274978
38 39  0.04405912057684577
39 39   0.2693911346132358
64 39 -0.01040258549269556
65 39 -0.03259360732308737
66 39 -0.03389245687150351
70 39 -0.008056935981712136
71 39 -0.005528891708044404
72 39 0.008769139394965904
73 39 -0.004562618628994951
74 39 0.007231029146483998
75 39 0.003734310407053311
40 40                    1
41 41                    1
42 42                    1
43 43                    1
44 44                    1
45 45                    1
46 46                    1
47 47                    1
48 48                    1
19 49  0.00123210700725807
20 49 -0.004473477044061531
21 49 0.003657616319480679
28 49  0.01633496159716823
29 49   0.0115935217816846
30 49  0.01260496966782594
49 49   0.2834777380997565
50 49 0.005011366234073229
51 49  0.03201919088720565
52 49  -0.1412852717847045
53 49 -0.008349267696643212
54 49 -0.00838532702091019
88 49 0.001276603072242312
89 49 -0.007192670122188432
90 49 0.004630445092069255
19 50 -0.007249766695278855
20 50 -0.009903621232643581
21 50 -0.007045644583274149
28 50  0.01093346309037862
29 50  0.01310678721226129
30 50 0.007581747877889643
49 50 0.005011366234073229
50 50   0.4360764397741244
51 50 -0.02081195261049533
52 50 -0.007688237816932855
53 50  -0.1832439374635542
54 50 0.007195262789584645
88 50 -0.004431218083659869
89 50 -0.009759004122989611
90 50 -0.002974226540052408
19 51 0.004647916318599277
20 51 -0.003020687179652585
21 51 0.007625697216674026
28 51 0.008875831864398874
29 51  0.01128140457621866
30 51  0.04201375245045594
49 51  0.03201919088720565
50 51 -0.02081195261049533
51 51   0.3524163031763885
52 51 -0.02139912647723063
53 51 0.003490162539439994
54 51 -0.09983205067869164
88 51 0.003651952720923988
89 51 -0.006944863355534102
90 51 0.007540691600502997
28 52  -0.0729687273112441
29 52  0.02242138584727572
30 52 -0.00261560102047409
49 52  -0.1412852717847045
50 52 -0.007688237816932855
51 52 -0.02139912647723063
52 52   0.5412606710426894
53 52 -0.001964152808866217
54 52 -0.03022392017272437
61 52  -0.1675070048524265
62 52 -0.004977329275911539
63 52  0.05476301277436127
88 52  0.01597973163485312
89 52  0.01076385532966499
90 52 0.008725958100189678
94 52 0.006936882782815465
95 52 -0.03171895008547896
96 52 0.006457912174678219
97 52 -0.06046272751654259
98 52  0.02014395727055696
99 52 -0.003569713684425553
28 53  0.01840516895569263
29 53  -0.2344988053310447
30 53 -0.07569503022926968
49 53 -0.008349267696643212
50 53  -0.1832439374635542
51 53 0.003490162539439994
52 53 -0.001964152808866217
53 53   0.7148131987865683
54 53   0.1045232787416939
61 53 -0.005681630859733113
62 53 -0.09827212081936659
63 53 0.0004594127681752831
88 53  0.01141122934937903
89 53  0.01274147183187586
90 53  0.01098952110265109
94 53  -0.0302416922956724
95 53 0.006105217082448095
96 53 0.004230488469356694
97 53  0.02324941787373992
98 53  -0.1622697688093295
99 53 -0.03752850355192425
28 54 -0.005633884610926799
29 54 -0.05536265420588887
30 54 -0.08499029734918426
49 54 -0.008385327020910195
50 54 0.007195262789584645
51 54 -0.09983205067869164
52 54 -0.03022392017272437
53 54   0.1045232787416939
54 54   0.6959680738703522
61 54  0.03867639996628325
62 54 0.004463090396135011
63 54 -0.09980952185030351
88 54  0.01239172993673712
89 54 0.007360962521566315
90 54   0.0409993738472651
94 54 0.0003985072501201722
95 54 -0.001858469990723882
96 54  0.02091049467223313
97 54 -0.0007945188009596364
98 54 -0.05465725109688915
99 54 -0.06419878073486256
55 55                    1
56 56                    1
57 57                    1
58 58                    1
59 59                    1
60 60                    1
28 61 0.006829862031151251
29 61 -0.03088063913737613
30 61 -0.0005132271016892263
52 61  -0.1675070048524265
53 61 -0.005681630859733113
54 61  0.03867639996628325
61 61   0.4406127427623638
62 61 -0.004487182860370427
63 61 -0.007519839745828242
64 61 -0.02337436208277644
65 61  0.02268889645259276
66 61 0.004985185803032733
94 61 -0.03403247973416772
95 61  0.02454288969725189
96 61 -2.974718967134297e-05
112 61 -0.07385190552306398
113 61 0.004228331019254851
114 61  0.02725621871959102
115 61 0.006174719600587381
116 61 -0.01877630552792101
117 61 0.004910004767301525
28 62 -0.03208480819727885
29 62 0.006606219068922603
30 62  0.02589449958035982
52 62 -0.004977329275911539
53 62 -0.09827212081936659
54 62 0.004463090396135011
61 62 -0.004487182860370427
62 62   0.4641310092702207
63 62 -0.001032031320765849
64 62  0.02037611826849576
65 62  -0.1118992873994774
66 62 -0.02144088516733078
94 62  0.02682772592556854
95 62  -0.1346552652420275
96 62 0.007620731811422837
112 62 0.003889488333214172
113 62 -0.02431613406931726
114 62 -0.004530542206522869
115 62 -0.01796173354351031
116 62 0.005675951179070288
117 62  0.00584087528236012
28 63 0.006098860015892859
29 63  0.03265848738820337
30 63  0.02150151618475039
52 63  0.05476301277436127
53 63 0.0004594127681752831
54 63 -0.09980952185030351
61 63 -0.007519839745828249
62 63 -0.001032031320765849
63 63   0.4591185610072318
64 63 -8.42972595588706e-05
65 63 -0.007219452094726381
66 63 -0.01652076042546261
94 63 0.005360061420228178
95 63 -0.007584288154580912
96 63 -0.02277604925338073
112 63  0.01479179009733943
113 63 -0.001923015164742875
114 63 -0.02025261592903763
115 63 0.0003438115590864025
116 63 0.001275165084024968
117 63  0.01931247618796256
28 64  -0.1272543130988382
29 64  0.01779455445032906
30 64  0.04477232261484788
37 64 -0.05510880658483288
38 64 -0.02185276366372475
39 64 -0.01040258549269556
61 64 -0.02337436208277644
62 64  0.02037611826849576
63 64 -8.42972595588706e-05
64 64   0.4291518616225426
65 64 -0.03522070697462219
66 64 -0.03031216468054359
70 64 -0.08409324247403731
71 64  0.02359196758508461
72 64  0.05481231848345742
112 64 0.006471161869731834
113 64 -0.009663684991337429
114 64  0.00454080845744495
28 65  0.01868195211680073
29 65 -0.06419178461162656
30 65 -0.02992575433264491
37 65 -0.02367952862478723
38 65 -0.06734965453061136
39 65 -0.03259360732308737
61 65  0.02268889645259276
62 65  -0.1118992873994774
63 65 -0.007219452094726381
64 65 -0.03522070697462219
65 65   0.4390299772239077
66 65   0.0494560399733545
70 65   0.0223014032963182
71 65 -0.05894572855135866
72 65 -0.02832801662288364
112 65 -0.009022196740099521
113 65 0.006008479133433362
114 65 0.008860748236419058
28 66   0.0601296313458895
29 66 -0.03235409666045198
30 66 -0.08161881902478368
37 66 -0.007331863936398174
38 66 -0.02232323445054993
39 66 -0.03389245687150351
61 66 0.004985185803032733
62 66 -0.02144088516733078
63 66 -0.01652076042546261
64 66 -0.03031216468054359
65 66   0.0494560399733545
66 66   0.5273240154446331
70 66  0.04067349560431839
71 66 -0.02192367622158476
72 66 -0.06768999619876583
112 66 0.001038005314995854
113 66 0.005365098759924434
114 66  0.02010539887628489
67 67                    1
68 68                    1
69 69                    1
37 70 -0.001026561644089539
38 70 -0.009130040305557141
39 70 -0.008056935981712136
64 70 -0.08409324247403731
65 70   0.0223014032963182
66 70  0.04067349560431839
70 70   0.5367937421804408
71 70 -0.01758725034500015
72 70 0.006462689060926428
73 70  -0.3031936200150095
74 70 0.005099777208459097
75 70  0.04980758342581656
112 70 -0.002576634601549572
113 70  0.01009607509644274
114 70 0.000265871139530389
118 70   -0.115228842851349
119 70 -0.0005561828633160407
120 70 -0.03125367778194137
124 70 0.006001709466704287
125 70 -0.01188248924631389
126 70 0.004125942828118295
37 71 -0.009695138452884116
38 71 0.001491865687249765
39 71 -0.005528891708044404
64 71  0.02359196758508461
65 71 -0.05894572855135866
66 71 -0.02192367622158476
70 71 -0.01758725034500015
71 71   0.3463524148984789
72 71  0.04880641609092991
73 71 0.003160971879650722
74 71   -0.142658217850174
75 71 -0.02898675502816257
112 71  0.01113679714268409
113 71 -0.02301799195705297
114 71  0.00525418027760978
118 71 -0.0008154097954261967
119 71 -0.04058033087926027
120 71 -0.0003167551623740766
124 71 -0.01130432453798352
125 71 0.005388842612687621
126 71 -0.007991244594552995
37 72 -0.004929125142365818
38 72 -0.002361492848658021
39 72 0.008769139394965904
64 72  0.05481231848345742
65 72 -0.02832801662288364
66 72 -0.06768999619876583
70 72 0.006462689060926428
71 72  0.04880641609092991
72 72    0.563405696134513
73 72  0.04674032146915203
74 72 -0.01811966969778451
75 72  -0.1143736552205508
112 72 0.003628628201346946
113 72 -0.001383261980694237
114 72  0.01080179586279474
118 72 -0.04523935367787513
119 72 0.001136222683992706
120 72 -0.05073029166158557
124 72 0.0008811220980766135
125 72 -0.01123188207737923
126 72  0.01894006617143301
37 73 -0.01158909303203935
38 73 0.004230595292533865
39 73 -0.004562618628994951
70 73  -0.3031936200150095
71 73 0.003160971879650722
72 73  0.04674032146915203
73 73   0.5082994047871074
74 73 0.0007139025656353198
75 73 -0.03062168703956107
118 73 -0.0008769406109839983
119 73 -0.009960811518429442
120 73 -0.005056908066062049
130 73 -0.01232057238797637
131 73 0.006621793677400649
132 73 -0.001460489403878303
37 74 0.006448715304654725
38 74 -0.001468985975586963
39 74 0.007231029146483995
70 74 0.005099777208459094
71 74   -0.142658217850174
72 74 -0.01811966969778451
73 74 0.0007139025656353233
74 74   0.2364963048289487
75 74  0.04862620264477245
118 74 -0.009399334903630849
119 74 0.001555389822232981
120 74 -0.002356682124001197
130 74 0.004366909085947646
131 74 -0.001811942300828014
132 74 0.004801122628504402
37 75 -0.001397792980101479
38 75 0.004854855789325354
39 75 0.003734310407053311
70 75  0.04980758342581656
71 75 -0.02898675502816257
72 75  -0.1143736552205508
73 75 -0.03062168703956107
74 75  0.04862620264477245
75 75   0.3221715492056739
118 75 -0.008182128096484819
119 75 -0.005503782141399256
120 75 0.008518334551199809
130 75 -0.004663763095655795
131 75 0.007167565622129455
132 75  0.00332218109092305
76 76                    1
77 77                    1
78 78                    1
79 79                    1
80 80                    1
81 81                    1
82 82                    1
83 83                    1
84 84                    1
85 85                    1
86 86                    1
87 87                    1
49 88 0.001276603072242312
50 88 -0.004431218083659869
51 88 0.003651952720923988
52 88  0.01597973163485312
53 88  0.01141122934937903
54 88  0.01239172993673712
88 88   0.3678844823064296
89 88  0.04280072578605997
90 88   0.1026568135563523
97 88  -0.1790976489954385
98 88 -0.01874261547925849
99 88 -0.04232093783083608
145 88 0.001660851271852314
146 88 -0.01198252032133619
147 88 -0.0007191169617489336
151 88 0.004380745506608926
152 88 0.002233856483700735
153 88 0.007592369728630647
49 89 -0.007192670122188432
50 89 -0.009759004122989611
51 89 -0.006944863355534102
52 89  0.01076385532966499
53 89  0.01274147183187586
54 89 0.007360962521566315
88 89  0.04280072578605997
89 89   0.4769687415771489
90 89   0.1922797316256162
97 89 -0.01896389692434456
98 89  -0.1997750384290709
99 89 -0.08634481015868191
145 89 -0.01113665157318183
146 89 0.003323044447985297
147 89 -0.007824674420276238
151 89 0.005008125798720375
152 89 -0.008842223159135864
153 89 -0.002965494771598932
49 90 0.004630445092069254
50 90 -0.002974226540052408
51 90 0.007540691600502997
52 90 0.008725958100189678
53 90  0.01098952110265109
54 90   0.0409993738472651
88 90   0.1026568135563523
89 90   0.1922797316256162
90 90   0.6377791748013407
97 90  -0.0550413164171772
98 90 -0.08606090996303699
99 90  -0.2261782027588978
145 90 -0.004620799793701559
146 90 -0.01174320035602425
147 90  0.01349687911300659
151 90  0.01052845786777424
152 90 -0.006930022519128995
153 90 0.008433475458914584
91 91                    1
92 92                    1
93 93                    1
52 94 0.006936882782815465
53 94  -0.0302416922956724
54 94 0.0003985072501201722
61 94 -0.03403247973416772
62 94  0.02682772592556854
63 94 0.005360061420228178
94 94   0.4815627651117483
95 94 -0.01145746389241723
96 94  0.02931596893791162
97 94  -0.1731004625238285
98 94  0.02938473477082133
99 94 -0.005933434853156679
115 94  -0.1247113624615794
116 94 -0.02041020325339012
117 94   0.0226561609900392
154 94 -0.05053303469392391
155 94 -0.01019327449806761
156 94 -0.001506263019599685
52 95 -0.03171895008547896
53 95 0.006105217082448095
54 95 -0.001858469990723882
61 95  0.02454288969725189
62 95  -0.1346552652420275
63 95 -0.007584288154580912
94 95 -0.01145746389241723
95 95    0.463068733346206
96 95 -0.04013675804949898
97 95  0.03038486031265435
98 95 -0.04647603131275805
99 95 0.001189440729437103
115 95  -0.0201014847487068
116 95 -0.03604399122395908
117 95 -0.00434297639890931
154 95 -0.007531218493799226
155 95  -0.1565385262078195
156 95  0.03261600529904279
52 96 0.006457912174678231
53 96 0.004230488469356694
54 96  0.02091049467223313
61 96 -2.974718967134297e-05
62 96 0.007620731811422837
63 96 -0.02277604925338073
94 96  0.02931596893791162
95 96 -0.04013675804949898
96 96   0.4173299915547645
97 96  0.01055939550854027
98 96 -0.004685453569848346
99 96 -0.03611103022857509
115 96 0.008263298222600779
116 96 -0.006073356589028579
117 96 -0.02319339418499338
154 96 -0.002353468011438465
155 96  0.01769506954402532
156 96 -0.03958720855981607
52 97 -0.06046272751654259
53 97  0.02324941787373992
54 97 -0.0007945188009596364
88 97  -0.1790976489954385
89 97 -0.01896389692434456
90 97  -0.0550413164171772
94 97  -0.1731004625238285
95 97  0.03038486031265435
96 97  0.01055939550854027
97 97   0.5715682089772713
98 97 -0.06488784318205582
99 97  0.01675053521343527
145 97 -0.08147782756516815
146 97  0.05001880145651202
147 97 0.001141916120831557
154 97    0.010586288982957
155 97 -0.03381092807725108
156 97  0.01347981758372344
52 98  0.02014395727055697
53 98  -0.1622697688093295
54 98 -0.05465725109688915
88 98 -0.01874261547925849
89 98  -0.1997750384290709
90 98 -0.08606090996303699
94 98  0.02938473477082133
95 98 -0.04647603131275805
96 98 -0.004685453569848346
97 98 -0.06488784318205582
98 98   0.5911716646671419
99 98   0.1035942058451132
145 98  0.05290943058072685
146 98   -0.165087398020946
147 98 -0.009654431256216359
154 98 -0.03272647857069146
155 98 0.006796090938864275
156 98 0.003834452386233078
52 99 -0.003569713684425553
53 99 -0.03752850355192425
54 99 -0.06419878073486256
88 99 -0.04232093783083608
89 99 -0.08634481015868191
90 99  -0.2261782027588978
94 99 -0.005933434853156679
95 99 0.001189440729437103
96 99 -0.03611103022857509
97 99  0.01675053521343527
98 99   0.1035942058451132
99 99   0.6298293151878778
145 99 0.008584900822705091
146 99 -0.02673008600735084
147 99 -0.04373423742369467
154 99 0.007481196011143535
155 99 -0.002243932663139128
156 99  0.02017062391640641
100 100                    1
101 101                    1
102 102                    1
103 103                    1
104 104                    1
105 105                    1
106 106                    1
107 107                    1
108 108                    1
109 109                    1
110 110                    1
111 111                    1
61 112 -0.07385190552306395
62 112 0.003889488333214172
63 112  0.01479179009733943
64 112 0.006471161869731834
65 112 -0.009022196740099521
66 112 0.001038005314995854
70 112 -0.002576634601549572
71 112  0.01113679714268409
72 112 0.003628628201346946
112 112   0.4427556493515603
113 112 -0.09464807038640138
114 112 -0.03715448812111423
115 112 -0.03717602680870276
116 112  0.01686584950819332
117 112 -0.0005708720100010625
124 112  -0.1732957866993079
125 112   0.1044125298327732
126 112  0.02494474690269907
172 112 0.005945964230502014
173 112 -0.01881586580887091
174 112 0.004828582410560354
61 113 0.004228331019254851
62 113 -0.02431613406931726
63 113 -0.001923015164742875
64 113 -0.009663684991337429
65 113 0.006008479133433362
66 113 0.005365098759924434
70 113  0.01009607509644274
71 113 -0.02301799195705297
72 113 -0.001383261980694235
112 113 -0.09464807038640138
113 113   0.5884495424540759
114 113  0.01621729344861505
115 113  0.01980158986766696
116 113  -0.1431530848960163
117 113 -0.003942119257430387
124 113   0.1023792637936583
125 113  -0.2014417192048533
126 113 -0.02279912811240434
172 113 -0.01796288382155389
173 113   0.0056544808621341
174 113  0.02376269961965376
61 114  0.02725621871959102
62 114 -0.004530542206522869
63 114 -0.02025261592903763
64 114  0.00454080845744495
65 114 0.008860748236419058
66 114  0.02010539887628489
70 114 0.000265871139530389
71 114  0.00525418027760978
72 114  0.01080179586279474
112 114 -0.03715448812111423
113 114  0.01621729344861505
114 114   0.4694692909087499
115 114 0.004128997816031718
116 114 -0.02039706732271668
117 114  -0.0244214619571034
124 114  0.01152970363970893
125 114 -0.01130664648707062
126 114 -0.08706532934123358
172 114 -7.487555148015523e-05
173 114  0.01898169974116517
174 114  0.01870319547924846
61 115 0.006174719600587381
62 115 -0.01796173354351031
63 115 0.0003438115590864025
94 115  -0.1247113624615794
95 115  -0.0201014847487068
96 115 0.008263298222600779
112 115 -0.03717602680870276
113 115  0.01980158986766696
114 115 0.004128997816031718
115 115   0.4699922799442391
116 115  0.02886681872619333
117 115 -0.01665405760265758
154 115 0.005707316122540589
155 115  0.03240687433328499
156 115 -0.000501789225062688
172 115  -0.1398527042403236
173 115 -0.009475034307450877
174 115  0.05198376800037315
175 115 0.005637212386292551
176 115 -0.02924727554079876
177 115 0.005010458034211115
178 115 -0.04706509470918208
179 115 -0.005894521072563942
180 115 0.002151454437390748
61 116 -0.01877630552792101
62 116 0.005675951179070288
63 116 0.001275165084024967
94 116 -0.02041020325339012
95 116 -0.03604399122395908
96 116 -0.006073356589028579
112 116  0.01686584950819332
113 116  -0.1431530848960163
114 116 -0.02039706732271668
115 116  0.02886681872619333
116 116    0.563703747276719
117 116 -0.01881818829074581
154 116  0.03342717525739425
155 116 0.005299639351666861
156 116  0.00629539675098053
172 116 -0.009823288480632117
173 116 -0.08593230998627574
174 116 0.004165785737355689
175 116 -0.02827574719179552
176 116 0.005273460087834309
177 116 0.007554668671311861
178 116 -0.003025309943154367
179 116  -0.1756256323086091
180 116 -0.01007891126640302
61 117 0.004910004767301525
62 117 0.005840875282360122
63 117  0.01931247618796256
94 117   0.0226561609900392
95 117 -0.004342976398909308
96 117 -0.02319339418499338
112 117 -0.0005708720100010643
113 117 -0.003942119257430387
114 117  -0.0244214619571034
115 117 -0.01665405760265758
116 117  -0.0188181882907458
117 117   0.5593257063472238
154 117 0.005234721133578268
155 117 0.0005765672015633199
156 117  0.01799196035977856
172 117  0.03750196948391303
173 117 0.006117765010569081
174 117 -0.09029498260357076
175 117 -0.0005272355397662925
176 117 0.002109211454632144
177 117  0.01799103816584547
178 117 0.002059836915906874
179 117 -0.02616096020183445
180 117 -0.03730240197668524
70 118   -0.115228842851349
71 118 -0.0008154097954261967
72 118 -0.04523935367787513
73 118 -0.0008769406109839983
74 118 -0.009399334903630849
75 118 -0.008182128096484819
118 118   0.5054492008130334
119 118 -0.06646577165527494
120 118    0.033658397387769
124 118 -0.05538949204800074
125 118  0.01127379109571629
126 118 -0.002055040523564644
130 118 -0.01758976919222039
131 118 0.006298026797755307
132 118  0.01181439054224388
181 118 0.006705696818121309
182 118 -0.02189538245662659
183 118 0.004119846060494313
190 118  -0.1513392805420299
191 118  0.06026244669567696
192 118  0.03272946674907645
70 119 -0.0005561828633160407
71 119 -0.04058033087926027
72 119 0.001136222683992704
73 119 -0.009960811518429442
74 119 0.001555389822232981
75 119 -0.005503782141399256
118 119 -0.06646577165527492
119 119   0.5705795254731334
120 119 0.003839878029191618
124 119  0.01475656023608052
125 119  -0.2101808361727166
126 119 0.003145755569792329
130 119 0.003395983348486892
131 119 -0.06724880207895807
132 119   -0.043646940821793
181 119 -0.02095890667938607
182 119 0.006756971332507142
183 119  0.02037270794588488
190 119  0.05932154434537574
191 119 -0.08857389872030129
192 119  -0.0226470429144809
70 120 -0.03125367778194137
71 120 -0.0003167551623740766
72 120 -0.05073029166158557
73 120 -0.005056908066062049
74 120 -0.002356682124001196
75 120  0.00851833455119981
118 120    0.033658397387769
119 120 0.003839878029191618
120 120   0.5616320258349845
124 120 0.001981853596174137
125 120  -0.0163753117967858
126 120 -0.05465172519004687
130 120 0.007343584649169052
131 120  -0.0309972575261257
132 120 -0.03077494089632796
181 120 -0.001201838267635133
182 120  0.01512372186672731
183 120  0.02292909582856636
190 120  0.01629839698661809
191 120 -0.01369758710744441
192 120 -0.04577555209231438
121 121                    1
122 122                    1
123 123                    1
70 124 0.006001709466704287
71 124 -0.01130432453798352
72 124 0.0008811220980766135
112 124  -0.1732957866993079
113 124   0.1023792637936584
114 124  0.01152970363970893
118 124 -0.05538949204800074
119 124  0.01475656023608051
120 124 0.001981853596174137
124 124   0.4886583084104337
125 124 -0.04387731286292292
126 124 -0.01510933150615286
172 124 -0.01200308593335835
173 124 -0.001380276451264826
174 124 0.002674465203360556
181 124  -0.1247331269994084
182 124 -0.03266218142938813
183 124  0.04600929017977173
70 125 -0.01188248924631389
71 125 0.005388842612687621
72 125 -0.01123188207737923
112 125   0.1044125298327732
113 125  -0.2014417192048533
114 125 -0.01130664648707062
118 125  0.01127379109571629
119 125  -0.2101808361727167
120 125  -0.0163753117967858
124 125 -0.04387731286292292
125 125   0.6885409810806795
126 125  0.04041086945280575
172 125 0.000471243200483704
173 125 -0.05730589796709702
174 125 0.005351573560768248
181 125 -0.03218503115548532
182 125 -0.07096212095144008
183 125 0.0005599600106010608
70 126 0.004125942828118294
71 126 -0.007991244594552995
72 126  0.01894006617143301
112 126  0.02494474690269907
113 126 -0.02279912811240434
114 126 -0.08706532934123358
118 126 -0.002055040523564644
119 126  0.00314575556979233
120 126 -0.05465172519004687
124 126 -0.01510933150615286
125 126  0.04041086945280574
126 126   0.4806479997780689
172 126 0.002558189925659498
173 126 -0.004586298506654705
174 126 0.001347902699587248
181 126  0.03131563084218018
182 126 -0.002564929205339904
183 126 -0.05944554694742057
127 127                    1
128 128                    1
129 129                    1
73 130 -0.01232057238797638
74 130 0.004366909085947646
75 130 -0.004663763095655795
118 130 -0.01758976919222039
119 130 0.003395983348486892
120 130 0.007343584649169052
130 130   0.1109853431014707
131 130 0.002673024840183843
132 130  0.03256009227283301
190 130 -0.000910962135385032
191 130 -0.01283150163900357
192 130 -0.007391695651995584
196 130 -0.01475860491537598
197 130 0.007944388627873649
198 130 -0.001804442866640984
73 131 0.006621793677400649
74 131 -0.001811942300828014
75 131 0.007167565622129455
118 131 0.006298026797755307
119 131 -0.06724880207895807
120 131  -0.0309972575261257
130 131 0.002673024840183843
131 131   0.1308426223980388
132 131  0.07030725116388001
190 131 -0.01261823874755752
191 131 0.002488588055567766
192 131 -0.002217788920989464
196 131 0.005274416187211277
197 131 -0.002373138804616927
198 131 0.005686867657281365
73 132 -0.001460489403878303
74 132 0.004801122628504402
75 132  0.00332218109092305
118 132  0.01181439054224388
119 132   -0.043646940821793
120 132 -0.03077494089632796
130 132  0.03256009227283301
131 132  0.07030725116388001
132 132   0.2194218816045046
190 132 -0.01188789781163072
191 132 -0.006173180649003034
192 132   0.0122673177005929
196 132 -0.005581955740992288
197 132 0.008515001649487652
198 132 0.003690697196605892
133 133                    1
134 134                    1
135 135                    1
136 136                    1
137 137                    1
138 138                    1
139 139                    1
140 140                    1
141 141                    1
142 142                    1
143 143                    1
144 144                    1
88 145 0.001660851271852314
89 145 -0.01113665157318184
90 145 -0.004620799793701559
97 145 -0.08147782756516815
98 145  0.05290943058072685
99 145 0.008584900822705091
145 145   0.5288331949628574
146 145 -0.00642965863484292
147 145  0.03133384524081292
151 145 -0.07406012934816003
152 145 -1.858298708783321e-05
153 145 -0.03732310037597351
154 145  -0.1635901228613261
155 145 -0.03215610482298685
156 145 0.000571176665842125
217 145   0.0154627856999925
218 145  0.01086857140379801
219 145 0.008398002918408814
223 145 -0.04332177257477927
224 145 -0.01481323949511132
225 145 -0.00387506688582835
88 146 -0.01198252032133619
89 146 0.003323044447985297
90 146 -0.01174320035602425
97 146  0.05001880145651202
98 146   -0.165087398020946
99 146 -0.02673008600735084
145 146 -0.00642965863484292
146 146   0.5311995679404443
147 146  0.03971906736080444
151 146 6.63630478908407e-05
152 146 -0.02103560902777822
153 146 0.0001918215527007749
154 146 -0.03229582746563377
155 146 -0.06846628620003584
156 146 -0.01099687565102109
217 146  0.01140838926660776
218 146  0.01217527894824028
219 146  0.01069263982314639
223 146 -0.01149095816096309
224 146  -0.1411115146033829
225 146 -0.005312326017184556
88 147 -0.0007191169617489336
89 147 -0.007824674420276238
90 147  0.01349687911300659
97 147 0.001141916120831557
98 147 -0.009654431256216353
99 147 -0.04373423742369467
145 147  0.03133384524081292
146 147  0.03971906736080444
147 147   0.4588019672636977
151 147   -0.024883076197575
152 147 0.0001352166505652244
153 147 -0.02113713459190226
154 147 -0.01455438906251897
155 147 -0.01285102815639307
156 147  -0.0382758202697497
217 147  0.01205900310202735
218 147 0.007116733437957048
219 147  0.03993145692170666
223 147 -0.00756441649710796
224 147 -0.02122960366689539
225 147 -0.04501398290873618
148 148                    1
149 149                    1
150 150                    1
88 151 0.004380745506608926
89 151 0.005008125798720375
90 151  0.01052845786777424
145 151 -0.07406012934816003
146 151 6.63630478908407e-05
147 151   -0.024883076197575
151 151   0.1552037230510288
152 151 0.002453906510473415
153 151   0.0878365898019059
217 151 0.001402614415740048
218 151 -0.007484266323702422
219 151 0.004824028332005551
88 152 0.002233856483700735
89 152 -0.008842223159135864
90 152 -0.006930022519128995
145 152 -1.858298708783321e-05
146 152 -0.02103560902777822
147 152 0.0001352166505652244
151 152 0.002453906510473415
152 152   0.1019638253240018
153 152  0.01014142221861672
217 152 -0.004610524859708846
218 152 -0.009954631932186918
219 152 -0.003106178303159109
88 153 0.007592369728630647
89 153 -0.002965494771598932
90 153 0.008433475458914584
145 153 -0.03732310037597351
146 153 0.0001918215527007749
147 153 -0.02113713459190226
151 153   0.0878365898019059
152 153  0.01014142221861672
153 153   0.1975503774047851
217 153 0.003809917260963314
218 153 -0.007203599734811179
219 153 0.007845922720545349
94 154 -0.05053303469392391
95 154 -0.007531218493799226
96 154 -0.002353468011438465
97 154    0.010586288982957
98 154 -0.03272647857069148
99 154 0.007481196011143535
115 154 0.005707316122540589
116 154  0.03342717525739425
117 154 0.005234721133578268
145 154  -0.1635901228613261
146 154 -0.03229582746563376
147 154 -0.01455438906251897
154 154   0.7801761971842225
155 154  0.03462174319496344
156 154   0.1180610814083498
178 154  -0.2016341459357828
179 154 0.003070661425226888
180 154 -0.02270052093159094
208 154  -0.2548877048513658
209 154 -0.004156232878388275
210 154 -0.05199444302496504
223 154 0.005821337299024017
224 154  0.03929062677217766
225 154 -0.001076803028323095
226 154 0.005331825594468778
227 154 -0.04378060518065657
228 154 0.005344334964460386
94 155 -0.01019327449806761
95 155  -0.1565385262078195
96 155  0.01769506954402532
97 155 -0.03381092807725109
98 155 0.006796090938864275
99 155 -0.002243932663139128
115 155  0.03240687433328499
116 155 0.005299639351666861
117 155 0.0005765672015633199
145 155 -0.03215610482298685
146 155 -0.06846628620003584
147 155 -0.01285102815639307
154 155  0.03462174319496344
155 155   0.6596640948709251
156 155  0.02935794067808593
178 155 0.003037030796720947
179 155 -0.05599922531213027
180 155 -0.0005292012422670853
208 155 -0.001147813771957919
209 155  -0.2809154811179728
210 155 -0.05890700928007339
223 155  0.03996462991709305
224 155  0.00548277235833278
225 155  0.01841786395151299
226 155 -0.04265352647459288
227 155 0.004915675805864592
228 155 -0.002380612144614818
94 156 -0.001506263019599687
95 156  0.03261600529904279
96 156 -0.03958720855981607
97 156  0.01347981758372344
98 156 0.003834452386233078
99 156  0.02017062391640641
115 156 -0.000501789225062688
116 156  0.00629539675098053
117 156  0.01799196035977856
145 156 0.0005711766658421293
146 156 -0.01099687565102109
147 156  -0.0382758202697497
154 156   0.1180610814083498
155 156  0.02935794067808593
156 156   0.6123677465685844
178 156 -0.03836249298674133
179 156 -0.0003407001564377575
180 156 -0.05216327630280346
208 156 -0.05181407211972037
209 156 -0.07600262057886382
210 156  -0.1686506975538005
223 156 0.005322329956614923
224 156  0.01224048200540492
225 156  0.01905357268311248
226 156 -0.0009881559258954724
227 156 -0.008697935648358046
228 156  0.01677349502486498
157 157                    1
158 158                    1
159 159                    1
160 160                    1
161 161                    1
162 162                    1
163 163                    1
164 164                    1
165 165                    1
166 166                    1
167 167                    1
168 168                    1
169 169                    1
170 170                    1
171 171                    1
112 172 0.005945964230502013
113 172 -0.01796288382155389
114 172 -7.487555148015523e-05
115 172  -0.1398527042403236
116 172 -0.009823288480632117
117 172  0.03750196948391303
124 172 -0.01200308593335835
125 172 0.000471243200483704
126 172 0.002558189925659498
172 172    0.490603006445837
173 172 -0.01677557887807639
174 172 -0.0002356923851525217
175 172 -0.07713719640672521
176 172  0.04014838608702016
177 172 0.0001086510540489662
181 172 0.006811705172844723
182 172  0.02540370018877604
183 172 0.005644289893380508
238 172  -0.1601326045543785
239 172 -0.01451522276090262
240 172  0.01485199042145341
112 173 -0.01881586580887091
113 173   0.0056544808621341
114 173  0.01898169974116517
115 173 -0.009475034307450877
116 173 -0.08593230998627574
117 173 0.006117765010569081
124 173 -0.001380276451264826
125 173 -0.05730589796709704
126 173 -0.004586298506654705
172 173 -0.01677557887807639
173 173   0.4418792864479377
174 173 -0.07854415966080597
175 173  0.04315085157950241
176 173  -0.1524621034458462
177 173  0.04768870896515894
181 173  0.02410211391445479
182 173 0.006289856985448684
183 173 0.001130521040275914
238 173 -0.01369925928669168
239 173 -0.04686008200536498
240 173 0.002956127446816878
112 174 0.004828582410560354
113 174  0.02376269961965376
114 174  0.01870319547924846
115 174  0.05198376800037315
116 174 0.004165785737355689
117 174 -0.09029498260357076
124 174 0.002674465203360556
125 174 0.005351573560768248
126 174 0.001347902699587248
172 174 -0.0002356923851525217
173 174 -0.07854415966080597
174 174   0.5118968071171834
175 174 0.002643422355225733
176 174  0.03313712022955863
177 174 -0.07167299430329804
181 174 0.0002428578467986286
182 174 0.006586208265320245
183 174  0.02152000284725279
238 174 -0.002330927340643434
239 174 -0.001663119170804105
240 174 -0.04191702403171459
115 175 0.005637212386292551
116 175 -0.02827574719179552
117 175 -0.0005272355397662925
172 175 -0.07713719640672521
173 175  0.04315085157950241
174 175 0.002643422355225733
175 175   0.5161930148116249
176 175  0.03277822938877407
177 175  0.05327482764450449
178 175  -0.1767659778486985
179 175 -0.02441171978506855
180 175  0.01253352882292475
226 175 0.004948782584654955
227 175  0.04396578907188624
228 175 -0.001188693815533181
238 175 0.001239399093523314
239 175  0.02413978250794091
240 175 -0.01177266621493469
241 175 -0.05770728230291333
242 175 -0.06061125000660637
243 175 0.001061206880713477
244 175 -0.05432224425534678
245 175 -0.02310858927649178
246 175  0.01842446567005828
115 176 -0.02924727554079876
116 176 0.005273460087834309
117 176 0.002109211454632147
172 176  0.04014838608702016
173 176  -0.1524621034458462
174 176  0.03313712022955863
175 176  0.03277822938877407
176 176   0.5094343546693232
177 176 -0.03876287984492134
178 176 -0.02467164889296767
179 176 -0.05316435398544504
180 176 -0.005818531848262554
226 176  0.04511258763246768
227 176 0.003962621721999878
228 176 0.006108215517340109
238 176  0.02316894802261008
239 176 0.006338689097876745
240 176 -0.006316142882120151
