%%MatrixMarket matrix coordinate real general
654 654 4884
1 1   0.1347489847734313
2 1 -0.01211053879945387
3 1 0.002308027270503818
13 1 -0.04426879178749665
14 1 0.002424521505635054
15 1 0.008810214499984891
19 1 -0.01579238704676782
20 1 0.0003609992038126723
21 1  0.01003027692812145
1 2 -0.01211053879945387
2 2   0.1307156017063582
3 2 -0.01323939181985859
13 2 0.0004060656434949159
14 2 -0.01746828318523236
15 2 0.008335085585257007
19 2 0.003804624974198124
20 2 -0.04570057480463127
21 2  0.00890106638236215
1 3 0.002308027270503818
2 3  -0.0132393918198586
3 3   0.1817194609327328
13 3 0.001066143221116173
14 3 0.008048278039798065
15 3 -0.006142458627389775
19 3 0.009998971605469649
20 3 0.001124949494896462
21 3 -0.006996761168586987
4 4                    1
5 5                    1
6 6                    1
7 7                    1
8 8                    1
9 9                    1
10 10                    1
11 11                    1
12 12                    1
1 13 -0.04426879178749665
2 13 0.0004060656434949177
3 13 0.001066143221116173
13 13   0.6685636092925085
14 13 0.004016621168290717
15 13 -0.04163576610867503
19 13 0.007300978139352439
20 13  0.01867573707291477
21 13 -0.002335368752346962
28 13   -0.226517692268019
29 13  -0.0284114245154091
30 13  0.03127293118791991
37 13  -0.0384813522047624
38 13 0.006226903028149974
39 13  0.00896727692078653
1 14 0.002424521505635054
2 14 -0.01746828318523236
3 14 0.008048278039798065
13 14 0.004016621168290717
14 14   0.3954103130166092
15 14  0.01228617235873198
19 14  0.01966544576887908
20 14 0.008051231712143891
21 14 0.0004765126726533611
28 14 -0.02582416654957912
29 14  -0.1517920600299676
30 14 -0.01363643485406611
37 14 0.004285946108932509
38 14 -0.02701543944722282
39 14 0.009907193659274524
1 15 0.008810214499984891
2 15 0.008335085585257007
3 15 -0.006142458627389775
13 15 -0.04163576610867503
14 15  0.01228617235873198
15 15   0.5212452900687332
19 15 0.003146926919557013
20 15 -0.005070846152626094
21 15  0.02808456866505814
28 15  0.02542629354872155
29 15  -0.0281381244608601
30 15  -0.1034552328157539
37 15  0.00250272755036048
38 15  0.01034231467432073
39 15 -0.009382269243240853
16 16                    1
17 17                    1
18 18                    1
1 19 -0.01579238704676782
2 19 0.003804624974198124
3 19 0.009998971605469649
13 19 0.007300978139352439
14 19  0.01966544576887908
15 19 0.003146926919557013
19 19   0.1905663097389924
20 19  0.03197558258104315
21 19   0.0549978626297364
28 19 -0.07426602571602006
29 19 -0.03478859879351866
30 19 -0.009534662585347404
49 19 0.001232107007258051
50 19 -0.007249766695279098
51 19 0.004647916318599103
1 20 0.0003609992038126723
2 20 -0.04570057480463127
3 20 0.001124949494896462
13 20  0.01867573707291477
14 20 0.008051231712143891
15 20 -0.005070846152626094
19 20  0.03197558258104315
20 20   0.1928849377283177
21 20  0.02186118954070642
28 20 -0.03344866156457799
29 20 -0.04111433110380464
30 20 -0.005696372843010946
49 20 -0.004473477044061628
50 20 -0.00990362123264389
51 20 -0.003020687179652605
1 21  0.01003027692812145
2 21 0.008901066382362148
3 21 -0.006996761168586987
13 21 -0.002335368752346962
14 21 0.0004765126726533611
15 21  0.02808456866505814
19 21   0.0549978626297364
20 21  0.02186118954070642
21 21   0.2570500142470686
28 21 -0.02140470379093877
29 21 -0.01320677731110539
30 21  -0.0111821043624201
49 21 0.003657616319480679
50 21 -0.007045644583273995
51 21 0.007625697216672839
22 22                    1
23 23                    1
24 24                    1
25 25                    1
26 26                    1
27 27                    1
13 28   -0.226517692268019
14 28 -0.02582416654957912
15 28  0.02542629354872155
19 28 -0.07426602571602006
20 28 -0.03344866156457799
21 28 -0.02140470379093877
28 28   0.5365686345906344
29 28 -0.006687112495493652
30 28 -0.03177246734595843
37 28 0.008130939849700411
38 28   0.0169865957257463
39 28 0.007250152916553751
49 28  0.01633496159716774
50 28  0.01093346309037883
51 28 0.008875831864399098
52 28 -0.07296872731125205
53 28  0.01840516895569175
54 28 -0.005633884610926801
61 28 0.006829862031150928
62 28  -0.0320848081972783
63 28 0.006098860015893532
64 28  -0.1272543130988339
65 28  0.01868195211680482
66 28  0.06012963134589079
13 29 -0.02841142451540912
14 29  -0.1517920600299676
15 29  -0.0281381244608601
19 29 -0.03478859879351866
20 29 -0.04111433110380464
21 29 -0.01320677731110539
28 29 -0.006687112495493648
29 29   0.6089977893995109
30 29  0.04709417712007678
37 29  0.01612219009925773
38 29 0.006843804616237386
39 29 -0.006872379636745984
49 29  0.01159352178168476
50 29  0.01310678721226056
51 29  0.01128140457621766
52 29  0.02242138584727542
53 29  -0.2344988053310588
54 29 -0.05536265420589412
61 29 -0.03088063913737573
62 29 0.006606219068925445
63 29  0.03265848738820627
64 29  0.01779455445033317
65 29 -0.06419178461162668
66 29 -0.03235409666045586
13 30  0.03127293118791991
14 30 -0.01363643485406611
15 30  -0.1034552328157539
19 30 -0.009534662585347404
20 30 -0.005696372843010946
21 30  -0.0111821043624201
28 30 -0.03177246734595843
29 30  0.04709417712007678
30 30    0.642964952517419
37 30 0.002488129389994377
38 30 -0.002027349780713543
39 30  0.02241373525508541
49 30  0.01260496966782629
50 30 0.007581747877888814
51 30   0.0420137524504521
52 30 -0.002615601020474045
53 30 -0.07569503022927557
54 30 -0.08499029734919224
61 30 -0.00051322710168843
62 30  0.02589449958036385
63 30  0.02150151618475209
64 30  0.04477232261484934
65 30 -0.02992575433264913
66 30 -0.08161881902478556
31 31                    1
32 32                    1
33 33                    1
34 34                    1
35 35                    1
36 36                    1
13 37  -0.0384813522047624
14 37 0.004285946108932509
15 37  0.00250272755036048
28 37 0.008130939849700411
29 37  0.01612219009925773
30 37 0.002488129389994377
37 37   0.2148201720085967
38 37  0.01845507731010693
39 37  0.05246025625273623
64 37 -0.05510880658481883
65 37 -0.02367952862478687
66 37 -0.007331863936395729
70 37 -0.001026561644090211
71 37 -0.009695138452883683
72 37 -0.004929125142365472
73 37 -0.01158909303203842
74 37 0.006448715304654925
75 37 -0.001397792980101048
13 38 0.006226903028149974
14 38 -0.02701543944722282
15 38  0.01034231467432073
28 38   0.0169865957257463
29 38 0.006843804616237386
30 38 -0.002027349780713543
37 38  0.01845507731010693
38 38   0.1725466239944032
39 38  0.04405912057684506
64 38 -0.02185276366372369
65 38  -0.0673496545306078
66 38 -0.02232323445054901
70 38 -0.009130040305556929
71 38 0.001491865687249504
72 38 -0.002361492848657431
73 38  0.00423059529253393
74 38 -0.001468985975586129
75 38 0.004854855789325614
13 39  0.00896727692078653
14 39 0.009907193659274527
15 39 -0.009382269243240853
28 39 0.007250152916553751
29 39 -0.006872379636745984
30 39  0.02241373525508541
37 39  0.05246025625273624
38 39  0.04405912057684515
39 39   0.2693911346132268
64 39  -0.0104025854926924
65 39 -0.03259360732308754
66 39 -0.03389245687149857
70 39 -0.008056935981711697
71 39 -0.005528891708043561
72 39 0.008769139394965835
73 39 -0.004562618628994477
74 39 0.007231029146484474
75 39 0.003734310407054122
40 40                    1
41 41                    1
42 42                    1
43 43                    1
44 44                    1
45 45                    1
46 46                    1
47 47                    1
48 48                    1
19 49 0.001232107007258051
20 49 -0.004473477044061628
21 49 0.003657616319480679
28 49  0.01633496159716774
29 49  0.01159352178168476
30 49  0.01260496966782629
49 49   0.2834777380997441
50 49 0.005011366234074242
51 49  0.03201919088720224
52 49  -0.1412852717846995
53 49 -0.008349267696642061
54 49 -0.008385327020905648
88 49 0.001276603072241704
89 49 -0.007192670122188511
90 49 0.004630445092069006
19 50 -0.007249766695279098
20 50 -0.00990362123264389
21 50 -0.007045644583273995
28 50  0.01093346309037883
29 50  0.01310678721226056
30 50 0.007581747877888814
49 50 0.005011366234074242
50 50    0.436076439774111
51 50 -0.02081195261049288
52 50 -0.007688237816932543
53 50  -0.1832439374635399
54 50 0.007195262789585332
88 50 -0.004431218083659953
89 50 -0.009759004122990031
90 50 -0.002974226540051956
19 51 0.004647916318599103
20 51 -0.003020687179652605
21 51 0.007625697216672839
28 51 0.008875831864399098
29 51  0.01128140457621766
30 51   0.0420137524504521
49 51  0.03201919088720224
50 51 -0.02081195261049288
51 51   0.3524163031763783
52 51 -0.02139912647722603
53 51 0.003490162539441417
54 51 -0.09983205067868287
88 51 0.003651952720923593
89 51 -0.00694486335553374
90 51 0.007540691600502128
28 52 -0.07296872731125205
29 52  0.02242138584727542
30 52 -0.002615601020474045
49 52  -0.1412852717846995
50 52 -0.007688237816932543
51 52 -0.02139912647722603
52 52   0.5412606710426806
53 52 -0.001964152808869142
54 52 -0.03022392017272384
61 52  -0.1675070048524146
62 52 -0.004977329275913097
63 52  0.05476301277436015
88 52  0.01597973163485203
89 52  0.01076385532966462
90 52 0.008725958100189182
94 52 0.006936882782815613
95 52 -0.03171895008547886
96 52  0.00645791217467942
97 52 -0.06046272751654021
98 52  0.02014395727055787
99 52 -0.003569713684425017
28 53  0.01840516895569175
29 53  -0.2344988053310588
30 53 -0.07569503022927557
49 53 -0.008349267696642061
50 53  -0.1832439374635399
51 53 0.003490162539441417
52 53 -0.001964152808869142
53 53   0.7148131987865783
54 53   0.1045232787417028
61 53 -0.005681630859734745
62 53 -0.09827212081936615
63 53 0.0004594127681759059
88 53  0.01141122934937874
89 53  0.01274147183187458
90 53   0.0109895211026497
94 53 -0.03024169229567199
95 53 0.006105217082448142
96 53 0.004230488469357102
97 53  0.02324941787373974
98 53  -0.1622697688093207
99 53 -0.03752850355192229
28 54 -0.005633884610926801
29 54 -0.05536265420589412
30 54 -0.08499029734919224
49 54 -0.008385327020905648
50 54 0.007195262789585332
51 54 -0.09983205067868287
52 54 -0.03022392017272384
53 54   0.1045232787417028
54 54   0.6959680738703673
61 54  0.03867639996628239
62 54  0.00446309039613565
63 54 -0.09980952185030424
88 54  0.01239172993673676
89 54 0.007360962521564878
90 54  0.04099937384726236
94 54 0.0003985072501207464
95 54 -0.001858469990723689
96 54  0.02091049467223473
97 54 -0.0007945188009588558
98 54 -0.05465725109688739
99 54 -0.06419878073485635
55 55                    1
56 56                    1
57 57                    1
58 58                    1
59 59                    1
60 60                    1
28 61 0.006829862031150928
29 61 -0.03088063913737573
30 61 -0.00051322710168843
52 61  -0.1675070048524146
53 61 -0.005681630859734745
54 61  0.03867639996628239
61 61   0.4406127427623486
62 61 -0.004487182860370274
63 61 -0.00751983974582333
64 61 -0.02337436208277375
65 61  0.02268889645259297
66 61 0.004985185803031553
94 61 -0.03403247973416605
95 61  0.02454288969725048
96 61 -2.974718967151298e-05
112 61 -0.07385190552306246
113 61 0.004228331019256045
114 61  0.02725621871958606
115 61 0.006174719600587401
116 61 -0.01877630552792131
117 61  0.00491000476730225
28 62  -0.0320848081972783
29 62 0.006606219068925445
30 62  0.02589449958036385
52 62 -0.004977329275913097
53 62 -0.09827212081936615
54 62  0.00446309039613565
61 62 -0.004487182860370281
62 62   0.4641310092702126
63 62 -0.001032031320772985
64 62  0.02037611826849708
65 62  -0.1118992873994741
66 62 -0.02144088516732987
94 62  0.02682772592556782
95 62  -0.1346552652420239
96 62 0.007620731811426279
112 62 0.003889488333215969
113 62 -0.02431613406931265
114 62 -0.004530542206524368
115 62  -0.0179617335435106
116 62 0.005675951179068349
117 62 0.005840875282359059
28 63 0.006098860015893532
29 63  0.03265848738820627
30 63  0.02150151618475209
52 63  0.05476301277436015
53 63 0.0004594127681759059
54 63 -0.09980952185030424
61 63 -0.00751983974582333
62 63 -0.001032031320772992
63 63   0.4591185610072325
64 63 -8.429725956010485e-05
65 63 -0.007219452094725432
66 63 -0.01652076042545829
94 63 0.005360061420227782
95 63 -0.007584288154577343
96 63 -0.02277604925337859
112 63   0.0147917900973336
113 63 -0.001923015164743968
114 63 -0.02025261592902825
115 63 0.000343811559086909
116 63 0.001275165084023849
117 63  0.01931247618796209
28 64  -0.1272543130988339
29 64  0.01779455445033317
30 64  0.04477232261484934
37 64 -0.05510880658481883
38 64 -0.02185276366372369
39 64  -0.0104025854926924
61 64 -0.02337436208277375
62 64  0.02037611826849708
63 64 -8.429725956011005e-05
64 64     0.42915186162254
65 64 -0.03522070697462806
66 64 -0.03031216468054796
70 64 -0.08409324247403692
71 64   0.0235919675850837
72 64  0.05481231848345501
112 64 0.006471161869732253
113 64 -0.009663684991338409
114 64  0.00454080845744588
28 65  0.01868195211680482
29 65 -0.06419178461162668
30 65 -0.02992575433264913
37 65 -0.02367952862478687
38 65  -0.0673496545306078
39 65 -0.03259360732308754
61 65  0.02268889645259297
62 65  -0.1118992873994741
63 65 -0.007219452094725432
64 65 -0.03522070697462806
65 65   0.4390299772239107
66 65  0.04945603997336228
70 65  0.02230140329631672
71 65 -0.05894572855135982
72 65 -0.02832801662288161
112 65 -0.009022196740100005
113 65 0.006008479133433985
114 65 0.008860748236417807
28 66  0.06012963134589079
29 66 -0.03235409666045586
30 66 -0.08161881902478556
37 66 -0.007331863936395729
38 66 -0.02232323445054901
39 66 -0.03389245687149858
61 66 0.004985185803031553
62 66 -0.02144088516732986
63 66 -0.01652076042545829
64 66 -0.03031216468054796
65 66  0.04945603997336228
66 66    0.527324015444639
70 66  0.04067349560431575
71 66  -0.0219236762215824
72 66 -0.06768999619876069
112 66  0.00103800531499669
113 66 0.005365098759923079
114 66  0.02010539887628281
67 67                    1
68 68                    1
69 69                    1
37 70 -0.001026561644090211
38 70 -0.009130040305556929
39 70 -0.008056935981711697
64 70 -0.08409324247403692
65 70  0.02230140329631671
66 70  0.04067349560431575
70 70   0.5367937421804083
71 70 -0.01758725034501187
72 70  0.00646268906093371
73 70  -0.3031936200150157
74 70 0.005099777208476488
75 70   0.0498075834258179
112 70 -0.002576634601552024
113 70  0.01009607509644369
114 70 0.000265871139529486
118 70  -0.1152288428513607
119 70 -0.0005561828633163946
120 70 -0.03125367778194411
124 70 0.006001709466705842
125 70 -0.01188248924631449
126 70 0.004125942828119032
37 71 -0.009695138452883683
38 71 0.001491865687249504
39 71 -0.005528891708043561
64 71   0.0235919675850837
65 71 -0.05894572855135982
66 71  -0.0219236762215824
70 71 -0.01758725034501187
71 71   0.3463524148984711
72 71  0.04880641609092919
73 71 0.003160971879670089
74 71  -0.1426582178501813
75 71 -0.02898675502816888
112 71  0.01113679714268502
113 71 -0.02301799195705614
114 71 0.005254180277612884
118 71 -0.0008154097954266339
119 71 -0.04058033087926921
120 71 -0.000316755162375068
124 71 -0.01130432453798423
125 71 0.005388842612689332
126 71 -0.007991244594554499
37 72 -0.004929125142365472
38 72 -0.002361492848657431
39 72 0.008769139394965835
64 72  0.05481231848345484
65 72 -0.02832801662288161
66 72 -0.06768999619876069
70 72 0.006462689060933682
71 72   0.0488064160909292
72 72   0.5634056961344837
73 72   0.0467403214691534
74 72 -0.01811966969779049
75 72  -0.1143736552205638
112 72 0.003628628201346078
113 72 -0.001383261980691343
114 72  0.01080179586279196
118 72 -0.04523935367787753
119 72 0.001136222683991493
120 72 -0.05073029166159883
124 72 0.0008811220980774392
125 72 -0.01123188207738063
126 72  0.01894006617143395
37 73 -0.01158909303203842
38 73  0.00423059529253393
39 73 -0.004562618628994477
70 73  -0.3031936200150156
71 73 0.003160971879670096
72 73   0.0467403214691534
73 73   0.5082994047872007
74 73 0.000713902565610004
75 73 -0.03062168703957279
118 73 -0.0008769406109830021
119 73 -0.009960811518429279
120 73 -0.005056908066062261
130 73 -0.01232057238797308
131 73 0.006621793677399962
132 73 -0.001460489403877212
37 74 0.006448715304654925
38 74 -0.001468985975586129
39 74 0.007231029146484474
70 74 0.005099777208476489
71 74  -0.1426582178501813
72 74 -0.01811966969779049
73 74 0.000713902565610004
74 74   0.2364963048289904
75 74  0.04862620264478579
118 74 -0.009399334903630808
119 74  0.00155538982223421
120 74 -0.002356682124000049
130 74 0.004366909085947014
131 74 -0.001811942300825908
132 74 0.004801122628504585
37 75 -0.001397792980101047
38 75 0.004854855789325614
39 75 0.003734310407054122
70 75   0.0498075834258179
71 75 -0.02898675502816889
72 75  -0.1143736552205638
73 75 -0.03062168703957279
74 75  0.04862620264478581
75 75   0.3221715492057174
118 75 -0.008182128096484964
119 75 -0.005503782141398052
120 75 0.008518334551202458
130 75 -0.00466376309565475
131 75 0.007167565622129539
132 75 0.003322181090926109
76 76                    1
77 77                    1
78 78                    1
79 79                    1
80 80                    1
81 81                    1
82 82                    1
83 83                    1
84 84                    1
85 85                    1
86 86                    1
87 87                    1
49 88 0.001276603072241704
50 88 -0.004431218083659953
51 88 0.003651952720923593
52 88  0.01597973163485203
53 88  0.01141122934937874
54 88  0.01239172993673674
88 88   0.3678844823064307
89 88  0.04280072578606225
90 88   0.1026568135563595
97 88  -0.1790976489954386
98 88 -0.01874261547926066
99 88 -0.04232093783083836
145 88 0.001660851271852256
146 88  -0.0119825203213361
147 88 -0.0007191169617481842
151 88 0.004380745506609495
152 88 0.002233856483700735
153 88 0.007592369728630653
49 89 -0.007192670122188511
50 89 -0.00975900412299003
51 89 -0.00694486335553374
52 89  0.01076385532966462
53 89  0.01274147183187458
54 89 0.007360962521564878
88 89  0.04280072578606225
89 89   0.4769687415771561
90 89   0.1922797316256206
97 89 -0.01896389692434633
98 89  -0.1997750384290723
99 89 -0.08634481015868518
145 89 -0.01113665157318151
146 89 0.003323044447983993
147 89  -0.0078246744202763
151 89 0.005008125798720374
152 89 -0.008842223159134245
153 89 -0.002965494771598206
49 90 0.004630445092069006
50 90 -0.002974226540051956
51 90 0.007540691600502128
52 90 0.008725958100189182
53 90   0.0109895211026497
54 90  0.04099937384726236
88 90   0.1026568135563595
89 90   0.1922797316256206
90 90   0.6377791748013585
97 90 -0.05504131641717885
98 90 -0.08606090996303893
99 90  -0.2261782027589005
145 90 -0.00462079979370111
146 90 -0.01174320035602459
147 90   0.0134968791130068
151 90  0.01052845786777423
152 90 -0.006930022519128569
153 90 0.008433475458915644
91 91                    1
92 92                    1
93 93                    1
52 94 0.006936882782815612
53 94 -0.03024169229567199
54 94 0.0003985072501207464
61 94 -0.03403247973416605
62 94  0.02682772592556782
63 94 0.005360061420227782
94 94    0.481562765111748
95 94 -0.01145746389241621
96 94  0.02931596893791636
97 94  -0.1731004625238196
98 94  0.02938473477082189
99 94 -0.00593343485315806
115 94  -0.1247113624615807
116 94   -0.020410203253391
117 94  0.02265616099003671
154 94 -0.05053303469392104
155 94 -0.01019327449806827
156 94 -0.001506263019599842
52 95 -0.03171895008547886
53 95 0.006105217082448142
54 95 -0.001858469990723689
61 95  0.02454288969725048
62 95  -0.1346552652420239
63 95 -0.007584288154577343
94 95 -0.01145746389241622
95 95   0.4630687333462035
96 95 -0.04013675804950384
97 95   0.0303848603126543
98 95 -0.04647603131275665
99 95 0.001189440729437321
115 95 -0.02010148474870696
116 95 -0.03604399122395688
117 95 -0.004342976398909544
154 95 -0.007531218493799792
155 95  -0.1565385262078156
156 95  0.03261600529904252
52 96 0.006457912174679415
53 96 0.004230488469357102
54 96  0.02091049467223473
61 96 -2.974718967151298e-05
62 96 0.007620731811426279
63 96 -0.02277604925337859
94 96  0.02931596893791636
95 96 -0.04013675804950383
96 96   0.4173299915547721
97 96  0.01055939550853803
98 96 -0.00468545356984844
99 96 -0.03611103022857215
115 96 0.008263298222597805
116 96 -0.00607335658902882
117 96 -0.02319339418499188
154 96 -0.002353468011438431
155 96  0.01769506954402503
156 96 -0.03958720855981435
52 97 -0.06046272751654021
53 97  0.02324941787373975
54 97 -0.0007945188009588558
88 97  -0.1790976489954386
89 97 -0.01896389692434633
90 97 -0.05504131641717886
94 97  -0.1731004625238196
95 97   0.0303848603126543
96 97  0.01055939550853803
97 97   0.5715682089772551
98 97 -0.06488784318204785
99 97  0.01675053521343902
145 97 -0.08147782756516096
146 97  0.05001880145650767
147 97 0.001141916120830998
154 97  0.01058628898295566
155 97 -0.03381092807725039
156 97  0.01347981758372351
52 98  0.02014395727055787
53 98  -0.1622697688093208
54 98 -0.05465725109688739
88 98 -0.01874261547926066
89 98  -0.1997750384290723
90 98 -0.08606090996303893
94 98  0.02938473477082189
95 98 -0.04647603131275665
96 98 -0.004685453569848442
97 98 -0.06488784318204785
98 98   0.5911716646671364
99 98   0.1035942058451086
145 98  0.05290943058072497
146 98  -0.1650873980209447
147 98 -0.009654431256215257
154 98 -0.03272647857069075
155 98 0.006796090938862397
156 98 0.003834452386233206
52 99 -0.003569713684425016
53 99 -0.03752850355192229
54 99 -0.06419878073485635
88 99 -0.04232093783083836
89 99 -0.08634481015868518
90 99  -0.2261782027589005
94 99 -0.005933434853158064
95 99 0.001189440729437306
96 99 -0.03611103022857215
97 99  0.01675053521343902
98 99   0.1035942058451086
99 99   0.6298293151878743
145 99 0.008584900822704203
146 99 -0.02673008600735002
147 99   -0.043734237423692
154 99 0.007481196011143584
155 99 -0.00224393266313947
156 99  0.02017062391640746
100 100                    1
101 101                    1
102 102                    1
103 103                    1
104 104                    1
105 105                    1
106 106                    1
107 107                    1
108 108                    1
109 109                    1
110 110                    1
111 111                    1
61 112 -0.07385190552306246
62 112 0.003889488333215969
63 112   0.0147917900973336
64 112 0.006471161869732253
65 112 -0.009022196740100005
66 112  0.00103800531499669
70 112 -0.002576634601552024
71 112  0.01113679714268502
72 112 0.003628628201346078
112 112   0.4427556493515573
113 112 -0.09464807038641018
114 112 -0.03715448812110233
115 112 -0.03717602680870356
116 112   0.0168658495081935
117 112 -0.000570872010001128
124 112  -0.1732957866993191
125 112   0.1044125298327808
126 112  0.02494474690269647
172 112 0.005945964230500547
173 112  -0.0188158658088704
174 112  0.00482858241056051
61 113 0.004228331019256045
62 113 -0.02431613406931265
63 113 -0.001923015164743968
64 113 -0.009663684991338409
65 113 0.006008479133433985
66 113 0.005365098759923079
70 113  0.01009607509644369
71 113 -0.02301799195705617
72 113 -0.001383261980691344
112 113 -0.09464807038641018
113 113   0.5884495424540945
114 113  0.01621729344861761
115 113  0.01980158986766746
116 113  -0.1431530848960136
117 113 -0.003942119257429591
124 113   0.1023792637936653
125 113  -0.2014417192048826
126 113  -0.0227991281124024
172 113 -0.01796288382155396
173 113 0.005654480862130407
174 113  0.02376269961965291
61 114  0.02725621871958606
62 114 -0.004530542206524368
63 114 -0.02025261592902825
64 114  0.00454080845744588
65 114 0.008860748236417807
66 114  0.02010539887628281
70 114 0.000265871139529486
71 114 0.005254180277612883
72 114  0.01080179586279196
112 114 -0.03715448812110233
113 114  0.01621729344861761
114 114   0.4694692909087342
115 114 0.004128997816031881
116 114 -0.02039706732271561
117 114 -0.02442146195710266
124 114  0.01152970363970567
125 114 -0.01130664648706761
126 114 -0.08706532934124415
172 114 -7.4875551480196e-05
173 114   0.0189816997411641
174 114  0.01870319547924723
61 115 0.006174719600587401
62 115  -0.0179617335435106
63 115 0.000343811559086909
94 115  -0.1247113624615807
95 115 -0.02010148474870696
96 115 0.008263298222597805
112 115 -0.03717602680870356
113 115  0.01980158986766746
114 115 0.004128997816031881
115 115   0.4699922799442397
116 115  0.02886681872619179
117 115 -0.01665405760265216
154 115 0.005707316122538909
155 115  0.03240687433328466
156 115 -0.0005017892250625648
172 115  -0.1398527042403264
173 115 -0.009475034307451863
174 115  0.05198376800037264
175 115 0.005637212386293971
176 115 -0.02924727554079853
177 115 0.005010458034211087
178 115 -0.04706509470918203
179 115 -0.005894521072563197
180 115 0.002151454437390784
61 116 -0.01877630552792131
62 116 0.005675951179068349
63 116 0.001275165084023849
94 116   -0.020410203253391
95 116 -0.03604399122395688
96 116 -0.00607335658902882
112 116   0.0168658495081935
113 116  -0.1431530848960136
114 116 -0.02039706732271561
115 116  0.02886681872619179
116 116   0.5637037472767144
117 116 -0.01881818829075142
154 116  0.03342717525739423
155 116 0.005299639351663728
156 116 0.006295396750981682
172 116 -0.009823288480633394
173 116  -0.0859323099862746
174 116 0.004165785737359505
175 116 -0.02827574719179515
176 116 0.005273460087836756
177 116 0.007554668671311165
178 116 -0.003025309943153615
179 116  -0.1756256323086078
180 116 -0.01007891126640318
61 117  0.00491000476730225
62 117 0.005840875282359059
63 117  0.01931247618796209
94 117  0.02265616099003671
95 117 -0.004342976398909544
96 117 -0.02319339418499187
112 117 -0.000570872010001128
113 117 -0.003942119257429591
114 117 -0.02442146195710266
115 117 -0.01665405760265216
116 117 -0.01881818829075142
117 117   0.5593257063472229
154 117 0.005234721133578314
155 117 0.000576567201564411
156 117  0.01799196035977761
172 117  0.03750196948391235
173 117 0.006117765010571914
174 117 -0.09029498260356911
175 117 -0.0005272355397662526
176 117  0.00210921145463113
177 117  0.01799103816584615
178 117 0.002059836915907285
179 117 -0.02616096020183428
180 117 -0.03730240197668529
70 118  -0.1152288428513607
71 118 -0.0008154097954266339
72 118 -0.04523935367787753
73 118 -0.0008769406109830021
74 118 -0.009399334903630808
75 118 -0.008182128096484964
118 118   0.5054492008130445
119 118 -0.06646577165528234
120 118  0.03365839738776484
124 118 -0.05538949204800902
125 118  0.01127379109571735
126 118 -0.002055040523564831
130 118 -0.01758976919221557
131 118 0.006298026797756342
132 118  0.01181439054224527
181 118 0.006705696818122232
182 118  -0.0218953824566268
183 118 0.004119846060493342
190 118  -0.1513392805420354
191 118  0.06026244669568122
192 118  0.03272946674907835
70 119 -0.0005561828633163946
71 119 -0.04058033087926921
72 119 0.001136222683991491
73 119 -0.009960811518429279
74 119  0.00155538982223421
75 119 -0.005503782141398052
118 119 -0.06646577165528234
119 119   0.5705795254731487
120 119 0.003839878029185976
124 119  0.01475656023608143
125 119   -0.210180836172733
126 119  0.00314575556979424
130 119 0.003395983348487949
131 119  -0.0672488020789527
132 119 -0.04364694082178802
181 119 -0.02095890667938631
182 119 0.006756971332508875
183 119  0.02037270794588528
190 119  0.05932154434538051
191 119 -0.08857389872030784
192 119 -0.02264704291448231
70 120 -0.03125367778194411
71 120 -0.0003167551623750688
72 120 -0.05073029166159883
73 120 -0.00505690806606226
74 120 -0.002356682124000049
75 120 0.008518334551202458
118 120  0.03365839738776484
119 120 0.003839878029185976
120 120   0.5616320258349813
124 120 0.001981853596174297
125 120 -0.01637531179678342
126 120 -0.05465172519005541
130 120  0.00734358464917098
131 120  -0.0309972575261211
132 120 -0.03077494089631549
181 120 -0.001201838267635956
182 120  0.01512372186672814
183 120  0.02292909582856656
190 120  0.01629839698661992
191 120  -0.0136975871074454
192 120 -0.04577555209231669
121 121                    1
122 122                    1
123 123                    1
70 124 0.006001709466705842
71 124 -0.01130432453798423
72 124 0.0008811220980774392
112 124  -0.1732957866993191
113 124   0.1023792637936653
114 124  0.01152970363970567
118 124 -0.05538949204800902
119 124  0.01475656023608143
120 124 0.001981853596174297
124 124   0.4886583084104533
125 124 -0.04387731286293343
126 124 -0.01510933150615574
172 124  -0.0120030859333554
173 124 -0.001380276451263988
174 124 0.002674465203359654
181 124  -0.1247331269994121
182 124  -0.0326621814293877
183 124  0.04600929017977312
70 125 -0.01188248924631449
71 125 0.005388842612689332
72 125 -0.01123188207738063
112 125   0.1044125298327808
113 125  -0.2014417192048826
114 125 -0.01130664648706761
118 125  0.01127379109571735
119 125   -0.210180836172733
120 125 -0.01637531179678342
124 125  -0.0438773128629334
125 125    0.688540981080721
126 125  0.04041086945280556
172 125 0.0004712432004842157
173 125 -0.05730589796709215
174 125 0.005351573560767747
181 125 -0.03218503115548561
182 125 -0.07096212095144358
183 125 0.0005599600106010044
70 126 0.004125942828119032
71 126 -0.007991244594554499
72 126  0.01894006617143395
112 126  0.02494474690269647
113 126  -0.0227991281124024
114 126 -0.08706532934124415
118 126 -0.002055040523564831
119 126  0.00314575556979424
120 126 -0.05465172519005543
124 126 -0.01510933150615574
125 126  0.04041086945280556
126 126   0.4806479997780831
172 126 0.002558189925659071
173 126 -0.004586298506654804
174 126 0.001347902699588974
181 126  0.03131563084218193
182 126 -0.002564929205340637
183 126 -0.05944554694742463
127 127                    1
128 128                    1
129 129                    1
73 130 -0.01232057238797308
74 130 0.004366909085947014
75 130 -0.004663763095654736
118 130 -0.01758976919221557
119 130 0.003395983348487943
120 130  0.00734358464917098
130 130    0.110985343101462
131 130 0.002673024840183934
132 130  0.03256009227282907
190 130 -0.0009109621353855411
191 130 -0.01283150163900401
192 130 -0.007391695651995428
196 130 -0.01475860491537835
197 130 0.007944388627873476
198 130 -0.001804442866643474
73 131 0.006621793677399962
74 131 -0.001811942300825908
75 131 0.007167565622129539
118 131 0.006298026797756342
119 131  -0.0672488020789527
120 131  -0.0309972575261211
130 131 0.002673024840183934
131 131   0.1308426223980322
132 131  0.07030725116387579
190 131 -0.01261823874755775
191 131 0.002488588055565414
192 131 -0.002217788920991241
196 131 0.005274416187210919
197 131 -0.002373138804618219
198 131 0.005686867657281524
73 132 -0.001460489403877212
74 132 0.004801122628504585
75 132 0.003322181090926109
118 132  0.01181439054224527
119 132 -0.04364694082178803
120 132 -0.03077494089631549
130 132  0.03256009227282907
131 132  0.07030725116387579
132 132   0.2194218816044921
190 132 -0.01188789781163053
191 132 -0.006173180649005084
192 132  0.01226731770058844
196 132 -0.005581955740994845
197 132 0.008515001649487937
198 132 0.003690697196601668
133 133                    1
134 134                    1
135 135                    1
136 136                    1
137 137                    1
138 138                    1
139 139                    1
140 140                    1
141 141                    1
142 142                    1
143 143                    1
144 144                    1
88 145 0.001660851271852256
89 145 -0.01113665157318151
90 145 -0.00462079979370111
97 145 -0.08147782756516096
98 145  0.05290943058072497
99 145 0.008584900822704203
145 145   0.5288331949628372
146 145 -0.006429658634841243
147 145  0.03133384524081212
151 145 -0.07406012934815995
152 145 -1.858298708698709e-05
153 145 -0.03732310037597107
154 145  -0.1635901228613064
155 145 -0.03215610482298631
156 145 0.0005711766658436359
217 145  0.01546278569999447
218 145  0.01086857140379815
219 145  0.00839800291840947
223 145 -0.04332177257478052
224 145 -0.01481323949511161
225 145 -0.003875066885828737
88 146  -0.0119825203213361
89 146 0.003323044447983993
90 146 -0.01174320035602459
97 146  0.05001880145650767
98 146  -0.1650873980209447
99 146 -0.02673008600735002
145 146 -0.006429658634841243
146 146   0.5311995679404424
147 146  0.03971906736080388
151 146 6.63630478908081e-05
152 146 -0.02103560902777699
153 146 0.000191821552701364
154 146  -0.0322958274656325
155 146 -0.06846628620002644
156 146 -0.01099687565102013
217 146   0.0114083892666079
218 146  0.01217527894824097
219 146  0.01069263982314567
223 146 -0.01149095816096332
224 146  -0.1411115146033844
225 146 -0.005312326017184565
88 147 -0.0007191169617481842
89 147  -0.0078246744202763
90 147   0.0134968791130068
97 147 0.001141916120830998
98 147 -0.009654431256215257
99 147   -0.043734237423692
145 147  0.03133384524081212
146 147   0.0397190673608039
147 147   0.4588019672636964
151 147 -0.02488307619757306
152 147 0.0001352166505659353
153 147 -0.02113713459189848
154 147  -0.0145543890625175
155 147 -0.01285102815639255
156 147 -0.03827582026974148
217 147  0.01205900310202872
218 147 0.007116733437956234
219 147  0.03993145692170699
223 147 -0.007564416497108194
224 147 -0.02122960366689575
225 147 -0.04501398290873571
148 148                    1
149 149                    1
150 150                    1
88 151 0.004380745506609495
89 151 0.005008125798720374
90 151  0.01052845786777423
145 151 -0.07406012934815995
146 151 6.63630478908081e-05
147 151 -0.02488307619757306
151 151   0.1552037230510237
152 151 0.002453906510472151
153 151  0.08783658980190179
217 151 0.001402614415739239
218 151 -0.007484266323702765
219 151 0.004824028332005177
88 152 0.002233856483700735
89 152 -0.008842223159134245
90 152 -0.006930022519128569
145 152 -1.858298708698709e-05
146 152 -0.02103560902777699
147 152 0.0001352166505659353
151 152 0.002453906510472151
152 152   0.1019638253239956
153 152  0.01014142221861387
217 152 -0.004610524859709133
218 152 -0.009954631932187529
219 152 -0.003106178303159185
88 153 0.007592369728630653
89 153 -0.002965494771598206
90 153 0.008433475458915644
145 153 -0.03732310037597107
146 153 0.000191821552701364
147 153 -0.02113713459189848
151 153  0.08783658980190179
152 153  0.01014142221861387
153 153   0.1975503774047733
217 153 0.003809917260963035
218 153 -0.00720359973481115
219 153  0.00784592272054372
94 154 -0.05053303469392102
95 154 -0.007531218493799792
96 154 -0.002353468011438431
97 154  0.01058628898295566
98 154 -0.03272647857069075
99 154 0.007481196011143584
115 154 0.005707316122538909
116 154  0.03342717525739423
117 154 0.005234721133578314
145 154  -0.1635901228613064
146 154  -0.0322958274656325
147 154  -0.0145543890625175
154 154   0.7801761971842074
155 154  0.03462174319497801
156 154   0.1180610814083662
178 154  -0.2016341459357781
179 154 0.003070661425229864
180 154 -0.02270052093159488
208 154  -0.2548877048513786
209 154 -0.004156232878405773
210 154 -0.05199444302497461
223 154 0.005821337299026478
224 154  0.03929062677217736
225 154 -0.001076803028322663
226 154 0.005331825594466549
227 154 -0.04378060518065616
228 154 0.005344334964459861
94 155 -0.01019327449806827
95 155  -0.1565385262078156
96 155  0.01769506954402503
97 155 -0.03381092807725039
98 155 0.006796090938862397
99 155 -0.00224393266313947
115 155  0.03240687433328466
116 155 0.005299639351663728
117 155 0.000576567201564411
145 155 -0.03215610482298631
146 155 -0.06846628620002644
147 155 -0.01285102815639255
154 155  0.03462174319497801
155 155   0.6596640948709109
156 155  0.02935794067809093
178 155 0.003037030796722881
179 155 -0.05599922531212793
180 155 -0.0005292012422667687
208 155 -0.001147813771976654
209 155  -0.2809154811179755
210 155 -0.05890700928007939
223 155  0.03996462991709299
224 155  0.00548277235833705
225 155  0.01841786395151261
226 155 -0.04265352647459188
227 155 0.004915675805856987
228 155 -0.002380612144615294
94 156 -0.001506263019599842
95 156  0.03261600529904252
96 156 -0.03958720855981435
97 156  0.01347981758372351
98 156 0.003834452386233208
99 156  0.02017062391640746
115 156 -0.0005017892250625648
116 156 0.006295396750981682
117 156  0.01799196035977761
145 156 0.0005711766658436359
146 156 -0.01099687565102013
147 156 -0.03827582026974148
154 156   0.1180610814083662
155 156  0.02935794067809093
156 156   0.6123677465685876
178 156 -0.03836249298674423
179 156 -0.0003407001564372904
180 156 -0.05216327630280447
208 156 -0.05181407211972922
209 156 -0.07600262057886935
210 156  -0.1686506975538046
223 156 0.005322329956615643
224 156  0.01224048200540445
225 156  0.01905357268311429
226 156 -0.0009881559258962322
227 156 -0.008697935648359231
228 156  0.01677349502486366
157 157                    1
158 158                    1
159 159                    1
160 160                    1
161 161                    1
162 162                    1
163 163                    1
164 164                    1
165 165                    1
166 166                    1
167 167                    1
168 168                    1
169 169                    1
170 170                    1
171 171                    1
112 172 0.005945964230500547
113 172 -0.01796288382155396
114 172 -7.4875551480196e-05
115 172  -0.1398527042403265
116 172 -0.009823288480633394
117 172  0.03750196948391235
124 172  -0.0120030859333554
125 172 0.0004712432004842157
126 172 0.002558189925659071
172 172    0.490603006445838
173 172 -0.01677557887807417
174 172 -0.0002356923851526344
175 172 -0.07713719640672743
176 172  0.04014838608702187
177 172 0.0001086510540484076
181 172 0.006811705172843253
182 172  0.02540370018877502
183 172 0.005644289893380828
238 172  -0.1601326045543762
239 172 -0.01451522276090394
240 172  0.01485199042145264
112 173 -0.01881586580887037
113 173 0.005654480862130407
114 173   0.0189816997411641
115 173 -0.009475034307451863
116 173  -0.0859323099862746
117 173 0.006117765010571914
124 173 -0.001380276451263988
125 173 -0.05730589796709215
126 173 -0.004586298506654804
172 173 -0.01677557887807417
173 173   0.4418792864479304
174 173 -0.07854415966080901
175 173  0.04315085157950396
176 173  -0.1524621034458454
177 173  0.04768870896516061
181 173  0.02410211391445418
182 173  0.00628985698544919
183 173 0.001130521040275876
238 173 -0.01369925928669261
239 173 -0.04686008200536215
240 173 0.002956127446816095
112 174  0.00482858241056051
113 174  0.02376269961965291
114 174  0.01870319547924723
115 174  0.05198376800037264
116 174 0.004165785737359505
117 174 -0.09029498260356911
124 174 0.002674465203359654
125 174 0.005351573560767747
126 174 0.001347902699588974
172 174 -0.0002356923851526344
173 174 -0.07854415966080902
174 174   0.5118968071171721
175 174 0.002643422355224453
176 174  0.03313712022955811
177 174 -0.07167299430329935
181 174 0.0002428578467986477
182 174 0.006586208265319929
183 174  0.02152000284725183
238 174 -0.002330927340644407
239 174 -0.001663119170804417
240 174 -0.04191702403171249
115 175 0.005637212386293971
116 175 -0.02827574719179515
117 175 -0.0005272355397662526
172 175 -0.07713719640672743
173 175  0.04315085157950396
174 175 0.002643422355224453
175 175   0.5161930148116427
176 175  0.03277822938877471
177 175  0.05327482764451287
178 175  -0.1767659778487039
179 175 -0.02441171978506896
180 175  0.01253352882291908
226 175  0.00494878258465451
227 175  0.04396578907188651
228 175 -0.001188693815533837
238 175 0.001239399093522552
239 175  0.02413978250794151
240 175 -0.01177266621493548
241 175 -0.05770728230290963
242 175  -0.0606112500066039
243 175 0.001061206880713952
244 175 -0.05432224425535058
245 175   -0.023108589276494
246 175  0.01842446567005807
115 176 -0.02924727554079853
116 176 0.005273460087836756
117 176  0.00210921145463113
172 176  0.04014838608702187
173 176  -0.1524621034458454
174 176  0.03313712022955811
175 176  0.03277822938877471
176 176   0.5094343546693292
177 176 -0.03876287984492183
178 176 -0.02467164889296996
179 176 -0.05316435398545082
180 176 -0.005818531848264577
226 176  0.04511258763246774
227 176 0.003962621722004967
228 176 0.006108215517341972
238 176  0.02316894802261029
239 176 0.006338689097876599
240 176 -0.006316142882119234
