%%MatrixMarket matrix coordinate real general
4149 4149 124021
1 1 2.232992224257202e-06
4 1 3.290630817842018e-07
7 1 -4.845690367586126e-07
40 1 -4.801639256206114e-07
43 1 3.261320912962444e-07
46 1 1.394718784203985e-06
49 1 -1.715255706261582e-06
58 1 -2.461046459659004e-07
100 1 -1.102293192395467e-07
103 1 4.999774837755089e-07
106 1 -5.401385010915684e-07
109 1 -2.415765669991523e-07
130 1 -1.653044554318322e-06
136 1 -2.600933569962602e-06
145 1 -2.873380434355816e-06
2 2 2.232992224257202e-06
5 2 3.290630817842018e-07
8 2 -4.845690367586126e-07
41 2 -4.801639256206114e-07
44 2 3.261320912962444e-07
47 2 1.394718784203985e-06
50 2 -1.715255706261582e-06
59 2 -2.461046459659004e-07
101 2 -1.102293192395467e-07
104 2 4.999774837755089e-07
107 2 -5.401385010915684e-07
110 2 -2.415765669991523e-07
131 2 -1.653044554318322e-06
137 2 -2.600933569962602e-06
146 2 -2.873380434355816e-06
3 3 2.232992224257202e-06
6 3 3.290630817842018e-07
9 3 -4.845690367586126e-07
42 3 -4.801639256206114e-07
45 3 3.261320912962444e-07
48 3 1.394718784203985e-06
51 3 -1.715255706261582e-06
60 3 -2.461046459659004e-07
102 3 -1.102293192395467e-07
105 3 4.999774837755089e-07
108 3 -5.401385010915684e-07
111 3 -2.415765669991523e-07
132 3 -1.653044554318322e-06
138 3 -2.600933569962602e-06
147 3 -2.873380434355816e-06
1 4 3.290630817842018e-07
4 4 2.262211772698073e-06
7 4 -4.845075537408302e-07
10 4 3.348240833144048e-07
13 4 -4.931464377676219e-07
46 4 5.092482567557276e-07
49 4 -2.458132515034829e-07
52 4  1.4188973187275e-06
55 4 -1.151013766130945e-07
58 4 -5.531997847108343e-07
61 4 -1.761405141342254e-06
70 4 -2.549115729727955e-07
145 4 -1.685840032265482e-06
154 4 -2.654082151109258e-06
163 4 -2.936876224094223e-06
2 5 3.290630817842018e-07
5 5 2.262211772698073e-06
8 5 -4.845075537408302e-07
11 5 3.348240833144048e-07
14 5 -4.931464377676219e-07
47 5 5.092482567557276e-07
50 5 -2.458132515034829e-07
53 5  1.4188973187275e-06
56 5 -1.151013766130945e-07
59 5 -5.531997847108343e-07
62 5 -1.761405141342254e-06
71 5 -2.549115729727955e-07
146 5 -1.685840032265482e-06
155 5 -2.654082151109258e-06
164 5 -2.936876224094223e-06
3 6 3.290630817842018e-07
6 6 2.262211772698073e-06
9 6 -4.845075537408302e-07
12 6 3.348240833144048e-07
15 6 -4.931464377676219e-07
48 6 5.092482567557276e-07
51 6 -2.458132515034829e-07
54 6  1.4188973187275e-06
57 6 -1.151013766130945e-07
60 6 -5.531997847108343e-07
63 6 -1.761405141342254e-06
72 6 -2.549115729727955e-07
147 6 -1.685840032265482e-06
156 6 -2.654082151109258e-06
165 6 -2.936876224094223e-06
1 7 -4.845690367586126e-07
4 7 -4.845075537408302e-07
7 7 9.684213805979853e-07
46 7 -2.987448345958289e-07
49 7 3.272106407284148e-07
58 7 3.277934296532498e-07
145 7 7.619055314702092e-07
2 8 -4.845690367586126e-07
5 8 -4.845075537408302e-07
8 8 9.684213805979853e-07
47 8 -2.987448345958289e-07
50 8 3.272106407284148e-07
59 8 3.277934296532498e-07
146 8 7.619055314702092e-07
3 9 -4.845690367586126e-07
6 9 -4.845075537408302e-07
9 9 9.684213805979853e-07
48 9 -2.987448345958289e-07
51 9 3.272106407284148e-07
60 9 3.277934296532498e-07
147 9 7.619055314702092e-07
4 10 3.348240833144048e-07
10 10 2.311478575126219e-06
13 10 -4.930321866494246e-07
16 10 3.436962014761083e-07
19 10 -5.063359416127524e-07
52 10 5.268090055847701e-07
61 10 -2.54360250100644e-07
64 10 1.458011655773505e-06
67 10 -1.243247146292057e-07
70 10 -5.782254573029533e-07
73 10 -1.838026892057434e-06
82 10 -2.68724420919972e-07
163 10 -1.748648300469438e-06
172 10 -2.744850465812246e-06
181 10 -3.036982705842414e-06
5 11 3.348240833144048e-07
11 11 2.311478575126219e-06
14 11 -4.930321866494246e-07
17 11 3.436962014761083e-07
20 11 -5.063359416127524e-07
53 11 5.268090055847701e-07
62 11 -2.54360250100644e-07
65 11 1.458011655773505e-06
68 11 -1.243247146292057e-07
71 11 -5.782254573029533e-07
74 11 -1.838026892057434e-06
83 11 -2.68724420919972e-07
164 11 -1.748648300469438e-06
173 11 -2.744850465812246e-06
182 11 -3.036982705842414e-06
6 12 3.348240833144048e-07
12 12 2.311478575126219e-06
15 12 -4.930321866494246e-07
18 12 3.436962014761083e-07
21 12 -5.063359416127524e-07
54 12 5.268090055847701e-07
63 12 -2.54360250100644e-07
66 12 1.458011655773505e-06
69 12 -1.243247146292057e-07
72 12 -5.782254573029533e-07
75 12 -1.838026892057434e-06
84 12 -2.68724420919972e-07
165 12 -1.748648300469438e-06
174 12 -2.744850465812246e-06
183 12 -3.036982705842414e-06
4 13 -4.931464377676219e-07
10 13 -4.930321866494246e-07
13 13 9.856243941282646e-07
52 13 -3.07329792895159e-07
61 13 3.385819564269639e-07
70 13 3.396846021712668e-07
163 13 7.847981295646427e-07
5 14 -4.931464377676219e-07
11 14 -4.930321866494246e-07
14 14 9.856243941282646e-07
53 14 -3.07329792895159e-07
62 14 3.385819564269639e-07
71 14 3.396846021712668e-07
164 14 7.847981295646427e-07
6 15 -4.931464377676219e-07
12 15 -4.930321866494246e-07
15 15 9.856243941282646e-07
54 15 -3.07329792895159e-07
63 15 3.385819564269639e-07
72 15 3.396846021712668e-07
165 15 7.847981295646427e-07
10 16 3.436962014761083e-07
16 16 2.383217053021824e-06
19 16 -5.061622624908328e-07
22 16 3.561393820400874e-07
25 16 -5.248329933746534e-07
64 16 5.537775380911299e-07
73 16 -2.678648883766065e-07
76 16 1.51310365576921e-06
79 16 -1.391526640227106e-07
82 16 -6.175015437971626e-07
85 16 -1.950674623064514e-06
94 16 -2.886767199719551e-07
181 16 -1.845907535442309e-06
11 17 3.436962014761083e-07
17 17 2.383217053021824e-06
20 17 -5.061622624908328e-07
23 17 3.561393820400874e-07
26 17 -5.248329933746534e-07
65 17 5.537775380911299e-07
74 17 -2.678648883766065e-07
77 17 1.51310365576921e-06
80 17 -1.391526640227106e-07
83 17 -6.175015437971626e-07
86 17 -1.950674623064514e-06
95 17 -2.886767199719551e-07
182 17 -1.845907535442309e-06
12 18 3.436962014761083e-07
18 18 2.383217053021824e-06
21 18 -5.061622624908328e-07
24 18 3.561393820400874e-07
27 18 -5.248329933746534e-07
66 18 5.537775380911299e-07
75 18 -2.678648883766065e-07
78 18 1.51310365576921e-06
81 18 -1.391526640227106e-07
84 18 -6.175015437971626e-07
87 18 -1.950674623064514e-06
96 18 -2.886767199719551e-07
183 18 -1.845907535442309e-06
10 19 -5.063359416127524e-07
16 19 -5.061622624908328e-07
19 19  1.0120848076443e-06
64 19 -3.206334084402737e-07
73 19 3.565749814590973e-07
82 19 3.582940465458289e-07
181 19 8.204216121746626e-07
11 20 -5.063359416127524e-07
17 20 -5.061622624908328e-07
20 20  1.0120848076443e-06
65 20 -3.206334084402737e-07
74 20 3.565749814590973e-07
83 20 3.582940465458289e-07
182 20 8.204216121746626e-07
12 21 -5.063359416127524e-07
18 21 -5.061622624908328e-07
21 21  1.0120848076443e-06
66 21 -3.206334084402737e-07
75 21 3.565749814590973e-07
84 21 3.582940465458289e-07
183 21 8.204216121746626e-07
16 22 3.561393820400874e-07
22 22 2.481248164710453e-06
25 22 -5.245885217829318e-07
28 22 3.728627683969042e-07
31 22 -5.49716121105166e-07
76 22 5.919501309904961e-07
85 22 -2.874277670661489e-07
88 22 1.585470253839655e-06
91 22 -1.618353409536362e-07
94 22 -6.749519537020426e-07
97 22 -2.108260283157988e-06
118 22 -3.16592620834549e-07
17 23 3.561393820400874e-07
23 23 2.481248164710453e-06
26 23 -5.245885217829318e-07
29 23 3.728627683969042e-07
32 23 -5.49716121105166e-07
77 23 5.919501309904961e-07
86 23 -2.874277670661489e-07
89 23 1.585470253839655e-06
92 23 -1.618353409536362e-07
95 23 -6.749519537020426e-07
98 23 -2.108260283157988e-06
119 23 -3.16592620834549e-07
18 24 3.561393820400874e-07
24 24 2.481248164710453e-06
27 24 -5.245885217829318e-07
30 24 3.728627683969042e-07
33 24 -5.49716121105166e-07
78 24 5.919501309904961e-07
87 24 -2.874277670661489e-07
90 24 1.585470253839655e-06
93 24 -1.618353409536362e-07
96 24 -6.749519537020426e-07
99 24 -2.108260283157988e-06
120 24 -3.16592620834549e-07
16 25 -5.248329933746534e-07
22 25 -5.245885217829318e-07
25 25 1.04921384415002e-06
76 25 -3.394540078537385e-07
85 25 3.826698539787366e-07
94 25 3.851677597903496e-07
17 26 -5.248329933746534e-07
23 26 -5.245885217829318e-07
26 26 1.04921384415002e-06
77 26 -3.394540078537385e-07
86 26 3.826698539787366e-07
95 26 3.851677597903496e-07
18 27 -5.248329933746534e-07
24 27 -5.245885217829318e-07
27 27 1.04921384415002e-06
78 27 -3.394540078537385e-07
87 27 3.826698539787366e-07
96 27 3.851677597903496e-07
22 28 3.728627683969042e-07
28 28 2.611323364520902e-06
31 28 -5.493828689367548e-07
34 28 3.949440295204777e-07
37 28 -5.82641223133061e-07
88 28 6.440140023263197e-07
97 28 -3.148248975265572e-07
112 28 1.676313503636046e-06
115 28 -1.96341570279504e-07
118 28 -7.570451519090335e-07
121 28 -2.324656390176163e-06
226 28 -3.554034264548912e-07
23 29 3.728627683969042e-07
29 29 2.611323364520902e-06
32 29 -5.493828689367548e-07
35 29 3.949440295204777e-07
38 29 -5.82641223133061e-07
89 29 6.440140023263197e-07
98 29 -3.148248975265572e-07
113 29 1.676313503636046e-06
116 29 -1.96341570279504e-07
119 29 -7.570451519090335e-07
122 29 -2.324656390176163e-06
227 29 -3.554034264548912e-07
24 30 3.728627683969042e-07
30 30 2.611323364520902e-06
33 30 -5.493828689367548e-07
36 30 3.949440295204777e-07
39 30 -5.82641223133061e-07
90 30 6.440140023263197e-07
99 30 -3.148248975265572e-07
114 30 1.676313503636046e-06
117 30 -1.96341570279504e-07
120 30 -7.570451519090335e-07
123 30 -2.324656390176162e-06
228 30 -3.554034264548912e-07
22 31 -5.49716121105166e-07
28 31 -5.493828689367548e-07
31 31 1.099213178887645e-06
88 31 -3.650040911514541e-07
97 31 4.192666193515481e-07
118 31 4.22802065967533e-07
23 32 -5.49716121105166e-07
29 32 -5.493828689367548e-07
32 32 1.099213178887645e-06
89 32 -3.650040911514541e-07
98 32 4.192666193515481e-07
119 32 4.22802065967533e-07
24 33 -5.49716121105166e-07
30 33 -5.493828689367548e-07
33 33 1.099213178887645e-06
90 33 -3.650040911514541e-07
99 33 4.192666193515481e-07
120 33 4.22802065967533e-07
28 34 3.949440295204777e-07
34 34 2.781964306829489e-06
37 34 -5.821913644913619e-07
112 34 7.138391990161858e-07
121 34 -3.529035998897559e-07
226 34 -8.745236667344683e-07
247 34 1.785810326869058e-06
250 34 -2.498509545665007e-07
253 34 -2.621438102747842e-06
256 34 4.239575742866926e-07
259 34 -6.260164328428357e-07
262 34 -4.097993661845566e-07
29 35 3.949440295204777e-07
35 35 2.781964306829489e-06
38 35 -5.821913644913619e-07
113 35 7.138391990161858e-07
122 35 -3.529035998897559e-07
227 35 -8.745236667344683e-07
248 35 1.785810326869058e-06
251 35 -2.498509545665007e-07
254 35 -2.621438102747842e-06
257 35 4.239575742866926e-07
260 35 -6.260164328428357e-07
263 35 -4.097993661845566e-07
30 36 3.949440295204777e-07
36 36 2.781964306829489e-06
39 36 -5.821913644913619e-07
114 36 7.138391990161858e-07
123 36 -3.529035998897559e-07
228 36 -8.745236667344683e-07
249 36 1.785810326869058e-06
252 36 -2.498509545665007e-07
255 36 -2.621438102747842e-06
258 36 4.239575742866926e-07
261 36 -6.260164328428357e-07
264 36 -4.097993661845566e-07
28 37 -5.82641223133061e-07
34 37 -5.821913644913619e-07
37 37 1.165490899729578e-06
112 37 -3.99074431173902e-07
121 37 4.702368752203212e-07
226 37  4.7523652835059e-07
29 38 -5.82641223133061e-07
35 38 -5.821913644913619e-07
38 38 1.165490899729578e-06
113 38 -3.99074431173902e-07
122 38 4.702368752203212e-07
227 38  4.7523652835059e-07
30 39 -5.82641223133061e-07
36 39 -5.821913644913619e-07
39 39 1.165490899729578e-06
114 39 -3.99074431173902e-07
123 39 4.702368752203212e-07
228 39  4.7523652835059e-07
1 40 -4.801639256206114e-07
40 40 9.59604402041779e-07
43 40 -4.801762476174546e-07
103 40 -2.943849228654474e-07
106 40 3.217036667175427e-07
109 40 3.215895704148878e-07
130 40 7.503334093143113e-07
2 41 -4.801639256206114e-07
41 41 9.59604402041779e-07
44 41 -4.801762476174546e-07
104 41 -2.943849228654474e-07
107 41 3.217036667175427e-07
110 41 3.215895704148878e-07
131 41 7.503334093143113e-07
3 42 -4.801639256206114e-07
42 42 9.59604402041779e-07
45 42 -4.801762476174546e-07
105 42 -2.943849228654474e-07
108 42 3.217036667175427e-07
111 42 3.215895704148878e-07
132 42 7.503334093143113e-07
1 43 3.261320912962444e-07
40 43 -4.801762476174546e-07
43 43 1.534428111738328e-06
103 43 1.184451215947269e-06
106 43 -2.4163361515048e-07
109 43 -1.480249317841925e-06
130 43 -2.843742775662722e-06
286 43 -1.888266614909289e-06
2 44 3.261320912962444e-07
41 44 -4.801762476174546e-07
44 44 1.534428111738328e-06
104 44 1.184451215947269e-06
107 44 -2.4163361515048e-07
110 44 -1.480249317841925e-06
131 44 -2.843742775662722e-06
287 44 -1.888266614909289e-06
3 45 3.261320912962444e-07
42 45 -4.801762476174546e-07
45 45 1.534428111738328e-06
105 45 1.184451215947269e-06
108 45 -2.4163361515048e-07
111 45 -1.480249317841925e-06
132 45 -2.843742775662722e-06
288 45 -1.888266614909289e-06
1 46 1.394718784203985e-06
4 46 5.092482567557276e-07
7 46 -2.987448345958289e-07
46 46 6.055236553540678e-06
49 46 -1.869831871372883e-06
52 46 5.884931836811742e-07
55 46 -4.942800438170916e-07
58 46 -5.560638037921511e-07
61 46 -1.39564572777563e-07
100 46 -4.629890104688854e-07
103 46 5.591063611751997e-07
106 46 -1.339047362844817e-07
130 46 -1.620175084447663e-06
136 46 -8.341881520615669e-06
145 46 -1.265082956142391e-05
154 46 -1.689562008018671e-06
295 46 5.960360821938674e-08
298 46 -2.415577806090702e-08
307 46 -7.491891844947433e-10
349 46 -2.475305039611505e-10
352 46 4.785712491572661e-09
355 46 -1.585914774946189e-09
358 46 -4.988830440155117e-10
361 46 -6.406149627335185e-06
367 46 -1.799674489883303e-08
370 46 -5.851246841015395e-07
373 46 -1.092784008883958e-07
379 46 -6.427635529206743e-07
385 46 -1.229281171438123e-07
388 46 -3.628348995544924e-06
2 47 1.394718784203985e-06
5 47 5.092482567557276e-07
8 47 -2.987448345958289e-07
47 47 6.055236553540678e-06
50 47 -1.869831871372883e-06
53 47 5.884931836811742e-07
56 47 -4.942800438170916e-07
59 47 -5.560638037921511e-07
62 47 -1.39564572777563e-07
101 47 -4.629890104688854e-07
104 47 5.591063611751997e-07
107 47 -1.339047362844817e-07
131 47 -1.620175084447663e-06
137 47 -8.341881520615669e-06
146 47 -1.265082956142391e-05
155 47 -1.689562008018671e-06
296 47 5.960360821938674e-08
299 47 -2.415577806090702e-08
308 47 -7.491891844947433e-10
350 47 -2.475305039611505e-10
353 47 4.785712491572661e-09
356 47 -1.585914774946189e-09
359 47 -4.988830440155117e-10
362 47 -6.406149627335185e-06
368 47 -1.799674489883303e-08
371 47 -5.851246841015395e-07
374 47 -1.092784008883958e-07
380 47 -6.427635529206743e-07
386 47 -1.229281171438123e-07
389 47 -3.628348995544924e-06
3 48 1.394718784203985e-06
6 48 5.092482567557276e-07
9 48 -2.987448345958289e-07
48 48 6.055236553540678e-06
51 48 -1.869831871372883e-06
54 48 5.884931836811742e-07
57 48 -4.942800438170916e-07
60 48 -5.560638037921511e-07
63 48 -1.39564572777563e-07
102 48 -4.629890104688854e-07
105 48 5.591063611751997e-07
108 48 -1.339047362844817e-07
132 48 -1.620175084447663e-06
138 48 -8.341881520615669e-06
147 48 -1.265082956142391e-05
156 48 -1.689562008018671e-06
297 48 5.960360821938674e-08
300 48 -2.415577806090702e-08
309 48 -7.491891844947433e-10
351 48 -2.475305039611505e-10
354 48 4.785712491572661e-09
357 48 -1.585914774946189e-09
360 48 -4.988830440155117e-10
363 48 -6.406149627335185e-06
369 48 -1.799674489883303e-08
372 48 -5.851246841015395e-07
375 48 -1.092784008883958e-07
381 48 -6.427635529206743e-07
387 48 -1.229281171438123e-07
390 48 -3.628348995544924e-06
1 49 -1.715255706261582e-06
4 49 -2.458132515034829e-07
7 49 3.272106407284148e-07
46 49 -1.869831871372883e-06
49 49 2.925360183455685e-06
58 49 2.219302634685583e-07
100 49 9.892859210752934e-08
103 49 -1.340423185356451e-07
106 49 1.462794261973996e-07
130 49 3.896146834428544e-07
136 49 3.510701462143718e-06
145 49 3.842160502964978e-06
2 50 -1.715255706261582e-06
5 50 -2.458132515034829e-07
8 50 3.272106407284148e-07
47 50 -1.869831871372883e-06
50 50 2.925360183455685e-06
59 50 2.219302634685583e-07
101 50 9.892859210752934e-08
104 50 -1.340423185356451e-07
107 50 1.462794261973996e-07
131 50 3.896146834428544e-07
137 50 3.510701462143718e-06
146 50 3.842160502964978e-06
3 51 -1.715255706261582e-06
6 51 -2.458132515034829e-07
9 51 3.272106407284148e-07
48 51 -1.869831871372883e-06
51 51 2.925360183455685e-06
60 51 2.219302634685583e-07
102 51 9.892859210752934e-08
105 51 -1.340423185356451e-07
108 51 1.462794261973996e-07
132 51 3.896146834428544e-07
138 51 3.510701462143718e-06
147 51 3.842160502964978e-06
4 52  1.4188973187275e-06
10 52 5.268090055847701e-07
13 52 -3.07329792895159e-07
46 52 5.884931836811742e-07
52 52 6.29757078977831e-06
55 52 -4.956381704125257e-07
58 52 -1.392610215053571e-07
61 52 -1.923645802511401e-06
64 52 6.437847814991173e-07
67 52 -5.569542576784179e-07
70 52 -5.844250735308547e-07
73 52 -1.498441728265939e-07
145 52 -1.684192616881082e-06
154 52 -8.509537967432701e-06
163 52 -1.302983247789363e-05
172 52 -1.813091042773471e-06
295 52 6.722960179312314e-09
298 52 -7.464606623696043e-10
301 52 8.335760957883649e-08
304 52 -3.879829332715937e-10
307 52 -2.406983312083965e-09
310 52 -3.716560257865427e-08
319 52 -1.418823096819599e-09
379 52 -6.842804546674413e-06
385 52 -2.516758910241759e-08
388 52 -6.40090522334784e-07
400 52 -1.486759976775374e-07
403 52 -7.521082730049705e-07
409 52 -1.757833461027957e-07
412 52 -4.06401463692486e-06
5 53  1.4188973187275e-06
11 53 5.268090055847701e-07
14 53 -3.07329792895159e-07
47 53 5.884931836811742e-07
53 53 6.29757078977831e-06
56 53 -4.956381704125257e-07
59 53 -1.392610215053571e-07
62 53 -1.923645802511401e-06
65 53 6.437847814991173e-07
68 53 -5.569542576784179e-07
71 53 -5.844250735308547e-07
74 53 -1.498441728265939e-07
146 53 -1.684192616881082e-06
155 53 -8.509537967432701e-06
164 53 -1.302983247789363e-05
173 53 -1.813091042773471e-06
296 53 6.722960179312314e-09
299 53 -7.464606623696043e-10
302 53 8.335760957883649e-08
305 53 -3.879829332715937e-10
308 53 -2.406983312083965e-09
311 53 -3.716560257865427e-08
320 53 -1.418823096819599e-09
380 53 -6.842804546674413e-06
386 53 -2.516758910241759e-08
389 53 -6.40090522334784e-07
401 53 -1.486759976775374e-07
404 53 -7.521082730049705e-07
410 53 -1.757833461027957e-07
413 53 -4.06401463692486e-06
6 54  1.4188973187275e-06
12 54 5.268090055847701e-07
15 54 -3.07329792895159e-07
48 54 5.884931836811742e-07
54 54 6.29757078977831e-06
57 54 -4.956381704125257e-07
60 54 -1.392610215053571e-07
63 54 -1.923645802511401e-06
66 54 6.437847814991173e-07
69 54 -5.569542576784179e-07
72 54 -5.844250735308547e-07
75 54 -1.498441728265939e-07
147 54 -1.684192616881082e-06
156 54 -8.509537967432701e-06
165 54 -1.302983247789363e-05
174 54 -1.813091042773471e-06
297 54 6.722960179312314e-09
300 54 -7.464606623696043e-10
303 54 8.335760957883649e-08
306 54 -3.879829332715937e-10
309 54 -2.406983312083965e-09
312 54 -3.716560257865427e-08
321 54 -1.418823096819599e-09
381 54 -6.842804546674413e-06
387 54 -2.516758910241759e-08
390 54 -6.40090522334784e-07
402 54 -1.486759976775374e-07
405 54 -7.521082730049705e-07
411 54 -1.757833461027957e-07
414 54 -4.06401463692486e-06
4 55 -1.151013766130945e-07
46 55 -4.942800438170916e-07
52 55 -4.956381704125257e-07
55 55 4.575866818386416e-07
58 55 1.040003300396867e-07
61 55 1.046074325840989e-07
145 55 1.600104319883503e-06
154 55 1.610843102158685e-06
295 55 -7.850416222383729e-10
298 55 2.445252191032098e-10
307 55 2.499822633534878e-10
379 55 5.014690878065136e-07
385 55 2.818479350112747e-09
388 55  4.9612302663473e-07
5 56 -1.151013766130945e-07
47 56 -4.942800438170916e-07
53 56 -4.956381704125257e-07
56 56 4.575866818386416e-07
59 56 1.040003300396867e-07
62 56 1.046074325840989e-07
146 56 1.600104319883503e-06
155 56 1.610843102158685e-06
296 56 -7.850416222383729e-10
299 56 2.445252191032098e-10
308 56 2.499822633534878e-10
380 56 5.014690878065136e-07
386 56 2.818479350112747e-09
389 56  4.9612302663473e-07
6 57 -1.151013766130945e-07
48 57 -4.942800438170916e-07
54 57 -4.956381704125257e-07
57 57 4.575866818386416e-07
60 57 1.040003300396867e-07
63 57 1.046074325840989e-07
147 57 1.600104319883503e-06
156 57 1.610843102158685e-06
297 57 -7.850416222383729e-10
300 57 2.445252191032098e-10
309 57 2.499822633534878e-10
381 57 5.014690878065136e-07
387 57 2.818479350112747e-09
390 57  4.9612302663473e-07
1 58 -2.461046459659004e-07
4 58 -5.531997847108343e-07
7 58 3.277934296532498e-07
46 58 -5.560638037921511e-07
49 58 2.219302634685583e-07
52 58 -1.392610215053571e-07
55 58 1.040003300396867e-07
58 58 7.493734485183556e-07
61 58 1.529267223686237e-07
145 58 1.912119850216024e-06
154 58 4.047244661972163e-07
2 59 -2.461046459659004e-07
5 59 -5.531997847108343e-07
8 59 3.277934296532498e-07
47 59 -5.560638037921511e-07
50 59 2.219302634685583e-07
53 59 -1.392610215053571e-07
56 59 1.040003300396867e-07
59 59 7.493734485183556e-07
62 59 1.529267223686237e-07
146 59 1.912119850216024e-06
155 59 4.047244661972163e-07
3 60 -2.461046459659004e-07
6 60 -5.531997847108343e-07
9 60 3.277934296532498e-07
48 60 -5.560638037921511e-07
51 60 2.219302634685583e-07
54 60 -1.392610215053571e-07
57 60 1.040003300396867e-07
60 60 7.493734485183556e-07
63 60 1.529267223686237e-07
147 60 1.912119850216024e-06
156 60 4.047244661972163e-07
4 61 -1.761405141342254e-06
10 61 -2.54360250100644e-07
13 61 3.385819564269639e-07
46 61 -1.39564572777563e-07
52 61 -1.923645802511401e-06
55 61 1.046074325840989e-07
58 61 1.529267223686237e-07
61 61 3.043929767266182e-06
70 61 2.337455165822368e-07
145 61 4.047244661972162e-07
154 61 3.623421674252927e-06
163 61 3.979091364046791e-06
5 62 -1.761405141342254e-06
11 62 -2.54360250100644e-07
14 62 3.385819564269639e-07
47 62 -1.39564572777563e-07
53 62 -1.923645802511401e-06
56 62 1.046074325840989e-07
59 62 1.529267223686237e-07
62 62 3.043929767266182e-06
71 62 2.337455165822368e-07
146 62 4.047244661972162e-07
155 62 3.623421674252927e-06
164 62 3.979091364046791e-06
6 63 -1.761405141342254e-06
12 63 -2.54360250100644e-07
15 63 3.385819564269639e-07
48 63 -1.39564572777563e-07
54 63 -1.923645802511401e-06
57 63 1.046074325840989e-07
60 63 1.529267223686237e-07
63 63 3.043929767266182e-06
72 63 2.337455165822368e-07
147 63 4.047244661972162e-07
156 63 3.623421674252927e-06
165 63 3.979091364046791e-06
10 64 1.458011655773505e-06
16 64 5.537775380911299e-07
19 64 -3.206334084402737e-07
52 64 6.437847814991173e-07
64 64 6.674238675866909e-06
67 64 -5.59215140774085e-07
70 64 -1.493215666799201e-07
73 64 -2.012033133192893e-06
76 64 7.313018367237052e-07
79 64 -6.62538347500209e-07
82 64 -6.288222793442217e-07
85 64 -1.661334399194949e-07
163 64 -1.803660416643853e-06
172 64 -8.784877536258787e-06
181 64 -1.357727902346647e-05
301 64 1.140954604538995e-08
310 64 -1.40988556158459e-09
313 64 1.309043937446867e-07
316 64 -7.798550017018211e-10
319 64 -4.602281819584645e-09
322 64 -6.659747697874284e-08
331 64 -3.166991887946582e-09
403 64 -7.557459583329778e-06
409 64 -4.23983294582542e-08
412 64 -7.469320740603335e-07
424 64 -2.289651342798037e-07
427 64 -9.339756039209912e-07
433 64 -2.80252645428967e-07
436 64 -4.74299780940087e-06
11 65 1.458011655773505e-06
17 65 5.537775380911299e-07
20 65 -3.206334084402737e-07
53 65 6.437847814991173e-07
65 65 6.674238675866909e-06
68 65 -5.59215140774085e-07
71 65 -1.493215666799201e-07
74 65 -2.012033133192893e-06
77 65 7.313018367237052e-07
80 65 -6.62538347500209e-07
83 65 -6.288222793442217e-07
86 65 -1.661334399194949e-07
164 65 -1.803660416643853e-06
173 65 -8.784877536258787e-06
182 65 -1.357727902346647e-05
302 65 1.140954604538995e-08
311 65 -1.40988556158459e-09
314 65 1.309043937446867e-07
317 65 -7.798550017018211e-10
320 65 -4.602281819584645e-09
323 65 -6.659747697874284e-08
332 65 -3.166991887946582e-09
404 65 -7.557459583329778e-06
410 65 -4.23983294582542e-08
413 65 -7.469320740603335e-07
425 65 -2.289651342798037e-07
428 65 -9.339756039209912e-07
434 65 -2.80252645428967e-07
437 65 -4.74299780940087e-06
12 66 1.458011655773505e-06
18 66 5.537775380911299e-07
21 66 -3.206334084402737e-07
54 66 6.437847814991173e-07
66 66 6.674238675866909e-06
69 66 -5.59215140774085e-07
72 66 -1.493215666799201e-07
75 66 -2.012033133192893e-06
78 66 7.313018367237052e-07
81 66 -6.62538347500209e-07
84 66 -6.288222793442217e-07
87 66 -1.661334399194949e-07
165 66 -1.803660416643853e-06
174 66 -8.784877536258787e-06
183 66 -1.357727902346647e-05
303 66 1.140954604538995e-08
312 66 -1.40988556158459e-09
315 66 1.309043937446867e-07
318 66 -7.798550017018211e-10
321 66 -4.602281819584645e-09
324 66 -6.659747697874284e-08
333 66 -3.166991887946582e-09
405 66 -7.557459583329778e-06
411 66 -4.23983294582542e-08
414 66 -7.469320740603335e-07
426 66 -2.289651342798037e-07
429 66 -9.339756039209912e-07
435 66 -2.80252645428967e-07
438 66 -4.74299780940087e-06
10 67 -1.243247146292057e-07
52 67 -5.569542576784179e-07
64 67 -5.59215140774085e-07
67 67 5.344502461872121e-07
70 67 1.143627017055927e-07
73 67 1.154079139989404e-07
163 67  1.7671462333829e-06
172 67 1.786007485642125e-06
301 67 -1.491126682229588e-09
310 67 5.197114134999519e-10
319 67 5.375864839699655e-10
403 67 6.130321821907299e-07
409 67  5.2823130741284e-09
412 67 6.026797843014556e-07
11 68 -1.243247146292057e-07
53 68 -5.569542576784179e-07
65 68 -5.59215140774085e-07
68 68 5.344502461872121e-07
71 68 1.143627017055927e-07
74 68 1.154079139989404e-07
164 68  1.7671462333829e-06
173 68 1.786007485642125e-06
302 68 -1.491126682229588e-09
311 68 5.197114134999519e-10
320 68 5.375864839699655e-10
404 68 6.130321821907299e-07
410 68  5.2823130741284e-09
413 68 6.026797843014556e-07
12 69 -1.243247146292057e-07
54 69 -5.569542576784179e-07
66 69 -5.59215140774085e-07
69 69 5.344502461872121e-07
72 69 1.143627017055927e-07
75 69 1.154079139989404e-07
165 69  1.7671462333829e-06
174 69 1.786007485642125e-06
303 69 -1.491126682229588e-09
312 69 5.197114134999519e-10
321 69 5.375864839699655e-10
405 69 6.130321821907299e-07
411 69  5.2823130741284e-09
414 69 6.026797843014556e-07
4 70 -2.549115729727955e-07
10 70 -5.782254573029533e-07
13 70 3.396846021712668e-07
52 70 -5.844250735308547e-07
61 70 2.337455165822368e-07
64 70 -1.493215666799201e-07
67 70 1.143627017055927e-07
70 70 7.980192701954607e-07
73 70 1.654016181003686e-07
163 70 2.017387329100201e-06
172 70 4.329298609126592e-07
5 71 -2.549115729727955e-07
11 71 -5.782254573029533e-07
14 71 3.396846021712668e-07
53 71 -5.844250735308547e-07
62 71 2.337455165822368e-07
65 71 -1.493215666799201e-07
68 71 1.143627017055927e-07
71 71 7.980192701954607e-07
74 71 1.654016181003686e-07
164 71 2.017387329100201e-06
173 71 4.329298609126592e-07
6 72 -2.549115729727955e-07
12 72 -5.782254573029533e-07
15 72 3.396846021712668e-07
54 72 -5.844250735308547e-07
63 72 2.337455165822368e-07
66 72 -1.493215666799201e-07
69 72 1.143627017055927e-07
72 72 7.980192701954607e-07
75 72 1.654016181003686e-07
165 72 2.017387329100201e-06
174 72 4.329298609126592e-07
10 73 -1.838026892057434e-06
16 73 -2.678648883766065e-07
19 73 3.565749814590973e-07
52 73 -1.498441728265939e-07
64 73 -2.012033133192893e-06
67 73 1.154079139989404e-07
70 73 1.654016181003686e-07
73 73 3.24429170780408e-06
82 73 2.527570064184945e-07
163 73 4.329298609126592e-07
172 73 3.817273124747248e-06
181 73 4.200353373555636e-06
11 74 -1.838026892057434e-06
17 74 -2.678648883766065e-07
20 74 3.565749814590973e-07
53 74 -1.498441728265939e-07
65 74 -2.012033133192893e-06
68 74 1.154079139989404e-07
71 74 1.654016181003686e-07
74 74 3.24429170780408e-06
83 74 2.527570064184945e-07
164 74 4.329298609126592e-07
173 74 3.817273124747248e-06
182 74 4.200353373555636e-06
12 75 -1.838026892057434e-06
18 75 -2.678648883766065e-07
21 75 3.565749814590973e-07
54 75 -1.498441728265939e-07
66 75 -2.012033133192893e-06
69 75 1.154079139989404e-07
72 75 1.654016181003686e-07
75 75 3.24429170780408e-06
84 75 2.527570064184945e-07
165 75 4.329298609126592e-07
174 75 3.817273124747248e-06
183 75 4.200353373555636e-06
16 76 1.51310365576921e-06
22 76 5.919501309904961e-07
25 76 -3.394540078537385e-07
64 76 7.313018367237052e-07
76 76 7.186568950302774e-06
79 76 -6.658381568378898e-07
82 76 -1.652869750184005e-07
85 76 -2.139621066097863e-06
88 76 8.601567402004508e-07
91 76 -8.32527781256034e-07
94 76 -6.933666239368749e-07
97 76 -1.90622609203215e-07
181 76 -1.987704121364157e-06
313 76 2.204901206380837e-08
322 76 -3.135613665402651e-09
325 76 2.198262612232193e-07
328 76 -1.876728544114122e-09
331 76 -1.033702967992216e-08
334 76 -1.310014818745048e-07
343 76 -7.814572211769807e-09
427 76 -8.559730439907484e-06
433 76 -8.111500866673574e-08
436 76 -9.243616211033152e-07
448 76 -3.805330694961283e-07
451 76 -1.219278757324135e-06
457 76 -4.752083708960638e-07
460 76 -5.688516029600921e-06
17 77 1.51310365576921e-06
23 77 5.919501309904961e-07
26 77 -3.394540078537385e-07
65 77 7.313018367237052e-07
77 77 7.186568950302774e-06
80 77 -6.658381568378898e-07
83 77 -1.652869750184005e-07
86 77 -2.139621066097863e-06
89 77 8.601567402004508e-07
92 77 -8.32527781256034e-07
95 77 -6.933666239368749e-07
98 77 -1.90622609203215e-07
182 77 -1.987704121364157e-06
314 77 2.204901206380837e-08
323 77 -3.135613665402651e-09
326 77 2.198262612232193e-07
329 77 -1.876728544114122e-09
332 77 -1.033702967992216e-08
335 77 -1.310014818745048e-07
344 77 -7.814572211769807e-09
428 77 -8.559730439907484e-06
434 77 -8.111500866673574e-08
437 77 -9.243616211033152e-07
449 77 -3.805330694961283e-07
452 77 -1.219278757324135e-06
458 77 -4.752083708960638e-07
461 77 -5.688516029600921e-06
18 78 1.51310365576921e-06
24 78 5.919501309904961e-07
27 78 -3.394540078537385e-07
66 78 7.313018367237052e-07
78 78 7.186568950302774e-06
81 78 -6.658381568378897e-07
84 78 -1.652869750184005e-07
87 78 -2.139621066097863e-06
90 78 8.601567402004508e-07
93 78 -8.32527781256034e-07
96 78 -6.933666239368749e-07
99 78 -1.90622609203215e-07
183 78 -1.987704121364157e-06
315 78 2.204901206380837e-08
324 78 -3.135613665402651e-09
327 78 2.198262612232193e-07
330 78 -1.876728544114122e-09
333 78 -1.033702967992216e-08
336 78 -1.310014818745048e-07
345 78 -7.814572211769807e-09
429 78 -8.559730439907484e-06
435 78 -8.111500866673574e-08
438 78 -9.243616211033152e-07
450 78 -3.805330694961283e-07
453 78 -1.219278757324135e-06
459 78 -4.752083708960638e-07
462 78 -5.688516029600921e-06
16 79 -1.391526640227106e-07
64 79 -6.62538347500209e-07
76 79 -6.658381568378898e-07
79 79 6.717838478090312e-07
82 79 1.314572765089268e-07
85 79 1.33150206311115e-07
181 79 2.040090378411901e-06
313 79 -3.340388654775538e-09
322 79 1.346686991688241e-09
331 79 1.409443436776097e-09
427 79 8.136486009119364e-07
433 79 1.160531764866814e-08
436 79 7.944206352765849e-07
17 80 -1.391526640227106e-07
65 80 -6.62538347500209e-07
77 80 -6.658381568378898e-07
80 80 6.717838478090312e-07
83 80 1.314572765089268e-07
86 80 1.33150206311115e-07
182 80 2.040090378411901e-06
314 80 -3.340388654775538e-09
323 80 1.346686991688241e-09
332 80 1.409443436776097e-09
428 80 8.136486009119364e-07
434 80 1.160531764866814e-08
437 80 7.944206352765849e-07
18 81 -1.391526640227106e-07
66 81 -6.62538347500209e-07
78 81 -6.658381568378898e-07
81 81 6.717838478090312e-07
84 81 1.314572765089268e-07
87 81 1.33150206311115e-07
183 81 2.040090378411901e-06
315 81 -3.340388654775538e-09
324 81 1.346686991688241e-09
333 81 1.409443436776097e-09
429 81 8.136486009119364e-07
435 81 1.160531764866814e-08
438 81 7.944206352765849e-07
10 82 -2.68724420919972e-07
16 82 -6.175015437971626e-07
19 82 3.582940465458289e-07
64 82 -6.288222793442217e-07
73 82 2.527570064184945e-07
76 82 -1.652869750184005e-07
79 82 1.314572765089268e-07
82 82 8.759958687873375e-07
85 82 1.854188283024953e-07
181 82 2.18406323430956e-06
11 83 -2.68724420919972e-07
17 83 -6.175015437971626e-07
20 83 3.582940465458289e-07
65 83 -6.288222793442217e-07
74 83 2.527570064184945e-07
77 83 -1.652869750184005e-07
80 83 1.314572765089268e-07
83 83 8.759958687873375e-07
86 83 1.854188283024953e-07
182 83 2.18406323430956e-06
12 84 -2.68724420919972e-07
18 84 -6.175015437971626e-07
21 84 3.582940465458289e-07
66 84 -6.288222793442217e-07
75 84 2.527570064184945e-07
78 84 -1.652869750184005e-07
81 84 1.314572765089268e-07
84 84 8.759958687873375e-07
87 84 1.854188283024953e-07
183 84 2.18406323430956e-06
16 85 -1.950674623064514e-06
22 85 -2.874277670661489e-07
25 85 3.826698539787366e-07
64 85 -1.661334399194949e-07
76 85 -2.139621066097863e-06
79 85 1.33150206311115e-07
82 85 1.854188283024953e-07
85 85 3.54659763518262e-06
94 85 2.81115278215171e-07
181 85 4.774220015732957e-07
17 86 -1.950674623064514e-06
23 86 -2.874277670661489e-07
26 86 3.826698539787366e-07
65 86 -1.661334399194949e-07
77 86 -2.139621066097863e-06
80 86 1.33150206311115e-07
83 86 1.854188283024953e-07
86 86 3.54659763518262e-06
95 86 2.81115278215171e-07
182 86 4.774220015732957e-07
18 87 -1.950674623064514e-06
24 87 -2.874277670661489e-07
27 87 3.826698539787366e-07
66 87 -1.661334399194949e-07
78 87 -2.139621066097863e-06
81 87 1.33150206311115e-07
84 87 1.854188283024953e-07
87 87 3.54659763518262e-06
96 87 2.81115278215171e-07
183 87 4.774220015732957e-07
22 88 1.585470253839655e-06
28 88 6.440140023263197e-07
31 88 -3.650040911514541e-07
76 88 8.601567402004508e-07
88 88 7.83694284402476e-06
91 88 -8.366515173165226e-07
94 88 -1.8925200262368e-07
97 88 -2.312930008406855e-06
112 88 1.041142627015553e-06
115 88 -1.102557948956993e-06
118 88 -7.844888912220583e-07
121 88 -2.270498084632312e-07
325 88 4.588170327053761e-08
334 88 -7.698021914213475e-09
337 88 3.781334076707317e-07
340 88 -5.075395510265112e-09
343 88 -2.554716566625439e-08
346 88 -2.690166851303343e-07
451 88 -9.833641962039327e-06
457 88 -1.66704459337946e-07
460 88 -1.201320151515469e-06
472 88 -2.02764530164568e-08
475 88 -6.543205572316716e-07
478 88 -1.650632244779698e-06
484 88 -8.233066479464992e-07
487 88 -6.893191381155804e-06
23 89 1.585470253839655e-06
29 89 6.440140023263197e-07
32 89 -3.650040911514541e-07
77 89 8.601567402004508e-07
89 89 7.83694284402476e-06
92 89 -8.366515173165226e-07
95 89 -1.8925200262368e-07
98 89 -2.312930008406855e-06
113 89 1.041142627015553e-06
116 89 -1.102557948956993e-06
119 89 -7.844888912220583e-07
122 89 -2.270498084632312e-07
326 89 4.588170327053761e-08
335 89 -7.698021914213475e-09
338 89 3.781334076707317e-07
341 89 -5.075395510265112e-09
344 89 -2.554716566625439e-08
347 89 -2.690166851303343e-07
452 89 -9.833641962039327e-06
458 89 -1.66704459337946e-07
461 89 -1.201320151515469e-06
473 89 -2.02764530164568e-08
476 89 -6.543205572316716e-07
479 89 -1.650632244779698e-06
485 89 -8.233066479464992e-07
488 89 -6.893191381155804e-06
24 90 1.585470253839655e-06
30 90 6.440140023263197e-07
33 90 -3.650040911514541e-07
78 90 8.601567402004508e-07
90 90 7.83694284402476e-06
93 90 -8.366515173165226e-07
96 90 -1.8925200262368e-07
99 90 -2.312930008406855e-06
114 90 1.041142627015553e-06
117 90 -1.102557948956993e-06
120 90 -7.844888912220583e-07
123 90 -2.270498084632312e-07
327 90 4.588170327053761e-08
336 90 -7.698021914213475e-09
339 90 3.781334076707317e-07
342 90 -5.075395510265112e-09
345 90 -2.554716566625439e-08
348 90 -2.690166851303343e-07
453 90 -9.833641962039327e-06
459 90 -1.66704459337946e-07
462 90 -1.201320151515469e-06
474 90 -2.02764530164568e-08
477 90 -6.543205572316716e-07
480 90 -1.650632244779698e-06
486 90 -8.233066479464992e-07
489 90 -6.893191381155804e-06
22 91 -1.618353409536362e-07
76 91 -8.32527781256034e-07
88 91 -8.366515173165226e-07
91 91 9.134690985164712e-07
94 91 1.584834871217965e-07
97 91 1.612247002808672e-07
325 91 -8.269624349300922e-09
334 91 3.948907177668457e-09
343 91 4.18200777278112e-09
451 91 1.164514834588763e-06
457 91 2.798638534936031e-08
460 91 1.128597622971435e-06
23 92 -1.618353409536362e-07
77 92 -8.32527781256034e-07
89 92 -8.366515173165226e-07
92 92 9.134690985164712e-07
95 92 1.584834871217965e-07
98 92 1.612247002808672e-07
326 92 -8.269624349300922e-09
335 92 3.948907177668457e-09
344 92 4.18200777278112e-09
452 92 1.164514834588763e-06
458 92 2.798638534936031e-08
461 92 1.128597622971435e-06
24 93 -1.618353409536362e-07
78 93 -8.32527781256034e-07
90 93 -8.366515173165226e-07
93 93 9.134690985164712e-07
96 93 1.584834871217965e-07
99 93 1.612247002808672e-07
327 93 -8.269624349300922e-09
336 93 3.948907177668457e-09
345 93 4.18200777278112e-09
453 93 1.164514834588763e-06
459 93 2.798638534936031e-08
462 93 1.128597622971435e-06
16 94 -2.886767199719551e-07
22 94 -6.749519537020426e-07
25 94 3.851677597903496e-07
76 94 -6.933666239368749e-07
85 94 2.81115278215171e-07
88 94 -1.8925200262368e-07
91 94 1.584834871217965e-07
94 94 9.936190609938466e-07
97 94 2.16058023620956e-07
17 95 -2.886767199719551e-07
23 95 -6.749519537020426e-07
26 95 3.851677597903496e-07
77 95 -6.933666239368749e-07
86 95 2.81115278215171e-07
89 95 -1.8925200262368e-07
92 95 1.584834871217965e-07
95 95 9.936190609938466e-07
98 95 2.16058023620956e-07
18 96 -2.886767199719551e-07
24 96 -6.749519537020426e-07
27 96 3.851677597903496e-07
78 96 -6.933666239368749e-07
87 96 2.81115278215171e-07
90 96 -1.8925200262368e-07
93 96 1.584834871217965e-07
96 96 9.936190609938466e-07
99 96 2.16058023620956e-07
22 97 -2.108260283157988e-06
28 97 -3.148248975265572e-07
31 97 4.192666193515481e-07
76 97 -1.90622609203215e-07
88 97 -2.312930008406855e-06
91 97 1.612247002808672e-07
94 97 2.16058023620956e-07
97 97 3.984491276150098e-06
118 97 3.224436787177393e-07
23 98 -2.108260283157988e-06
29 98 -3.148248975265572e-07
32 98 4.192666193515481e-07
77 98 -1.90622609203215e-07
89 98 -2.312930008406855e-06
92 98 1.612247002808672e-07
95 98 2.16058023620956e-07
98 98 3.984491276150098e-06
119 98 3.224436787177393e-07
24 99 -2.108260283157988e-06
30 99 -3.148248975265572e-07
33 99 4.192666193515481e-07
78 99 -1.90622609203215e-07
90 99 -2.312930008406855e-06
93 99 1.612247002808672e-07
96 99 2.16058023620956e-07
99 99 3.984491276150098e-06
120 99 3.224436787177393e-07
1 100 -1.102293192395467e-07
46 100 -4.629890104688854e-07
49 100 9.892859210752934e-08
100 100 4.197755541928303e-07
103 100 -4.623925226724514e-07
106 100 9.86534276052026e-08
130 100 1.514223636304201e-06
136 100 1.518762135073939e-06
352 100 -5.226879592707148e-10
355 100 1.53601735617437e-10
358 100 1.520377489260351e-10
361 100 4.464423670504841e-07
367 100 1.891104257646416e-09
370 100 4.442898509781464e-07
2 101 -1.102293192395467e-07
47 101 -4.629890104688854e-07
50 101 9.892859210752934e-08
101 101 4.197755541928303e-07
104 101 -4.623925226724514e-07
107 101 9.86534276052026e-08
131 101 1.514223636304201e-06
137 101 1.518762135073939e-06
353 101 -5.226879592707148e-10
356 101 1.53601735617437e-10
359 101 1.520377489260351e-10
362 101 4.464423670504841e-07
368 101 1.891104257646416e-09
371 101 4.442898509781464e-07
3 102 -1.102293192395467e-07
48 102 -4.629890104688854e-07
51 102 9.892859210752934e-08
102 102 4.197755541928303e-07
105 102 -4.623925226724514e-07
108 102 9.86534276052026e-08
132 102 1.514223636304201e-06
138 102 1.518762135073939e-06
354 102 -5.226879592707148e-10
357 102 1.53601735617437e-10
360 102 1.520377489260351e-10
363 102 4.464423670504841e-07
369 102 1.891104257646416e-09
372 102 4.442898509781464e-07
1 103 4.999774837755089e-07
40 103 -2.943849228654474e-07
43 103 1.184451215947269e-06
46 103 5.591063611751997e-07
49 103 -1.340423185356451e-07
100 103 -4.623925226724514e-07
103 103 5.189096170856872e-06
106 103 -5.412655834287144e-07
109 103 -1.631182487325253e-06
130 103 -1.245695884580907e-05
136 103 -1.622444333832535e-06
286 103 -5.822638792709805e-06
352 103 4.834270630536093e-08
355 103 -4.996650373612121e-10
358 103 -1.878250062781306e-08
361 103 -5.862009421377089e-07
367 103 -1.004047205554524e-07
370 103 -3.408800080182644e-06
502 103 -8.821301954749438e-08
505 103 -5.289003104992965e-06
2 104 4.999774837755089e-07
41 104 -2.943849228654474e-07
44 104 1.184451215947269e-06
47 104 5.591063611751997e-07
50 104 -1.340423185356451e-07
101 104 -4.623925226724514e-07
104 104 5.189096170856872e-06
107 104 -5.412655834287144e-07
110 104 -1.631182487325253e-06
