%%MatrixMarket matrix coordinate real general
1521 1521 51547
1 1 3.491545923200668e-05
4 1 2.228160886644564e-06
7 1 -7.028390952232157e-06
34 1 -7.023472250851265e-06
37 1 2.227206389513745e-06
40 1 6.564140436006281e-06
43 1 -2.136307931921669e-05
52 1 -8.779260329427862e-06
82 1 -8.576732613807151e-06
85 1 4.579826656327722e-06
88 1 -1.381058808528946e-05
91 1 -8.768864974560381e-06
2 2 3.491545923200668e-05
5 2 2.228160886644564e-06
8 2 -7.028390952232157e-06
35 2 -7.023472250851265e-06
38 2 2.227206389513745e-06
41 2 6.564140436006281e-06
44 2 -2.136307931921669e-05
53 2 -8.779260329427862e-06
83 2 -8.576732613807151e-06
86 2 4.579826656327722e-06
89 2 -1.381058808528946e-05
92 2 -8.768864974560381e-06
3 3 3.491545923200668e-05
6 3 2.228160886644564e-06
9 3 -7.028390952232157e-06
36 3 -7.023472250851265e-06
39 3 2.227206389513745e-06
42 3 6.564140436006281e-06
45 3 -2.136307931921669e-05
54 3 -8.779260329427862e-06
84 3 -8.576732613807151e-06
87 3 4.579826656327722e-06
90 3 -1.381058808528946e-05
93 3 -8.768864974560381e-06
1 4 2.228160886644564e-06
4 4 3.494582394333582e-05
7 4 -7.026466058587347e-06
10 4 2.230553624363761e-06
13 4 -7.037591746245184e-06
40 4 4.577875876080903e-06
43 4 -8.777172012126088e-06
46 4 6.554533724206472e-06
49 4 -8.601314681447591e-06
52 4 -1.38287719860503e-05
55 4 -2.139633638581864e-05
64 4 -8.800865336929954e-06
2 5 2.228160886644564e-06
5 5 3.494582394333582e-05
8 5 -7.026466058587347e-06
11 5 2.230553624363761e-06
14 5 -7.037591746245184e-06
41 5 4.577875876080903e-06
44 5 -8.777172012126088e-06
47 5 6.554533724206472e-06
50 5 -8.601314681447591e-06
53 5 -1.38287719860503e-05
56 5 -2.139633638581864e-05
65 5 -8.800865336929954e-06
3 6 2.228160886644564e-06
6 6 3.494582394333582e-05
9 6 -7.026466058587347e-06
12 6 2.230553624363761e-06
15 6 -7.037591746245184e-06
42 6 4.577875876080903e-06
45 6 -8.777172012126088e-06
48 6 6.554533724206472e-06
51 6 -8.601314681447591e-06
54 6 -1.38287719860503e-05
57 6 -2.139633638581864e-05
66 6 -8.800865336929954e-06
1 7 -7.028390952232157e-06
4 7 -7.026466058587347e-06
7 7 4.291269517361909e-05
40 7 -8.896651979834767e-06
43 7 2.121169247893504e-05
52 7 2.121586911353856e-05
2 8 -7.028390952232157e-06
5 8 -7.026466058587347e-06
8 8 4.291269517361909e-05
41 8 -8.896651979834767e-06
44 8 2.121169247893504e-05
53 8 2.121586911353856e-05
3 9 -7.028390952232157e-06
6 9 -7.026466058587347e-06
9 9 4.291269517361909e-05
42 9 -8.896651979834767e-06
45 9 2.121169247893504e-05
54 9 2.121586911353856e-05
4 10 2.230553624363761e-06
10 10 3.499943792269409e-05
13 10 -7.034118274247363e-06
16 10 2.234391169945764e-06
19 10 -7.051490928759187e-06
46 10 4.572098782824915e-06
55 10 -8.797093146266224e-06
58 10 6.539202341990039e-06
61 10 -8.648189968188172e-06
64 10 -1.386924470229838e-05
67 10 -2.145273039840848e-05
76 10 -8.834212034417578e-06
5 11 2.230553624363761e-06
11 11 3.499943792269409e-05
14 11 -7.034118274247363e-06
17 11 2.234391169945764e-06
20 11 -7.051490928759187e-06
47 11 4.572098782824915e-06
56 11 -8.797093146266224e-06
59 11 6.539202341990039e-06
62 11 -8.648189968188172e-06
65 11 -1.386924470229838e-05
68 11 -2.145273039840848e-05
77 11 -8.834212034417578e-06
6 12 2.230553624363761e-06
12 12 3.499943792269409e-05
15 12 -7.034118274247363e-06
18 12 2.234391169945764e-06
21 12 -7.051490928759187e-06
48 12 4.572098782824915e-06
57 12 -8.797093146266224e-06
60 12 6.539202341990039e-06
63 12 -8.648189968188172e-06
66 12 -1.386924470229838e-05
69 12 -2.145273039840848e-05
78 12 -8.834212034417578e-06
4 13 -7.037591746245184e-06
10 13 -7.034118274247363e-06
13 13 4.296748946293246e-05
46 13 -8.90633187937436e-06
55 13 2.126214684234282e-05
64 13 2.126969122367026e-05
5 14 -7.037591746245184e-06
11 14 -7.034118274247363e-06
14 14 4.296748946293246e-05
47 14 -8.90633187937436e-06
56 14 2.126214684234282e-05
65 14 2.126969122367026e-05
6 15 -7.037591746245184e-06
12 15 -7.034118274247363e-06
15 15 4.296748946293246e-05
48 15 -8.90633187937436e-06
57 15 2.126214684234282e-05
66 15 2.126969122367026e-05
10 16 2.234391169945764e-06
16 16 3.50764895902113e-05
19 16 -7.046454160156347e-06
22 16 2.239685116820637e-06
25 16 -7.070138084399088e-06
58 16 4.562328026802132e-06
67 16 -8.828733272882322e-06
70 16 6.517965096187469e-06
73 16 -8.71778394869507e-06
76 16 -1.39322519918629e-05
79 16 -2.153247973670506e-05
100 16 -8.879484118107979e-06
11 17 2.234391169945764e-06
17 17 3.50764895902113e-05
20 17 -7.046454160156347e-06
23 17 2.239685116820637e-06
26 17 -7.070138084399088e-06
59 17 4.562328026802132e-06
68 17 -8.828733272882322e-06
71 17 6.517965096187469e-06
74 17 -8.71778394869507e-06
77 17 -1.39322519918629e-05
80 17 -2.153247973670506e-05
101 17 -8.879484118107979e-06
12 18 2.234391169945764e-06
18 18 3.50764895902113e-05
21 18 -7.046454160156347e-06
24 18 2.239685116820637e-06
27 18 -7.070138084399088e-06
60 18 4.562328026802132e-06
69 18 -8.828733272882322e-06
72 18 6.517965096187469e-06
75 18 -8.71778394869507e-06
78 18 -1.39322519918629e-05
81 18 -2.153247973670506e-05
102 18 -8.879484118107979e-06
10 19 -7.051490928759187e-06
16 19 -7.046454160156347e-06
19 19 4.305143979122895e-05
58 19 -8.920958154132446e-06
67 19 2.134123329077667e-05
76 19 2.13521908138472e-05
11 20 -7.051490928759187e-06
17 20 -7.046454160156347e-06
20 20 4.305143979122895e-05
59 20 -8.920958154132446e-06
68 20 2.134123329077667e-05
77 20 2.13521908138472e-05
12 21 -7.051490928759187e-06
18 21 -7.046454160156347e-06
21 21 4.305143979122895e-05
60 21 -8.920958154132446e-06
69 21 2.134123329077667e-05
78 21 2.13521908138472e-05
16 22 2.239685116820637e-06
22 22 3.517725814714721e-05
25 22 -7.063517275048488e-06
28 22 2.24645278197965e-06
31 22 -7.093602227391083e-06
70 22 4.548291807725259e-06
79 22 -8.872265877360605e-06
94 22 6.490567598058383e-06
97 22 -8.81074098339612e-06
100 22 -1.401819158944727e-05
103 22 -2.163590786555891e-05
190 22 -8.936937203223006e-06
17 23 2.239685116820637e-06
23 23 3.517725814714721e-05
26 23 -7.063517275048488e-06
29 23 2.24645278197965e-06
32 23 -7.093602227391083e-06
71 23 4.548291807725259e-06
80 23 -8.872265877360605e-06
95 23 6.490567598058383e-06
98 23 -8.81074098339612e-06
101 23 -1.401819158944727e-05
104 23 -2.163590786555891e-05
191 23 -8.936937203223006e-06
18 24 2.239685116820637e-06
24 24 3.517725814714721e-05
27 24 -7.063517275048488e-06
30 24 2.24645278197965e-06
33 24 -7.093602227391083e-06
72 24 4.548291807725259e-06
81 24 -8.872265877360605e-06
96 24 6.490567598058383e-06
99 24 -8.81074098339612e-06
102 24 -1.401819158944727e-05
105 24 -2.163590786555891e-05
192 24 -8.936937203223006e-06
16 25 -7.070138084399088e-06
22 25 -7.063517275048488e-06
25 25 4.316487068526611e-05
70 25 -8.940502628898191e-06
79 25 2.144940153609512e-05
100 25 2.146383801758979e-05
17 26 -7.070138084399088e-06
23 26 -7.063517275048488e-06
26 26 4.316487068526611e-05
71 26 -8.940502628898191e-06
80 26 2.144940153609512e-05
101 26 2.146383801758979e-05
18 27 -7.070138084399088e-06
24 27 -7.063517275048488e-06
27 27 4.316487068526611e-05
72 27 -8.940502628898191e-06
81 27 2.144940153609512e-05
102 27 2.146383801758979e-05
22 28 2.24645278197965e-06
28 28 1.646851438858795e-05
31 28 -7.085369275323849e-06
94 28 4.529607151769403e-06
103 28 -8.927935280913439e-06
190 28 -1.412761837014871e-05
211 28 2.24645278197965e-06
214 28 -8.927935280913439e-06
217 28 -7.085369275323849e-06
23 29 2.24645278197965e-06
29 29 1.646851438858795e-05
32 29 -7.085369275323849e-06
95 29 4.529607151769403e-06
104 29 -8.927935280913439e-06
191 29 -1.412761837014871e-05
212 29 2.24645278197965e-06
215 29 -8.927935280913439e-06
218 29 -7.085369275323849e-06
24 30 2.24645278197965e-06
30 30 1.646851438858795e-05
33 30 -7.085369275323849e-06
96 30 4.529607151769403e-06
105 30 -8.927935280913439e-06
192 30 -1.412761837014871e-05
213 30 2.24645278197965e-06
216 30 -8.927935280913439e-06
219 30 -7.085369275323849e-06
22 31 -7.093602227391083e-06
28 31 -7.085369275323849e-06
31 31 4.330821990396279e-05
94 31 -8.964922290315907e-06
103 31 2.158727639498828e-05
190 31 2.160528023960743e-05
23 32 -7.093602227391083e-06
29 32 -7.085369275323849e-06
32 32 4.330821990396279e-05
95 32 -8.964922290315907e-06
104 32 2.158727639498828e-05
191 32 2.160528023960743e-05
24 33 -7.093602227391083e-06
30 33 -7.085369275323849e-06
33 33 4.330821990396279e-05
96 33 -8.964922290315907e-06
105 33 2.158727639498828e-05
192 33 2.160528023960743e-05
1 34 -7.023472250851265e-06
34 34 4.288685342702297e-05
37 34 -7.02385684114495e-06
85 34 -8.891934866601319e-06
88 34 2.119042635955413e-05
91 34 2.118959234234813e-05
2 35 -7.023472250851265e-06
35 35 4.288685342702297e-05
38 35 -7.02385684114495e-06
86 35 -8.891934866601319e-06
89 35 2.119042635955413e-05
92 35 2.118959234234813e-05
3 36 -7.023472250851265e-06
36 36 4.288685342702297e-05
39 36 -7.02385684114495e-06
87 36 -8.891934866601319e-06
90 36 2.119042635955413e-05
93 36 2.118959234234813e-05
1 37 2.227206389513745e-06
34 37 -7.02385684114495e-06
37 37 1.869816093233549e-05
85 37 4.290986094795764e-06
88 37 -8.769281983163374e-06
91 37 -1.448610852847494e-05
2 38 2.227206389513745e-06
35 38 -7.02385684114495e-06
38 38 1.869816093233549e-05
86 38 4.290986094795764e-06
89 38 -8.769281983163374e-06
92 38 -1.448610852847494e-05
3 39 2.227206389513745e-06
36 39 -7.02385684114495e-06
39 39 1.869816093233549e-05
87 39 4.290986094795764e-06
90 39 -8.769281983163374e-06
93 39 -1.448610852847494e-05
1 40 6.564140436006281e-06
4 40 4.577875876080903e-06
7 40 -8.896651979834767e-06
40 40 0.0001094086622277653
43 40 -2.201662051260622e-05
46 40 6.657348547019936e-06
49 40 -2.165031901999775e-05
52 40 -1.436780345803037e-05
55 40 -8.714426635405381e-06
82 40 -2.160693393983252e-05
85 40 6.669662492601051e-06
88 40 -8.69006113206263e-06
235 40 6.74354111921047e-06
238 40 -2.127722032163175e-05
247 40 -8.34677963311789e-06
277 40 -8.165783159093329e-06
280 40 4.697753432759023e-06
283 40 -1.361560604766623e-05
286 40 -8.310354814688591e-06
2 41 6.564140436006281e-06
5 41 4.577875876080903e-06
8 41 -8.896651979834767e-06
41 41 0.0001094086622277653
44 41 -2.201662051260622e-05
47 41 6.657348547019936e-06
50 41 -2.165031901999775e-05
53 41 -1.436780345803037e-05
56 41 -8.714426635405381e-06
83 41 -2.160693393983252e-05
86 41 6.669662492601051e-06
89 41 -8.69006113206263e-06
236 41 6.74354111921047e-06
239 41 -2.127722032163175e-05
248 41 -8.34677963311789e-06
278 41 -8.165783159093329e-06
281 41 4.697753432759023e-06
284 41 -1.361560604766623e-05
287 41 -8.310354814688591e-06
3 42 6.564140436006281e-06
6 42 4.577875876080903e-06
9 42 -8.896651979834767e-06
42 42 0.0001094086622277653
45 42 -2.201662051260622e-05
48 42 6.657348547019936e-06
51 42 -2.165031901999775e-05
54 42 -1.436780345803037e-05
57 42 -8.714426635405381e-06
84 42 -2.160693393983252e-05
87 42 6.669662492601051e-06
90 42 -8.69006113206263e-06
237 42 6.74354111921047e-06
240 42 -2.127722032163175e-05
249 42 -8.34677963311789e-06
279 42 -8.165783159093329e-06
282 42 4.697753432759023e-06
285 42 -1.361560604766623e-05
288 42 -8.310354814688591e-06
1 43 -2.136307931921669e-05
4 43 -8.777172012126088e-06
7 43 2.121169247893504e-05
40 43 -2.201662051260622e-05
43 43 0.0001397596132276856
52 43 2.09769091781211e-05
82 43 2.048950439729829e-05
85 43 -8.692882567044026e-06
88 43 2.071616143380912e-05
2 44 -2.136307931921669e-05
5 44 -8.777172012126088e-06
8 44 2.121169247893504e-05
41 44 -2.201662051260622e-05
44 44 0.0001397596132276856
53 44 2.09769091781211e-05
83 44 2.048950439729829e-05
86 44 -8.692882567044026e-06
89 44 2.071616143380912e-05
3 45 -2.136307931921669e-05
6 45 -8.777172012126088e-06
9 45 2.121169247893504e-05
42 45 -2.201662051260622e-05
45 45 0.0001397596132276856
54 45 2.09769091781211e-05
84 45 2.048950439729829e-05
87 45 -8.692882567044026e-06
90 45 2.071616143380912e-05
4 46 6.554533724206472e-06
10 46 4.572098782824915e-06
13 46 -8.90633187937436e-06
40 46 6.657348547019936e-06
46 46 0.0001097722811180324
49 46 -2.159720757532079e-05
52 46 -8.706905007938909e-06
55 46 -2.199417226988454e-05
58 46 6.633766630130083e-06
61 46 -2.168530197719526e-05
64 46 -1.436334519493714e-05
67 46 -8.75213284627623e-06
235 46 4.689740074154111e-06
238 46 -8.336370432873608e-06
241 46 6.719874619515767e-06
244 46 -8.214710207418923e-06
247 46 -1.363256658718791e-05
250 46 -2.13202682444216e-05
259 46 -8.416761277257413e-06
5 47 6.554533724206472e-06
11 47 4.572098782824915e-06
14 47 -8.90633187937436e-06
41 47 6.657348547019936e-06
47 47 0.0001097722811180324
50 47 -2.159720757532079e-05
53 47 -8.706905007938909e-06
56 47 -2.199417226988454e-05
59 47 6.633766630130083e-06
62 47 -2.168530197719526e-05
65 47 -1.436334519493714e-05
68 47 -8.75213284627623e-06
236 47 4.689740074154111e-06
239 47 -8.336370432873608e-06
242 47 6.719874619515767e-06
245 47 -8.214710207418923e-06
248 47 -1.363256658718791e-05
251 47 -2.13202682444216e-05
260 47 -8.416761277257413e-06
6 48 6.554533724206472e-06
12 48 4.572098782824915e-06
15 48 -8.90633187937436e-06
42 48 6.657348547019936e-06
48 48 0.0001097722811180324
51 48 -2.159720757532079e-05
54 48 -8.706905007938909e-06
57 48 -2.199417226988454e-05
60 48 6.633766630130083e-06
63 48 -2.168530197719526e-05
66 48 -1.436334519493714e-05
69 48 -8.75213284627623e-06
237 48 4.689740074154111e-06
240 48 -8.336370432873608e-06
243 48 6.719874619515767e-06
246 48 -8.214710207418923e-06
249 48 -1.363256658718791e-05
252 48 -2.13202682444216e-05
261 48 -8.416761277257413e-06
4 49 -8.601314681447591e-06
40 49 -2.165031901999775e-05
46 49 -2.159720757532079e-05
49 49 0.0001363219047993715
52 49 2.05552918460303e-05
55 49 2.057033510096339e-05
235 49 -8.436410293351784e-06
238 49 1.965659857990593e-05
247 49 1.967741698039448e-05
5 50 -8.601314681447591e-06
41 50 -2.165031901999775e-05
47 50 -2.159720757532079e-05
50 50 0.0001363219047993715
53 50 2.05552918460303e-05
56 50 2.057033510096339e-05
236 50 -8.436410293351784e-06
239 50 1.965659857990593e-05
248 50 1.967741698039448e-05
6 51 -8.601314681447591e-06
42 51 -2.165031901999775e-05
48 51 -2.159720757532079e-05
51 51 0.0001363219047993715
54 51 2.05552918460303e-05
57 51 2.057033510096339e-05
237 51 -8.436410293351784e-06
240 51 1.965659857990593e-05
249 51 1.967741698039448e-05
1 52 -8.779260329427862e-06
4 52 -1.38287719860503e-05
7 52 2.121586911353856e-05
40 52 -1.436780345803037e-05
43 52 2.09769091781211e-05
46 52 -8.706905007938909e-06
49 52 2.05552918460303e-05
52 52 8.350402992315767e-05
55 52 2.078151575394594e-05
2 53 -8.779260329427862e-06
5 53 -1.38287719860503e-05
8 53 2.121586911353856e-05
41 53 -1.436780345803037e-05
44 53 2.09769091781211e-05
47 53 -8.706905007938909e-06
50 53 2.05552918460303e-05
53 53 8.350402992315767e-05
56 53 2.078151575394594e-05
3 54 -8.779260329427862e-06
6 54 -1.38287719860503e-05
9 54 2.121586911353856e-05
42 54 -1.436780345803037e-05
45 54 2.09769091781211e-05
48 54 -8.706905007938909e-06
51 54 2.05552918460303e-05
54 54 8.350402992315767e-05
57 54 2.078151575394594e-05
4 55 -2.139633638581864e-05
10 55 -8.797093146266224e-06
13 55 2.126214684234282e-05
40 55 -8.714426635405381e-06
46 55 -2.199417226988454e-05
49 55 2.057033510096339e-05
52 55 2.078151575394594e-05
55 55 0.0001400894932751347
64 55 2.105121375745397e-05
5 56 -2.139633638581864e-05
11 56 -8.797093146266224e-06
14 56 2.126214684234282e-05
41 56 -8.714426635405381e-06
47 56 -2.199417226988454e-05
50 56 2.057033510096339e-05
53 56 2.078151575394594e-05
56 56 0.0001400894932751347
65 56 2.105121375745397e-05
6 57 -2.139633638581864e-05
12 57 -8.797093146266224e-06
15 57 2.126214684234282e-05
42 57 -8.714426635405381e-06
48 57 -2.199417226988454e-05
51 57 2.057033510096339e-05
54 57 2.078151575394594e-05
57 57 0.0001400894932751347
66 57 2.105121375745397e-05
10 58 6.539202341990039e-06
16 58 4.562328026802132e-06
19 58 -8.920958154132446e-06
46 58 6.633766630130083e-06
58 58 0.0001103822455978649
61 58 -2.159626154827143e-05
64 58 -8.73981236883185e-06
67 58 -2.195787436308594e-05
70 58 6.598530319122694e-06
73 58 -2.172918710498445e-05
76 58 -1.435105691091811e-05
79 58 -8.806224440612808e-06
241 58 4.672169215802294e-06
250 58 -8.398638204270356e-06
253 58 6.680628082851371e-06
256 58 -8.308188018252782e-06
259 58 -1.368237422227106e-05
262 58 -2.139177954856566e-05
271 58 -8.523891561159443e-06
11 59 6.539202341990039e-06
17 59 4.562328026802132e-06
20 59 -8.920958154132446e-06
47 59 6.633766630130083e-06
59 59 0.0001103822455978649
62 59 -2.159626154827143e-05
65 59 -8.73981236883185e-06
68 59 -2.195787436308594e-05
71 59 6.598530319122694e-06
74 59 -2.172918710498445e-05
77 59 -1.435105691091811e-05
80 59 -8.806224440612808e-06
242 59 4.672169215802294e-06
251 59 -8.398638204270356e-06
254 59 6.680628082851371e-06
257 59 -8.308188018252782e-06
260 59 -1.368237422227106e-05
263 59 -2.139177954856566e-05
272 59 -8.523891561159443e-06
12 60 6.539202341990039e-06
18 60 4.562328026802132e-06
21 60 -8.920958154132446e-06
48 60 6.633766630130083e-06
60 60 0.0001103822455978649
63 60 -2.159626154827143e-05
66 60 -8.73981236883185e-06
69 60 -2.195787436308594e-05
72 60 6.598530319122694e-06
75 60 -2.172918710498445e-05
78 60 -1.435105691091811e-05
81 60 -8.806224440612808e-06
243 60 4.672169215802294e-06
252 60 -8.398638204270356e-06
255 60 6.680628082851371e-06
258 60 -8.308188018252782e-06
261 60 -1.368237422227106e-05
264 60 -2.139177954856566e-05
273 60 -8.523891561159443e-06
10 61 -8.648189968188172e-06
46 61 -2.168530197719526e-05
58 61 -2.159626154827143e-05
61 61 0.000137183329186193
64 61 2.069380672233346e-05
67 61 2.071844767722234e-05
241 61 -8.497834303191879e-06
250 61 1.986524847256316e-05
259 61 1.990149461853741e-05
11 62 -8.648189968188172e-06
47 62 -2.168530197719526e-05
59 62 -2.159626154827143e-05
62 62 0.000137183329186193
65 62 2.069380672233346e-05
68 62 2.071844767722234e-05
242 62 -8.497834303191879e-06
251 62 1.986524847256316e-05
260 62 1.990149461853741e-05
12 63 -8.648189968188172e-06
48 63 -2.168530197719526e-05
60 63 -2.159626154827143e-05
63 63 0.000137183329186193
66 63 2.069380672233346e-05
69 63 2.071844767722234e-05
243 63 -8.497834303191879e-06
252 63 1.986524847256316e-05
261 63 1.990149461853741e-05
4 64 -8.800865336929954e-06
10 64 -1.386924470229838e-05
13 64 2.126969122367026e-05
46 64 -1.436334519493714e-05
55 64 2.105121375745397e-05
58 64 -8.73981236883185e-06
61 64 2.069380672233346e-05
64 64 8.388671136504082e-05
67 64 2.090169247850966e-05
5 65 -8.800865336929954e-06
11 65 -1.386924470229838e-05
14 65 2.126969122367026e-05
47 65 -1.436334519493714e-05
56 65 2.105121375745397e-05
59 65 -8.73981236883185e-06
62 65 2.069380672233346e-05
65 65 8.388671136504082e-05
68 65 2.090169247850966e-05
6 66 -8.800865336929954e-06
12 66 -1.386924470229838e-05
15 66 2.126969122367026e-05
48 66 -1.436334519493714e-05
57 66 2.105121375745397e-05
60 66 -8.73981236883185e-06
63 66 2.069380672233346e-05
66 66 8.388671136504082e-05
69 66 2.090169247850966e-05
10 67 -2.145273039840848e-05
16 67 -8.828733272882322e-06
19 67 2.134123329077667e-05
46 67 -8.75213284627623e-06
58 67 -2.195787436308594e-05
61 67 2.071844767722234e-05
64 67 2.090169247850966e-05
67 67 0.0001406420802632608
76 67 2.116774105134686e-05
11 68 -2.145273039840848e-05
17 68 -8.828733272882322e-06
20 68 2.134123329077667e-05
47 68 -8.75213284627623e-06
59 68 -2.195787436308594e-05
62 68 2.071844767722234e-05
65 68 2.090169247850966e-05
68 68 0.0001406420802632608
77 68 2.116774105134686e-05
12 69 -2.145273039840848e-05
18 69 -8.828733272882322e-06
21 69 2.134123329077667e-05
48 69 -8.75213284627623e-06
60 69 -2.195787436308594e-05
63 69 2.071844767722234e-05
66 69 2.090169247850966e-05
69 69 0.0001406420802632608
78 69 2.116774105134686e-05
16 70 6.517965096187469e-06
22 70 4.548291807725259e-06
25 70 -8.940502628898191e-06
58 70 6.598530319122694e-06
70 70 0.0001112429670039512
73 70 -2.160323923327456e-05
76 70 -8.788941057082604e-06
79 70 -2.190694982305045e-05
94 70  6.5510580462679e-06
97 70 -2.178121442215997e-05
100 70 -1.432985845544811e-05
103 70 -8.877017424003131e-06
253 70 4.643968751318571e-06
262 70 -8.497734648126575e-06
265 70 6.624818301867579e-06
268 70 -8.447507764443692e-06
271 70 -1.37641217518451e-05
274 70 -2.149101707633639e-05
376 70 -8.669298925161943e-06
17 71 6.517965096187469e-06
23 71 4.548291807725259e-06
26 71 -8.940502628898191e-06
59 71 6.598530319122694e-06
71 71 0.0001112429670039512
74 71 -2.160323923327456e-05
77 71 -8.788941057082604e-06
80 71 -2.190694982305045e-05
95 71  6.5510580462679e-06
98 71 -2.178121442215997e-05
101 71 -1.432985845544811e-05
104 71 -8.877017424003131e-06
254 71 4.643968751318571e-06
263 71 -8.497734648126575e-06
266 71 6.624818301867579e-06
269 71 -8.447507764443692e-06
272 71 -1.37641217518451e-05
275 71 -2.149101707633639e-05
377 71 -8.669298925161943e-06
18 72 6.517965096187469e-06
24 72 4.548291807725259e-06
27 72 -8.940502628898191e-06
60 72 6.598530319122694e-06
72 72 0.0001112429670039512
75 72 -2.160323923327456e-05
78 72 -8.788941057082604e-06
81 72 -2.190694982305045e-05
96 72  6.5510580462679e-06
99 72 -2.178121442215997e-05
102 72 -1.432985845544811e-05
105 72 -8.877017424003131e-06
255 72 4.643968751318571e-06
264 72 -8.497734648126575e-06
267 72 6.624818301867579e-06
270 72 -8.447507764443692e-06
273 72 -1.37641217518451e-05
276 72 -2.149101707633639e-05
378 72 -8.669298925161943e-06
16 73 -8.71778394869507e-06
58 73 -2.172918710498445e-05
70 73 -2.160323923327456e-05
73 73 0.0001384807719288694
76 73 2.090094253424168e-05
79 73 2.093550930130217e-05
253 73 -8.591309440532966e-06
262 73 2.019229669437019e-05
271 73 2.024461052043597e-05
17 74 -8.71778394869507e-06
59 74 -2.172918710498445e-05
71 74 -2.160323923327456e-05
74 74 0.0001384807719288694
77 74 2.090094253424168e-05
80 74 2.093550930130217e-05
254 74 -8.591309440532966e-06
263 74 2.019229669437019e-05
272 74 2.024461052043597e-05
18 75 -8.71778394869507e-06
60 75 -2.172918710498445e-05
72 75 -2.160323923327456e-05
75 75 0.0001384807719288694
78 75 2.090094253424168e-05
81 75 2.093550930130217e-05
255 75 -8.591309440532966e-06
264 75 2.019229669437019e-05
273 75 2.024461052043597e-05
10 76 -8.834212034417578e-06
16 76 -1.39322519918629e-05
19 76 2.13521908138472e-05
58 76 -1.435105691091811e-05
67 76 2.116774105134686e-05
70 76 -8.788941057082604e-06
73 76 2.090094253424168e-05
76 76 8.446544983476822e-05
79 76 2.107782351807726e-05
11 77 -8.834212034417578e-06
17 77 -1.39322519918629e-05
20 77 2.13521908138472e-05
59 77 -1.435105691091811e-05
68 77 2.116774105134686e-05
71 77 -8.788941057082604e-06
74 77 2.090094253424168e-05
77 77 8.446544983476822e-05
80 77 2.107782351807726e-05
12 78 -8.834212034417578e-06
18 78 -1.39322519918629e-05
21 78 2.13521908138472e-05
60 78 -1.435105691091811e-05
69 78 2.116774105134686e-05
72 78 -8.788941057082604e-06
75 78 2.090094253424168e-05
78 78 8.446544983476822e-05
81 78 2.107782351807726e-05
16 79 -2.153247973670506e-05
22 79 -8.872265877360605e-06
25 79 2.144940153609512e-05
58 79 -8.806224440612808e-06
70 79 -2.190694982305045e-05
73 79 2.093550930130217e-05
76 79 2.107782351807726e-05
79 79 0.0001414203971788118
100 79 2.132736451451459e-05
17 80 -2.153247973670506e-05
23 80 -8.872265877360605e-06
26 80 2.144940153609512e-05
59 80 -8.806224440612808e-06
71 80 -2.190694982305045e-05
74 80 2.093550930130217e-05
77 80 2.107782351807726e-05
80 80 0.0001414203971788118
101 80 2.132736451451459e-05
18 81 -2.153247973670506e-05
24 81 -8.872265877360605e-06
27 81 2.144940153609512e-05
60 81 -8.806224440612808e-06
72 81 -2.190694982305045e-05
75 81 2.093550930130217e-05
78 81 2.107782351807726e-05
81 81 0.0001414203971788118
102 81 2.132736451451459e-05
1 82 -8.576732613807151e-06
40 82 -2.160693393983252e-05
43 82 2.048950439729829e-05
82 82 0.0001358898079004061
85 82 -2.162468676027871e-05
88 82 2.048386152733543e-05
280 82 -8.406641797078929e-06
283 82 1.956893884386682e-05
286 82 1.956319063782323e-05
2 83 -8.576732613807151e-06
41 83 -2.160693393983252e-05
44 83 2.048950439729829e-05
83 83 0.0001358898079004061
86 83 -2.162468676027871e-05
89 83 2.048386152733543e-05
281 83 -8.406641797078929e-06
284 83 1.956893884386682e-05
287 83 1.956319063782323e-05
3 84 -8.576732613807151e-06
42 84 -2.160693393983252e-05
45 84 2.048950439729829e-05
84 84 0.0001358898079004061
87 84 -2.162468676027871e-05
90 84 2.048386152733543e-05
282 84 -8.406641797078929e-06
285 84 1.956893884386682e-05
288 84 1.956319063782323e-05
1 85 4.579826656327722e-06
34 85 -8.891934866601319e-06
37 85 4.290986094795764e-06
40 85 6.669662492601051e-06
43 85 -8.692882567044026e-06
82 85 -2.162468676027871e-05
85 85 7.609627211872473e-05
88 85 -1.43650831286991e-05
91 85 -1.488616065858583e-05
280 85 4.412951434127036e-06
283 85 -8.313228917710412e-06
286 85 -1.448281264108014e-05
2 86 4.579826656327722e-06
35 86 -8.891934866601319e-06
38 86 4.290986094795764e-06
41 86 6.669662492601051e-06
44 86 -8.692882567044026e-06
83 86 -2.162468676027871e-05
86 86 7.609627211872473e-05
89 86 -1.43650831286991e-05
92 86 -1.488616065858583e-05
281 86 4.412951434127036e-06
284 86 -8.313228917710412e-06
287 86 -1.448281264108014e-05
3 87 4.579826656327722e-06
36 87 -8.891934866601319e-06
39 87 4.290986094795764e-06
42 87 6.669662492601051e-06
45 87 -8.692882567044026e-06
84 87 -2.162468676027871e-05
87 87 7.609627211872473e-05
90 87 -1.43650831286991e-05
93 87 -1.488616065858583e-05
282 87 4.412951434127036e-06
285 87 -8.313228917710412e-06
288 87 -1.448281264108014e-05
1 88 -1.381058808528946e-05
34 88 2.119042635955413e-05
37 88 -8.769281983163374e-06
40 88 -8.69006113206263e-06
43 88 2.071616143380912e-05
82 88 2.048386152733543e-05
85 88 -1.43650831286991e-05
88 88 8.331417120770849e-05
91 88 2.094428657547221e-05
2 89 -1.381058808528946e-05
35 89 2.119042635955413e-05
38 89 -8.769281983163374e-06
41 89 -8.69006113206263e-06
44 89 2.071616143380912e-05
83 89 2.048386152733543e-05
86 89 -1.43650831286991e-05
89 89 8.331417120770849e-05
92 89 2.094428657547221e-05
3 90 -1.381058808528946e-05
36 90 2.119042635955413e-05
39 90 -8.769281983163374e-06
42 90 -8.69006113206263e-06
45 90 2.071616143380912e-05
84 90 2.048386152733543e-05
87 90 -1.43650831286991e-05
90 90 8.331417120770849e-05
93 90 2.094428657547221e-05
1 91 -8.768864974560381e-06
34 91 2.118959234234813e-05
37 91 -1.448610852847494e-05
85 91 -1.488616065858583e-05
88 91 2.094428657547221e-05
91 91 9.824427541176156e-05
2 92 -8.768864974560381e-06
35 92 2.118959234234813e-05
38 92 -1.448610852847494e-05
86 92 -1.488616065858583e-05
89 92 2.094428657547221e-05
92 92 9.824427541176156e-05
3 93 -8.768864974560381e-06
36 93 2.118959234234813e-05
39 93 -1.448610852847494e-05
87 93 -1.488616065858583e-05
90 93 2.094428657547221e-05
93 93 9.824427541176156e-05
22 94 6.490567598058383e-06
28 94 4.529607151769403e-06
31 94 -8.964922290315907e-06
70 94  6.5510580462679e-06
94 94 0.0001123607867397678
97 94 -2.16169614466314e-05
100 94 -8.854537693637109e-06
103 94 -2.184029913621131e-05
190 94 -1.429820560656186e-05
211 94 6.490567598147835e-06
214 94 -2.184029913531148e-05
217 94 -8.964922290315907e-06
265 94 4.603458138860223e-06
274 94 -8.634638384434539e-06
376 94 -1.387659747264744e-05
421 94 6.551058047617452e-06
424 94 -8.634638384434539e-06
427 94 -2.161696145351772e-05
430 94 -8.854537693637109e-06
23 95 6.490567598058383e-06
29 95 4.529607151769403e-06
32 95 -8.964922290315907e-06
71 95  6.5510580462679e-06
95 95 0.0001123607867397678
98 95 -2.16169614466314e-05
101 95 -8.854537693637109e-06
104 95 -2.184029913621131e-05
191 95 -1.429820560656186e-05
212 95 6.490567598147835e-06
215 95 -2.184029913531148e-05
218 95 -8.964922290315907e-06
266 95 4.603458138860223e-06
275 95 -8.634638384434539e-06
377 95 -1.387659747264744e-05
422 95 6.551058047617452e-06
425 95 -8.634638384434539e-06
428 95 -2.161696145351772e-05
431 95 -8.854537693637109e-06
24 96 6.490567598058383e-06
30 96 4.529607151769403e-06
33 96 -8.964922290315907e-06
72 96  6.5510580462679e-06
96 96 0.0001123607867397678
99 96 -2.16169614466314e-05
102 96 -8.854537693637109e-06
105 96 -2.184029913621131e-05
192 96 -1.429820560656186e-05
213 96 6.490567598147835e-06
216 96 -2.184029913531148e-05
219 96 -8.964922290315907e-06
267 96 4.603458138860223e-06
276 96 -8.634638384434539e-06
378 96 -1.387659747264744e-05
423 96 6.551058047617452e-06
426 96 -8.634638384434539e-06
429 96 -2.161696145351772e-05
432 96 -8.854537693637109e-06
22 97 -8.81074098339612e-06
70 97 -2.178121442215997e-05
94 97 -2.16169614466314e-05
97 97 0.0001402245680818686
100 97 2.117904281438858e-05
103 97 2.122400227512068e-05
265 97 -8.7174371208241e-06
274 97 2.064283314551226e-05
376 97  2.0712154226967e-05
23 98 -8.81074098339612e-06
71 98 -2.178121442215997e-05
95 98 -2.16169614466314e-05
98 98 0.0001402245680818686
101 98 2.117904281438858e-05
104 98 2.122400227512068e-05
266 98 -8.7174371208241e-06
275 98 2.064283314551226e-05
377 98  2.0712154226967e-05
24 99 -8.81074098339612e-06
72 99 -2.178121442215997e-05
96 99 -2.16169614466314e-05
99 99 0.0001402245680818686
102 99 2.117904281438858e-05
105 99 2.122400227512068e-05
267 99 -8.7174371208241e-06
276 99 2.064283314551226e-05
378 99  2.0712154226967e-05
16 100 -8.879484118107979e-06
22 100 -1.401819158944727e-05
25 100 2.146383801758979e-05
70 100 -1.432985845544811e-05
79 100 2.132736451451459e-05
94 100 -8.854537693637109e-06
97 100 2.117904281438858e-05
100 100 8.524524796694108e-05
103 100 2.131159569560264e-05
17 101 -8.879484118107979e-06
23 101 -1.401819158944727e-05
26 101 2.146383801758979e-05
71 101 -1.432985845544811e-05
80 101 2.132736451451459e-05
95 101 -8.854537693637109e-06
98 101 2.117904281438858e-05
101 101 8.524524796694108e-05
104 101 2.131159569560264e-05
18 102 -8.879484118107979e-06
24 102 -1.401819158944727e-05
27 102 2.146383801758979e-05
72 102 -1.432985845544811e-05
81 102 2.132736451451459e-05
96 102 -8.854537693637109e-06
99 102 2.117904281438858e-05
102 102 8.524524796694108e-05
105 102 2.131159569560264e-05
22 103 -2.163590786555891e-05
28 103 -8.927935280913439e-06
31 103 2.158727639498828e-05
70 103 -8.877017424003131e-06
94 103 -2.184029913621131e-05
97 103 2.122400227512068e-05
100 103 2.131159569560264e-05
103 103 0.0001424287903827347
190 103 2.153130622080246e-05
23 104 -2.163590786555891e-05
29 104 -8.927935280913439e-06
32 104 2.158727639498828e-05
71 104 -8.877017424003131e-06
95 104 -2.184029913621131e-05
98 104 2.122400227512068e-05
101 104 2.131159569560264e-05
104 104 0.0001424287903827347
191 104 2.153130622080246e-05
24 105 -2.163590786555891e-05
30 105 -8.927935280913439e-06
33 105 2.158727639498828e-05
72 105 -8.877017424003131e-06
96 105 -2.184029913621131e-05
99 105 2.122400227512068e-05
102 105 2.131159569560264e-05
105 105 0.0001424287903827347
192 105 2.153130622080246e-05
106 106  0.01874523412215031
107 106 -5.11683601036135e-05
108 106 0.001083559171340003
109 106 -0.00876120842019326
110 106 1.610407948359285e-05
111 106 -0.0005192051600977842
112 106 0.008709538562665891
113 106 -0.0001178021245123481
114 106 0.0003981136990682048
115 106 0.004084683813810628
116 106 4.119854575615019e-05
117 106 0.0003750915842071102
118 106 0.005143460719243554
119 106 5.904834831705536e-05
120 106 0.0003758478595976238
124 106 0.0003131993821825491
125 106 -1.696583949402498e-05
127 106 -0.0004655817876333169
128 106 5.848407350003535e-05
129 106 -1.988750149375153e-05
130 106 -0.000848020395607527
131 106 1.023951704272052e-05
132 106 1.902650520520744e-05
133 106 1.988165647175365e-05
134 106 8.617600104320845e-07
135 106 8.60996288544047e-07
106 107 -5.116836010361349e-05
107 107  0.02079304130841636
108 107 -0.001086457393012888
109 107  1.0736052989062e-05
110 107 -0.009544192263094638
111 107 0.0003314542709847211
112 107 -0.0001128668711383571
113 107 0.008709538562665891
114 107 0.0002853908796248731
115 107 6.179781863422531e-05
116 107 0.003981687449420243
117 107 0.0002495450441422966
118 107 5.642168557924121e-05
119 107 0.006432936601735595
120 107 -0.0007194787790525169
124 107 -1.131055966268335e-05
125 107 0.001096197837638922
126 107 -0.0003018888225198663
127 107 5.604063151622993e-05
128 107 -0.001623078784552525
129 107 0.0004382244133063214
130 107 -1.022490448772593e-05
131 107 -0.002924810103056041
132 107 0.0008403667899414378
133 107 5.745066736213899e-07
134 107 1.986704391675912e-05
135 107 -3.126091018079493e-05
106 108 0.001083559171340003
107 108 -0.001086457393012888
108 108  0.06284252083658749
109 108 -0.0003461367733985262
110 108 0.0004730174174660566
111 108 -0.02988124562777496
112 108 -4.716718746045675e-05
113 108 -0.0001548267708283099
114 108  0.03048338496933065
115 108 0.0005626373763106655
116 108 -0.0001462129574110616
117 108   0.0143993897127276
118 108 -0.0001106211507149189
119 108 -0.0004997521732120531
120 108  0.01743062803953276
125 108 -0.0004528332337797981
126 108 0.0003131993821825491
127 108 -2.983125224062736e-05
128 108 0.000657336619959483
129 108 -0.0004641467938190774
130 108 2.925725471493128e-05
131 108 0.001234973311137846
132 108 -0.0008991741431561461
133 108 5.739975256960331e-07
134 108 -2.131449149688282e-05
135 108 6.960041020613231e-05
106 109 -0.00876120842019326
107 109  1.0736052989062e-05
108 109 -0.0003461367733985262
109 109  0.00748594276713923
110 109 -9.376877038218703e-06
112 109 -0.01107508123787535
113 109 3.25948957394733e-05
114 109 0.000294176340173217
115 109 -0.004596556738289553
116 109 -1.084428386277206e-05
117 109 -0.0002938623459517294
118 109 -0.006921216738667118
119 109 5.475184291818528e-06
120 109 0.0003681911190791589
124 109 -0.0001660511025880533
125 109 5.612304872889747e-06
127 109 0.0003744098082085043
128 109 -3.408257438474076e-05
129 109 1.162302004416457e-05
130 109 0.0003244990020507434
131 109 1.130546489019171e-05
132 109 -1.130546489019171e-05
133 109 -1.262505305061919e-05
134 109 2.255247860233911e-07
223 109 -5.93113620209123e-07
224 109 -2.071608610652416e-07
226 109 0.0003776268912923787
227 109 -4.02177886867382e-06
229 109 0.0003146401406609423
230 109 -1.142770800959882e-05
232 109 -0.0001671509812098607
233 109 3.806304982605208e-06
289 109 0.001492824488119599
290 109 -3.846226744347519e-05
291 109 -0.0006161833540443903
292 109 -0.0007195997313537072
293 109 9.504943970599808e-06
294 109 0.0003026341531431847
298 109 0.001499380522961689
299 109 -1.356283528016459e-07
300 109 -0.0006188463822279083
304 109 -3.859496800073984e-06
305 109 1.858600088665175e-08
306 109 -2.205434568063265e-05
322 109 9.549897959348037e-07
323 109 -5.327450909790594e-07
324 109 -3.175551539728744e-07
403 109 7.749456077201905e-07
404 109 -5.209452593874264e-12
405 109 -3.321143367132021e-07
410 109 3.886264301151676e-05
411 109 -2.308103658707831e-05
413 109 -9.569758635863893e-06
414 109  5.7657265132369e-06
415 109 -9.940688021460385e-07
416 109 5.21155082552896e-07
417 109 -3.139942214876545e-07
418 109 2.19123194425848e-07
419 109 -2.272859978216996e-09
106 110 1.610407948359285e-05
107 110 -0.009544192263094638
108 110 0.0004730174174660566
109 110 -9.376877038218705e-06
110 110 0.007805273611460916
111 110 -0.0004071974447681462
112 110 3.076683371195897e-05
113 110 -0.01094816237827651
114 110 0.000335711461701062
115 110 -1.62664257941581e-05
116 110 -0.005383157089941908
117 110 0.0003101287717458874
118 110 7.357361756188069e-06
119 110 -0.006790938053388671
120 110 0.0005623582171502856
124 110 3.741536581926497e-06
125 110 -0.0005811788590581894
126 110 0.0001623095660061268
127 110 -3.21429369983203e-05
128 110 0.001310434328729767
129 110 -0.0003595426236994445
130 110 1.69581973352876e-05
131 110 0.001107482844952119
132 110 -0.0003301517344958382
133 110 3.267693873338576e-07
134 110 -1.354235979689129e-05
135 110 1.752760923641736e-05
223 110 -3.107412915978626e-07
224 110 -2.075897670731945e-06
225 110 -1.626642579415811e-05
226 110 -6.032668303010709e-06
227 110 0.001321694119523319
228 110 -0.0005429408311194875
229 110 -1.714156201439824e-05
230 110 0.001101240492313299
231 110 -0.000454818648977015
232 110 5.709457473907814e-06
233 110 -0.0005850284342345153
234 110 0.0002450170143408824
289 110 -3.829546134817739e-05
290 110 0.0004265212823198862
291 110 2.245606783955192e-05
292 110 9.452639520325138e-06
293 110 -0.000205599923243916
294 110 -5.608818371865477e-06
298 110 -9.041890186774361e-08
299 110 0.0004283944351319115
304 110 2.200614007207011e-08
305 110 -1.79065977501502e-06
306 110 3.037338039313991e-07
322 110 -5.3158292397097e-07
323 110 9.608006309752502e-07
324 110 3.175551539728743e-07
403 110 -3.47296839587075e-12
404 110 2.214130307771971e-07
409 110 3.878300107290501e-05
411 110 -2.284554552577019e-05
412 110 -9.549865859431743e-06
414 110 5.706048183940479e-06
415 110 5.200707725896321e-07
416 110 -9.883442112676648e-07
417 110 -3.107412915978626e-07
418 110 -3.40928996732559e-09
419 110 7.669311804904678e-07
420 110 -3.252755016714466e-07
106 111 -0.0005192051600977842
107 111 0.0003314542709847211
108 111 -0.02988124562777496
110 111 -0.0004071974447681462
111 111  0.02304014841058639
112 111 0.0004410028484085857
113 111 0.0005033082414752565
114 111  -0.0329992797090988
115 111 -0.0004407935189275939
116 111 0.0004516378027903658
117 111 -0.01530134823236103
118 111 0.000533908057218206
119 111 0.0003947591015468691
120 111 -0.01848986963871491
125 111 0.0002434643490091908
126 111 -0.0001660511025880533
127 111 1.716990077126951e-05
128 111 -0.0005390493062541883
129 111 0.0003744098082085043
130 111 -1.695819733528761e-05
131 111 -0.0004810957706310187
132 111 0.0003527626642762221
134 111 1.215958274188637e-05
135 111 -4.035945668614375e-05
224 111 -1.084428386277206e-05
225 111 -5.93113620209123e-07
227 111 -0.0003619605540796584
228 111 0.0003776268912923787
230 111 -0.0003032124326513441
231 111 0.0003146401406609423
233 111 0.0001633446762272556
234 111 -0.0001671509812098607
289 111 -0.0004107889026962602
290 111 1.497071189303463e-05
291 111 0.0004265212823198862
292 111 0.0002017561020954563
293 111 -3.73921224791032e-06
294 111 -0.000205599923243916
298 111 -0.0004125642548186066
300 111 0.0004283944351319115
304 111 -1.470289712042179e-05
305 111 2.024892026209327e-07
306 111 -1.255590350019781e-06
322 111 -2.117034359819164e-07
323 111 2.117034359819163e-07
324 111 4.257312059800118e-07
403 111 -2.214095578088013e-07
405 111 2.214130307771971e-07
409 111 -1.538735772471888e-05
410 111 -1.52303636838468e-05
412 111 3.843817675491265e-06
413 111 3.804032122626992e-06
415 111 -2.093294809917696e-07
416 111 -2.071608610652416e-07
417 111 -4.405362252030451e-07
419 111 -2.168503344476312e-07
420 111 2.19123194425848e-07
106 112 0.008709538562665891
107 112 -0.0001128668711383571
108 112 -4.716718746045697e-05
109 112 -0.01107508123787535
110 112 3.076683371195897e-05
111 112 0.0004410028484085856
112 112  0.02568507126919093
113 112 -0.0001422620380554306
114 112 -0.001168016521476531
115 112 0.005067462300971939
116 112 5.654409775764666e-05
117 112 -0.0001565588246614499
118 112 0.007074611154519234
119 112 6.685549738837456e-05
120 112 -0.0005623192717091198
223 112 2.875720302981567e-09
224 112 1.740748344521899e-06
225 112 -1.766642063940515e-06
226 112 -0.001094015683811946
227 112 7.54891553124651e-05
228 112 -3.93753002792572e-05
229 112 -0.0004686815723179233
230 112 5.660064806284059e-05
231 112 -3.005207075696591e-05
232 112 0.0003776240155720752
233 112 -3.258936554553852e-05
234 112 1.735682846995943e-05
289 112 -0.001996797188889672
290 112 7.838843074110101e-05
291 112 0.000808071843152925
292 112 0.001498236041270771
293 112 -3.875144337878052e-05
294 112 -0.0006189207689980155
298 112 -0.004221233885418647
299 112 7.884617321088231e-05
300 112 0.001714085955714647
304 112 1.144481690917053e-06
305 112 2.165866140633111e-06
306 112 4.685873571883374e-05
403 112 -3.108543835896492e-06
404 112 2.053731472895374e-11
405 112 1.337846975989029e-06
409 112 -1.723678428487968e-06
410 112 -0.0001575950932795225
411 112 9.447839702607215e-05
