%%MatrixMarket matrix coordinate real general
339 339 3067
1 1 5.162801474622196e-05
4 1 4.954770956722404e-07
7 1 5.106482522694615e-07
10 1 1.203120433878092e-06
13 1 6.789607030746764e-07
22 1 1.862009774082986e-05
2 2 5.162801474622196e-05
5 2 4.954770956722404e-07
8 2 5.106482522694615e-07
11 2 1.203120433878092e-06
14 2 6.789607030746764e-07
23 2 1.862009774082986e-05
3 3 5.162801474622196e-05
6 3 4.954770956722404e-07
9 3 5.106482522694615e-07
12 3 1.203120433878092e-06
15 3 6.789607030746764e-07
24 3 1.862009774082986e-05
1 4 4.954770956722404e-07
4 4 7.544980131632199e-07
7 4 1.34361863257642e-07
25 4 1.443306326881453e-07
28 4 9.692831133978791e-08
2 5 4.954770956722404e-07
5 5 7.544980131632199e-07
8 5 1.34361863257642e-07
26 5 1.443306326881453e-07
29 5 9.692831133978791e-08
3 6 4.954770956722404e-07
6 6 7.544980131632199e-07
9 6 1.34361863257642e-07
27 6 1.443306326881453e-07
30 6 9.692831133978791e-08
1 7 5.106482522694615e-07
4 7 1.34361863257642e-07
7 7 2.865034725137317e-07
22 7 1.535706355057242e-07
28 7 3.113573272310908e-08
2 8 5.106482522694615e-07
5 8 1.34361863257642e-07
8 8 2.865034725137317e-07
23 8 1.535706355057242e-07
29 8 3.113573272310908e-08
3 9 5.106482522694615e-07
6 9 1.34361863257642e-07
9 9 2.865034725137317e-07
24 9 1.535706355057242e-07
30 9 3.113573272310908e-08
1 10 1.203120433878092e-06
10 10 1.377112789871091e-06
13 10 3.261875987641642e-07
22 10 1.125295684933046e-06
31 10 3.658479010057069e-07
2 11 1.203120433878092e-06
11 11 1.377112789871091e-06
14 11 3.261875987641642e-07
23 11 1.125295684933046e-06
32 11 3.658479010057069e-07
3 12 1.203120433878092e-06
12 12 1.377112789871091e-06
15 12 3.261875987641642e-07
24 12 1.125295684933046e-06
33 12 3.658479010057069e-07
1 13 6.789607030746764e-07
10 13 3.261875987641642e-07
13 13 1.308229854859565e-06
31 13 3.750406797798386e-07
40 13 2.722783542844914e-07
2 14 6.789607030746764e-07
11 14 3.261875987641642e-07
14 14 1.308229854859565e-06
32 14 3.750406797798386e-07
41 14 2.722783542844914e-07
3 15 6.789607030746764e-07
12 15 3.261875987641642e-07
15 15 1.308229854859565e-06
33 15 3.750406797798386e-07
42 15 2.722783542844914e-07
16 16   0.6207077608470277
17 16 -0.07943544715456784
18 16 -0.07403757569067619
20 16 -0.02513381196826554
21 16  0.02207774842141115
43 16  -0.1036526059669484
44 16  0.03427808334543973
45 16  0.02961503027627177
46 16 -0.00573239419389208
47 16 0.003056063546854389
50 16  0.01282079271600367
51 16  0.01841260456961682
16 17 -0.07943544715456784
17 17   0.6091409471035931
18 17  -0.1618027738674933
19 17 -0.01930259426788932
21 17 0.004584095320281596
43 17  0.02285205556362793
44 17 -0.02961503027627175
45 17 -0.02285205556362793
46 17 0.004584095320281597
47 17 -0.02006337967862201
48 17 0.004014495970556462
49 17   0.0107774706832003
51 17 -0.02919007525281712
16 18 -0.07403757569067619
17 18  -0.1618027738674933
18 18   0.7147958653317755
19 18  0.01471849894760772
20 18 0.003056063546854389
43 18  0.04442254541440571
44 18 -0.03427808334543974
45 18 -0.02961503027627175
47 18 0.002676330647037691
48 18 -0.00573239419389208
49 18  0.02761890685442251
50 18 -0.04043969957042619
17 19 -0.01930259426788932
18 19  0.01471849894760772
19 19   0.6721776096815667
20 19 -0.08886228253144157
21 19  -0.0373343676065915
46 19 -0.06392861341929454
47 19 0.007915666397443516
48 19  0.01493374704263662
52 19 -0.05895071536767559
53 19  0.03310663059260728
54 19 -0.004997356615742851
16 20 -0.02513381196826554
18 20 0.003056063546854389
19 20 -0.08886228253144157
20 20     0.72671148423103
21 20  -0.1171953577474848
46 20 0.008053420162597238
47 20 -0.01826531811979855
48 20 -0.003056063546854389
52 20  0.04549548204246087
53 20  -0.2063275037868849
54 20  0.04626216208621359
16 21  0.02207774842141115
17 21 0.004584095320281596
19 21  -0.0373343676065915
20 21  -0.1171953577474848
21 21    0.699943813829342
46 21  0.02240062056395485
47 21 -0.004584095320281596
48 21 -0.01826531811979855
52 21 -0.003331571077161919
53 21  0.03084144139081117
54 21 -0.05895071536767559
1 22 1.862009774082986e-05
7 22 1.535706355057242e-07
10 22 1.125295684933046e-06
22 22 0.0003229964732569574
28 22 1.347022460902589e-07
31 22 1.232336056240823e-05
34 22 9.368160530102882e-07
55 22 5.559438250953781e-05
58 22 1.676891144121408e-06
2 23 1.862009774082986e-05
8 23 1.535706355057242e-07
11 23 1.125295684933046e-06
23 23 0.0003229964732569574
29 23 1.347022460902589e-07
32 23 1.232336056240823e-05
35 23 9.368160530102882e-07
56 23 5.559438250953781e-05
59 23 1.676891144121408e-06
3 24 1.862009774082986e-05
9 24 1.535706355057242e-07
12 24 1.125295684933046e-06
24 24 0.0003229964732569574
30 24 1.347022460902589e-07
33 24 1.232336056240823e-05
36 24 9.368160530102882e-07
57 24 5.559438250953781e-05
60 24 1.676891144121408e-06
4 25 1.443306326881453e-07
25 25 4.38794011665549e-06
28 25 1.171366629534659e-06
61 25 3.787212848673405e-08
64 25 3.779506507103819e-08
5 26 1.443306326881453e-07
26 26 4.38794011665549e-06
29 26 1.171366629534659e-06
62 26 3.787212848673405e-08
65 26 3.779506507103819e-08
6 27 1.443306326881453e-07
27 27 4.38794011665549e-06
30 27 1.171366629534659e-06
63 27 3.787212848673405e-08
66 27 3.779506507103819e-08
4 28 9.692831133978791e-08
7 28 3.113573272310908e-08
22 28 1.347022460902589e-07
25 28 1.171366629534659e-06
28 28 2.801939573832938e-06
55 28 1.502736839670505e-06
64 28 1.670411536277433e-08
5 29 9.692831133978791e-08
8 29 3.113573272310908e-08
23 29 1.347022460902589e-07
26 29 1.171366629534659e-06
29 29 2.801939573832938e-06
56 29 1.502736839670505e-06
65 29 1.670411536277433e-08
6 30 9.692831133978791e-08
9 30 3.113573272310908e-08
24 30 1.347022460902589e-07
27 30 1.171366629534659e-06
30 30 2.801939573832938e-06
57 30 1.502736839670505e-06
66 30 1.670411536277433e-08
10 31 3.658479010057069e-07
13 31 3.750406797798386e-07
22 31 1.232336056240823e-05
31 31 0.0001067792955293223
34 31 1.785614644686258e-06
40 31 5.289062248120948e-06
67 31 8.20312869892806e-08
76 31 1.636845645949623e-05
11 32 3.658479010057069e-07
14 32 3.750406797798386e-07
23 32 1.232336056240823e-05
32 32 0.0001067792955293223
35 32 1.785614644686258e-06
41 32 5.289062248120948e-06
68 32 8.20312869892806e-08
77 32 1.636845645949623e-05
12 33 3.658479010057069e-07
15 33 3.750406797798386e-07
24 33 1.232336056240823e-05
33 33 0.0001067792955293223
36 33 1.785614644686258e-06
42 33 5.289062248120948e-06
69 33 8.20312869892806e-08
78 33 1.636845645949623e-05
22 34 9.368160530102882e-07
31 34 1.785614644686258e-06
34 34 9.031062241468831e-06
37 34 3.457237346814145e-10
58 34 2.91721658838676e-06
67 34 2.730598190576991e-07
73 34 4.235775855196837e-06
82 34 8.778335827764943e-06
23 35 9.368160530102882e-07
32 35 1.785614644686258e-06
35 35 9.031062241468831e-06
38 35 3.457237346814145e-10
59 35 2.91721658838676e-06
68 35 2.730598190576991e-07
74 35 4.235775855196837e-06
83 35 8.778335827764943e-06
24 36 9.368160530102882e-07
33 36 1.785614644686258e-06
36 36 9.031062241468831e-06
39 36 3.457237346814145e-10
60 36 2.91721658838676e-06
69 36 2.730598190576991e-07
75 36 4.235775855196837e-06
84 36 8.778335827764943e-06
34 37 3.457237346814145e-10
37 37 7.930822621423536e-09
73 37 1.227432842818036e-07
82 37 1.137966493332579e-07
85 37 2.354934459165899e-09
35 38 3.457237346814145e-10
38 38 7.930822621423536e-09
74 38 1.227432842818036e-07
83 38 1.137966493332579e-07
86 38 2.354934459165899e-09
36 39 3.457237346814145e-10
39 39 7.930822621423536e-09
75 39 1.227432842818036e-07
84 39 1.137966493332579e-07
87 39 2.354934459165899e-09
13 40 2.722783542844914e-07
31 40 5.289062248120948e-06
40 40 9.534014783852799e-06
76 40 4.064433087298684e-07
88 40 9.227973981682039e-08
14 41 2.722783542844914e-07
32 41 5.289062248120948e-06
41 41 9.534014783852799e-06
77 41 4.064433087298684e-07
89 41 9.227973981682039e-08
15 42 2.722783542844914e-07
33 42 5.289062248120948e-06
42 42 9.534014783852799e-06
78 42 4.064433087298684e-07
90 42 9.227973981682039e-08
16 43  -0.1036526059669484
17 43  0.02285205556362793
18 43  0.04442254541440571
43 43   0.5090646760117515
44 43 -0.05991617780064507
45 43  -0.1249062784089112
50 43 -0.01014446206896598
51 43 -0.005476806280312139
94 43 -0.001114415556631213
95 43  0.00167162333494682
96 43 -0.00167162333494682
98 43  0.02733374536518403
99 43 0.007148429615258959
16 44  0.03427808334543973
17 44 -0.02961503027627175
18 44 -0.03427808334543974
43 44 -0.05991617780064507
44 44   0.5286368704309133
45 44  -0.1613859096096802
49 44 -0.006762974712643837
51 44 -0.01812830937221832
94 44 0.001114415556631213
95 44 -0.003900454448209244
96 44  0.00167162333494682
97 44  0.01822249691012143
99 44 -0.02537092652538039
16 45  0.02961503027627177
17 45 -0.02285205556362793
18 45 -0.02961503027627175
43 45  -0.1249062784089112
44 45  -0.1613859096096802
45 45   0.6526397601704929
49 45 -0.008215209420468472
50 45 -0.02719246405833034
94 45 -0.001114415556631213
95 45 0.001114415556631213
96 45 -0.001114415556631213
97 45 0.009329624977099686
98 45 -0.03666337034228372
16 46 -0.00573239419389208
17 46 0.004584095320281597
19 46 -0.06392861341929454
20 46 0.008053420162597238
21 46  0.02240062056395485
46 46  0.08749462227504115
47 46 -0.007640158867135999
49 46 -0.01440228999123269
50 46 -0.002676330647037692
51 46  0.01235740498990063
53 46 -0.006895800337488164
54 46 0.004997356615742851
100 46 -0.003431324670621788
101 46 0.001898443721745315
104 46 0.001532880948876473
105 46 0.002044885001332065
16 47 0.003056063546854389
17 47 -0.02006337967862201
18 47 0.002676330647037691
19 47 0.007915666397443516
20 47 -0.01826531811979855
21 47 -0.004584095320281596
46 47 -0.007640158867135999
47 47   0.0647406241368292
48 47 -0.006690826617594347
49 47 -0.004014495970556463
50 47 -0.01440228999123269
51 47 0.006059380971888528
52 47 -0.006179236659779745
54 47 0.002847665582617826
100 47 0.002847665582617826
101 47 -0.01200963634717585
102 47 0.002299321423314711
103 47 0.002299321423314711
105 47 -0.004344206424646776
17 48 0.004014495970556462
18 48 -0.00573239419389208
19 48  0.01493374704263662
20 48 -0.003056063546854389
21 48 -0.01826531811979855
47 48 -0.006690826617594347
48 48  0.07783705195362091
49 48  0.01853610748485406
50 48 0.005743658149035781
51 48 -0.05040801496930843
52 48 0.003331571077161919
53 48 0.001898443721745315
101 48 0.001532880948876473
102 48 -0.003431324670621788
103 48 0.003067327501998091
104 48 -0.004600208450874562
17 49   0.0107774706832003
18 49  0.02761890685442251
44 49 -0.006762974712643837
45 49 -0.008215209420468472
46 49 -0.01440228999123269
47 49 -0.004014495970556463
48 49  0.01853610748485406
49 49   0.7426298223950972
50 49  -0.1239039392403796
51 49  -0.0454478109938829
79 49 -0.09479258065264043
80 49 -0.02855836839637723
81 49   0.0643482762825171
97 49  -0.0395448399078845
98 49  0.01694778853194975
99 49  0.00582171940765428
103 49 -0.03441526780502616
104 49  0.02255396908095869
105 49 -0.002044885001332065
107 49  0.01186129872406749
108 49 0.009676437046997746
16 50  0.01282079271600367
18 50 -0.04043969957042619
43 50 -0.01014446206896598
45 50 -0.02719246405833034
46 50 -0.002676330647037692
47 50 -0.01440228999123269
48 50 0.005743658149035781
49 50  -0.1239039392403796
50 50   0.8080145022457403
51 50  -0.1357049510616363
79 50  -0.0428375525945679
80 50 -0.09479258065264043
81 50  0.08803208018198211
97 50  0.01129852568796642
98 50 -0.01129852568796642
99 50 -0.00582171940765428
103 50  0.03383095362143991
104 50  -0.1204534373175815
105 50  0.01983683308743141
106 50  0.01779194808609934
108 50 -0.02746838513309709
16 51  0.01841260456961682
17 51 -0.02919007525281712
43 51 -0.005476806280312139
44 51 -0.01812830937221832
46 51  0.01235740498990063
47 51 0.006059380971888528
48 51 -0.05040801496930843
49 51  -0.0454478109938829
50 51  -0.1357049510616363
51 51   0.6782386213320073
79 51  0.08924526516420281
80 51  0.06675175099382732
81 51  -0.3317740322842486
97 51 0.008732579111481275
98 51 -0.008732579111481275
99 51 -0.01129852568796642
103 51 -0.003067327501998091
104 51  0.01492862622606557
105 51 -0.03441526780502616
106 51  0.01451465557049752
107 51   -0.026375954294565
19 52 -0.05895071536767559
20 52  0.04549548204246087
21 52 -0.003331571077161919
47 52 -0.006179236659779745
48 52 0.003331571077161919
52 52   0.7098619418100873
53 52  -0.1082612551463263
54 52 -0.05008169522296702
100 52  -0.1232976715979842
101 52  0.01804289366428373
102 52  0.02003267808918686
19 53  0.03310663059260728
20 53  -0.2063275037868849
21 53  0.03084144139081117
46 53 -0.006895800337488164
48 53 0.001898443721745315
52 53  -0.1082612551463263
53 53   0.7349130988165684
54 53 -0.07710360347701589
100 53  0.02469128584424424
101 53 -0.03522790617085276
102 53 -0.001898443721745315
19 54 -0.004997356615742851
20 54  0.04626216208621359
21 54 -0.05895071536767559
46 54 0.004997356615742851
47 54 0.002847665582617826
52 54 -0.05008169522296702
53 54 -0.07710360347701589
54 54   0.6785787612644703
100 54  0.03004901713378028
101 54 -0.002847665582617826
102 54 -0.03522790617085276
22 55 5.559438250953781e-05
28 55 1.502736839670505e-06
55 55 0.0005784518961234037
58 55 8.75368474128541e-06
64 55 4.510791026854262e-08
112 55 2.42482522474587e-05
115 55 2.464323812624003e-07
23 56 5.559438250953781e-05
29 56 1.502736839670505e-06
56 56 0.0005784518961234037
59 56 8.75368474128541e-06
65 56 4.510791026854262e-08
113 56 2.42482522474587e-05
116 56 2.464323812624003e-07
24 57 5.559438250953781e-05
30 57 1.502736839670505e-06
57 57 0.0005784518961234037
60 57 8.75368474128541e-06
66 57 4.510791026854262e-08
114 57 2.42482522474587e-05
117 57 2.464323812624003e-07
22 58 1.676891144121408e-06
34 58 2.91721658838676e-06
55 58 8.75368474128541e-06
58 58 8.632940332961486e-05
82 58 1.680515325517355e-05
115 58 2.912187652521143e-07
118 58 5.009063763788551e-08
23 59 1.676891144121408e-06
35 59 2.91721658838676e-06
56 59 8.75368474128541e-06
59 59 8.632940332961486e-05
83 59 1.680515325517355e-05
116 59 2.912187652521143e-07
119 59 5.009063763788551e-08
24 60 1.676891144121408e-06
36 60 2.91721658838676e-06
57 60 8.75368474128541e-06
60 60 8.632940332961486e-05
84 60 1.680515325517355e-05
117 60 2.912187652521143e-07
120 60 5.009063763788551e-08
25 61 3.787212848673405e-08
61 61 1.812132398598837e-07
64 61 5.404773694140293e-08
109 61 1.843862154781467e-07
26 62 3.787212848673405e-08
62 62 1.812132398598837e-07
65 62 5.404773694140293e-08
110 62 1.843862154781467e-07
27 63 3.787212848673405e-08
63 63 1.812132398598837e-07
66 63 5.404773694140293e-08
111 63 1.843862154781467e-07
25 64 3.779506507103819e-08
28 64 1.670411536277433e-08
55 64 4.510791026854262e-08
61 64 5.404773694140293e-08
64 64 1.602272385643678e-07
109 64 2.217841405566367e-07
112 64 5.746380956120373e-08
26 65 3.779506507103819e-08
29 65 1.670411536277433e-08
56 65 4.510791026854262e-08
62 65 5.404773694140293e-08
65 65 1.602272385643678e-07
110 65 2.217841405566367e-07
113 65 5.746380956120373e-08
27 66 3.779506507103819e-08
30 66 1.670411536277433e-08
57 66 4.510791026854262e-08
63 66 5.404773694140293e-08
66 66 1.602272385643678e-07
111 66 2.217841405566367e-07
114 66 5.746380956120373e-08
31 67 8.20312869892806e-08
34 67 2.730598190576991e-07
67 67 9.052291287864743e-05
70 67 2.094227633727899e-08
73 67 4.556005381462048e-05
76 67 2.438680499660037e-07
121 67 2.396157682879982e-05
127 67 1.974857130975185e-05
32 68 8.20312869892806e-08
35 68 2.730598190576991e-07
68 68 9.052291287864743e-05
71 68 2.094227633727899e-08
74 68 4.556005381462048e-05
77 68 2.438680499660037e-07
122 68 2.396157682879982e-05
128 68 1.974857130975185e-05
33 69 8.20312869892806e-08
36 69 2.730598190576991e-07
69 69 9.052291287864743e-05
72 69 2.094227633727899e-08
75 69 4.556005381462048e-05
78 69 2.438680499660037e-07
123 69 2.396157682879982e-05
129 69 1.974857130975185e-05
67 70 2.094227633727899e-08
70 70 1.854657051192994e-06
73 70 6.306228005338162e-06
127 70 7.935519966211587e-06
133 70 7.809745423076216e-10
136 70 1.767258572048697e-06
68 71 2.094227633727899e-08
71 71 1.854657051192994e-06
74 71 6.306228005338162e-06
128 71 7.935519966211587e-06
134 71 7.809745423076216e-10
137 71 1.767258572048697e-06
69 72 2.094227633727899e-08
72 72 1.854657051192994e-06
75 72 6.306228005338162e-06
129 72 7.935519966211587e-06
135 72 7.809745423076216e-10
138 72 1.767258572048697e-06
34 73 4.235775855196837e-06
37 73 1.227432842818036e-07
67 73 4.556005381462048e-05
70 73 6.306228005338162e-06
73 73 0.000708966213281756
82 73 0.0001546932244174303
85 73 3.415113649301766e-07
127 73  0.00012897536477638
136 73 8.391132808627317e-05
139 73 8.048562841569081e-05
35 74 4.235775855196837e-06
38 74 1.227432842818036e-07
68 74 4.556005381462048e-05
71 74 6.306228005338162e-06
74 74 0.000708966213281756
83 74 0.0001546932244174303
86 74 3.415113649301766e-07
128 74  0.00012897536477638
137 74 8.391132808627317e-05
140 74 8.048562841569081e-05
36 75 4.235775855196837e-06
39 75 1.227432842818036e-07
69 75 4.556005381462048e-05
72 75 6.306228005338162e-06
75 75 0.000708966213281756
84 75 0.0001546932244174303
87 75 3.415113649301766e-07
129 75  0.00012897536477638
138 75 8.391132808627317e-05
141 75 8.048562841569081e-05
31 76 1.636845645949623e-05
40 76 4.064433087298684e-07
67 76 2.438680499660037e-07
76 76 0.0001957587064047044
88 76 3.338311661637794e-07
91 76 1.19630047680136e-05
121 76 2.956143690971934e-06
142 76 1.14486582232286e-06
32 77 1.636845645949623e-05
41 77 4.064433087298684e-07
68 77 2.438680499660037e-07
77 77 0.0001957587064047044
89 77 3.338311661637794e-07
92 77 1.19630047680136e-05
122 77 2.956143690971934e-06
143 77 1.14486582232286e-06
33 78 1.636845645949623e-05
42 78 4.064433087298684e-07
69 78 2.438680499660037e-07
78 78 0.0001957587064047044
90 78 3.338311661637794e-07
93 78 1.19630047680136e-05
123 78 2.956143690971934e-06
144 78 1.14486582232286e-06
49 79 -0.09479258065264043
50 79  -0.0428375525945679
51 79  0.08924526516420281
79 79    1.056514996364752
80 79   -0.161493628901444
81 79   -0.149744061931009
98 79  0.01642662083591296
99 79 -0.02224834024356724
106 79  -0.0259128169970862
107 79  0.02591277446409682
108 79 -0.009676437046997746
130 79 -0.02965070566127114
131 79 -0.01027305768635169
132 79  0.01669620075612248
145 79  -0.1417742916258653
146 79   0.0443337898608887
147 79  0.02070854843726955
149 79 4.25329893788298e-08
150 79 1.174318744384111e-08
49 80 -0.02855836839637723
50 80 -0.09479258065264043
51 80  0.06675175099382732
79 80   -0.161493628901444
80 80   0.9725060171915475
81 80 -0.08761237923996915
97 80  0.01095108055727551
99 80  0.00582171940765428
106 80  0.03886916169614883
107 80 -0.09069485948980609
108 80 0.009676500846481813
130 80  -0.0154095865295235
131 80 -0.02965070566127114
132 80  0.03805278371666847
145 80  0.02955585990725999
146 80 -0.04050694046453548
147 80 -0.004281927601356589
148 80 6.379948406824481e-08
150 80 -7.554267151208588e-08
49 81   0.0643482762825171
50 81  0.08803208018198211
51 81  -0.3317740322842486
79 81   -0.149744061931009
80 81 -0.08761237923996915
81 81   0.8311369334161245
97 81 -0.01968365966875679
98 81 0.008732579111481275
106 81 -0.01451465557049752
107 81   0.0145146981034869
108 81  -0.0259128169970862
130 81  0.01969189163248388
131 81  0.02536853226377242
132 81  -0.1037774698144539
145 81  0.01737397195931044
146 81 -0.006422891402034934
147 81 -0.04050694046453548
148 81 1.761478116576166e-08
149 81 -6.014777054459143e-08
34 82 8.778335827764943e-06
37 82 1.137966493332579e-07
58 82 1.680515325517355e-05
73 82 0.0001546932244174303
82 82 0.000971656025880248
85 82  2.9054028210301e-07
118 82 4.399892930975311e-05
139 82 0.0001184075508144695
151 82 2.563918549445099e-05
35 83 8.778335827764943e-06
38 83 1.137966493332579e-07
59 83 1.680515325517355e-05
74 83 0.0001546932244174303
83 83 0.000971656025880248
86 83  2.9054028210301e-07
119 83 4.399892930975311e-05
140 83 0.0001184075508144695
152 83 2.563918549445099e-05
36 84 8.778335827764943e-06
39 84 1.137966493332579e-07
60 84 1.680515325517355e-05
75 84 0.0001546932244174303
84 84 0.000971656025880248
87 84  2.9054028210301e-07
120 84 4.399892930975311e-05
141 84 0.0001184075508144695
153 84 2.563918549445099e-05
37 85 2.354934459165899e-09
73 85 3.415113649301766e-07
82 85  2.9054028210301e-07
85 85 1.804748252725218e-08
139 85 3.093896649510054e-08
38 86 2.354934459165899e-09
74 86 3.415113649301766e-07
83 86  2.9054028210301e-07
86 86 1.804748252725218e-08
140 86 3.093896649510054e-08
39 87 2.354934459165899e-09
75 87 3.415113649301766e-07
84 87  2.9054028210301e-07
87 87 1.804748252725218e-08
141 87 3.093896649510054e-08
40 88 9.227973981682039e-08
76 88 3.338311661637794e-07
88 88 4.496167876002384e-07
91 88 4.639836372838284e-07
41 89 9.227973981682039e-08
77 89 3.338311661637794e-07
89 89 4.496167876002384e-07
92 89 4.639836372838284e-07
42 90 9.227973981682039e-08
78 90 3.338311661637794e-07
90 90 4.496167876002384e-07
93 90 4.639836372838284e-07
76 91 1.19630047680136e-05
88 91 4.639836372838284e-07
91 91 0.000284443182896075
142 91 1.028951567933148e-06
154 91 4.640084732181286e-07
160 91 1.196634963546744e-05
77 92 1.19630047680136e-05
89 92 4.639836372838284e-07
92 92 0.000284443182896075
143 92 1.028951567933148e-06
155 92 4.640084732181286e-07
161 92 1.196634963546744e-05
78 93 1.19630047680136e-05
90 93 4.639836372838284e-07
93 93 0.000284443182896075
144 93 1.028951567933148e-06
156 93 4.640084732181286e-07
162 93 1.196634963546744e-05
43 94 -0.001114415556631213
44 94 0.001114415556631213
45 94 -0.001114415556631213
94 94 0.007238261164706387
96 94 -0.002783016695246642
97 94 -0.00222762223472987
99 94 0.001669810017147984
157 94 -0.003896223373345299
158 94 0.001669810017147984
159 94 0.001113206678098656
43 95  0.00167162333494682
44 95 -0.003900454448209244
45 95 0.001114415556631213
95 95 0.007241283361037781
96 95 -0.002786038891578033
98 95 -0.00222762223472987
99 95  0.00167162333494682
157 95 0.001113206678098656
158 95 -0.001113206678098656
159 95 -0.001113206678098656
43 96 -0.00167162333494682
44 96  0.00167162333494682
45 96 -0.001114415556631213
94 96 -0.002783016695246642
95 96 -0.002786038891578033
96 96  0.01002430005628443
97 96 0.001113206678098656
98 96 0.001114415556631213
99 96 -0.007796677821554543
157 96 0.001669810017147984
158 96 -0.001669810017147984
159 96 -0.001113206678098656
44 97  0.01822249691012143
45 97 0.009329624977099686
49 97  -0.0395448399078845
50 97  0.01129852568796642
51 97 0.008732579111481275
80 97  0.01095108055727551
81 97 -0.01968365966875679
94 97 -0.00222762223472987
96 97 0.001113206678098656
97 97   0.5927001417487328
98 97 -0.05649420093088546
99 97  -0.1022139026531955
145 97 -0.08177300326463179
146 97 -0.02737487977709914
147 97  0.07227942214918907
158 97  0.02733294243267558
159 97 -0.03666244260867246
166 97  -0.0112991546843883
167 97  0.01694873202658059
168 97 -0.008732438528682371
170 97  0.01642379921982363
171 97 0.008732438528682371
43 98  0.02733374536518403
45 98 -0.03666337034228372
49 98  0.01694778853194975
50 98 -0.01129852568796642
51 98 -0.008732579111481275
79 98  0.01642662083591296
81 98 0.008732579111481275
95 98 -0.00222762223472987
96 98 0.001114415556631213
97 98 -0.05649420093088546
98 98   0.5927074024957151
99 98  -0.1022186055083942
145 98  -0.0273758203157955
146 98 -0.08177300326463179
147 98  0.07228036278491204
157 98  0.01822196162178363
159 98  0.00932950017599688
166 98  0.01129915468438831
167 98 -0.03954704139535851
168 98 0.008732438528682369
169 98  0.01094919947988254
171 98 -0.01968163800856491
43 99 0.007148429615258959
44 99 -0.02537092652538039
49 99  0.00582171940765428
50 99 -0.00582171940765428
51 99 -0.01129852568796642
79 99 -0.02224834024356724
80 99  0.00582171940765428
94 99 0.001669810017147984
95 99  0.00167162333494682
96 99 -0.007796677821554543
97 99  -0.1022139026531955
98 99  -0.1022186055083942
99 99   0.5200924766357174
145 99   0.0573121818971913
146 99  0.05731124142317707
147 99  -0.2862055114262078
157 99 -0.02536930063753121
158 99 0.007147339015747578
166 99 -0.005821625685788713
167 99 0.005821625685788712
168 99  -0.0112991546843883
169 99 0.005821625685788713
170 99 -0.02224542490561234
46 100 -0.003431324670621788
47 100 0.002847665582617826
52 100  -0.1232976715979842
53 100  0.02469128584424424
54 100  0.03004901713378028
100 100   0.2117259747500367
101 100 -0.009491448060256796
102 100 -0.003832592274167201
103 100 -0.03776684583852023
104 100 -0.003832436313376797
105 100  0.02118170991704894
163 100 -0.01200910344208528
164 100  0.00189813550235748
165 100 0.001533036909666881
172 100 -0.03522102920082497
173 100  0.01804244623707034
174 100 -0.002847203253536217
46 101 0.001898443721745315
47 101 -0.01200963634717585
48 101 0.001532880948876473
52 101  0.01804289366428373
53 101 -0.03522790617085276
54 101 -0.002847665582617826
100 101 -0.009491448060256796
101 101   0.2117091629714608
102 101 -0.003832202372191185
103 101 -0.003832358332981593
104 101 -0.03776684583852023
105 101  0.02118401270928632
163 101 0.002847203253536217
164 101 -0.003431172412024359
172 101  0.02469099997765865
173 101  -0.1232736022028874
174 101   0.0300386793259363
47 102 0.002299321423314711
48 102 -0.003431324670621788
52 102  0.02003267808918686
53 102 -0.001898443721745315
54 102 -0.03522790617085276
100 102 -0.003832592274167201
101 102 -0.003832202372191185
102 102   0.2094953928891451
103 102  0.02985626873848864
104 102  0.02985991787783393
105 102  -0.1321839604348212
163 102 0.002299555364500323
165 102 -0.003431172412024359
172 102 -0.00189813550235748
173 102  0.02002578621729083
174 102 -0.03522102920082497
47 103 0.002299321423314711
48 103 0.003067327501998091
49 103 -0.03441526780502616
50 103  0.03383095362143991
51 103 -0.003067327501998091
100 103 -0.03776684583852023
101 103 -0.003832358332981593
102 103  0.02985626873848864
103 103   0.7584578379722009
104 103  -0.1127746978060081
105 103 -0.07685899615926009
106 103 -0.08594942535824782
107 103 -0.02965346459080134
108 103  0.06076684009020634
164 103 0.001533036909666881
165 103 -0.004602710549176073
166 103   -0.120460738834102
167 103  0.02255591004144672
168 103  0.01493111755066488
46 104 0.001532880948876473
48 104 -0.004600208450874562
49 104  0.02255396908095869
50 104  -0.1204534373175815
51 104  0.01492862622606557
100 104 -0.003832436313376797
101 104 -0.03776684583852023
102 104  0.02985991787783393
103 104  -0.1127746978060081
104 104   0.7584636216980088
105 104 -0.07686497502509143
106 104 -0.02965339199725504
107 104 -0.08594942535824782
108 104  0.06076669922087466
163 104 0.002299555364500323
165 104 0.003069673639509193
166 104  0.03383386506217096
167 104  -0.0344173539526024
168 104 -0.003069673639509193
46 105 0.002044885001332065
47 105 -0.004344206424646776
49 105 -0.002044885001332065
50 105  0.01983683308743141
51 105 -0.03441526780502616
100 105  0.02118170991704894
101 105  0.02118401270928632
102 105  -0.1321839604348212
103 105 -0.07685899615926009
104 105 -0.07686497502509143
105 105   0.7151155974723468
106 105  0.07632345524635048
107 105  0.07632342542622889
108 105  -0.3008229887538414
163 105 -0.004346004457506419
164 105 0.002046449093006096
166 105  0.01983861495973994
167 105 -0.002046449093006096
168 105  -0.0344173539526024
50 106  0.01779194808609934
51 106  0.01451465557049752
79 106  -0.0259128169970862
80 106  0.03886916169614883
81 106 -0.01451465557049752
103 106 -0.08594942535824782
104 106 -0.02965339199725504
105 106  0.07632345524635048
106 106   0.8309198174263093
107 106  -0.1295627734495966
108 106  -0.1074367918919534
148 106 -0.02269094116376446
149 106 -1.063329580528455e-07
150 106   0.0113455805177885
167 106  0.01186144391115569
168 106 -0.02637535582779678
169 106 -0.09069332107168053
170 106  0.02591233491573757
171 106  0.01451395444995354
49 107  0.01186129872406749
51 107   -0.026375954294565
79 107  0.02591277446409682
80 107 -0.09069485948980609
81 107   0.0145146981034869
103 107 -0.02965346459080134
104 107 -0.08594942535824782
105 107  0.07632342542622889
106 107  -0.1295627734495966
107 107   0.8309215140642883
108 107   -0.107436984169411
148 107 -1.063327965175886e-07
149 107 -0.02269094116376446
150 107  0.01134548824542871
166 107  0.01779216586673385
168 107  0.01451391191664109
169 107  0.03886850237361336
170 107 -0.02591237744905001
171 107 -0.01451391191664109
49 108 0.009676437046997746
50 108 -0.02746838513309709
79 108 -0.009676437046997746
80 108 0.009676500846481813
81 108  -0.0259128169970862
103 108  0.06076684009020634
104 108  0.06076669922087466
105 108  -0.3008229887538414
106 108  -0.1074367918919534
107 108   -0.107436984169411
108 108   0.7012547491485256
148 108  0.01701831761004214
149 108  0.01701817920190397
150 108 -0.07941829407319902
166 108 -0.02746810714449513
167 108 0.009675941277761283
169 108 0.009676005077729952
170 108 -0.009675941277761283
171 108 -0.02591237744905001
61 109 1.843862154781467e-07
64 109 2.217841405566367e-07
109 109 0.0001083645413926101
112 109 3.319498437519842e-05
184 109 1.843862154781467e-07
187 109 2.217667399239316e-07
62 110 1.843862154781467e-07
65 110 2.217841405566367e-07
110 110 0.0001083645413926101
113 110 3.319498437519842e-05
185 110 1.843862154781467e-07
188 110 2.217667399239316e-07
63 111 1.843862154781467e-07
66 111 2.217841405566367e-07
111 111 0.0001083645413926101
114 111 3.319498437519842e-05
186 111 1.843862154781467e-07
189 111 2.217667399239316e-07
55 112 2.42482522474587e-05
64 112 5.746380956120373e-08
109 112 3.319498437519842e-05
112 112 0.0001131783538362756
115 112 1.338723043228343e-07
175 112 2.42579800812904e-05
187 112 5.745741226491084e-08
56 113 2.42482522474587e-05
65 113 5.746380956120373e-08
110 113 3.319498437519842e-05
113 113 0.0001131783538362756
116 113 1.338723043228343e-07
176 113 2.42579800812904e-05
188 113 5.745741226491084e-08
57 114 2.42482522474587e-05
66 114 5.746380956120373e-08
111 114 3.319498437519842e-05
114 114 0.0001131783538362756
117 114 1.338723043228343e-07
177 114 2.42579800812904e-05
189 114 5.745741226491084e-08
55 115 2.464323812624003e-07
58 115 2.912187652521143e-07
112 115 1.338723043228343e-07
115 115 9.16489269483348e-07
118 115 7.296608024541779e-09
175 115 2.46445893105778e-07
178 115 2.912551021778545e-07
56 116 2.464323812624003e-07
59 116 2.912187652521143e-07
113 116 1.338723043228343e-07
116 116 9.16489269483348e-07
119 116 7.296608024541779e-09
176 116 2.46445893105778e-07
179 116 2.912551021778545e-07
57 117 2.464323812624003e-07
60 117 2.912187652521143e-07
114 117 1.338723043228343e-07
117 117 9.16489269483348e-07
120 117 7.296608024541779e-09
177 117 2.46445893105778e-07
180 117 2.912551021778545e-07
58 118 5.009063763788551e-08
82 118 4.399892930975311e-05
115 118 7.296608024541779e-09
118 118 9.966203156713349e-05
151 118 1.435293147722375e-05
178 118 5.009989556045452e-08
181 118 4.399870653783877e-05
59 119 5.009063763788551e-08
83 119 4.399892930975311e-05
116 119 7.296608024541779e-09
119 119 9.966203156713349e-05
152 119 1.435293147722375e-05
179 119 5.009989556045452e-08
182 119 4.399870653783877e-05
60 120 5.009063763788551e-08
84 120 4.399892930975311e-05
117 120 7.296608024541779e-09
120 120 9.966203156713349e-05
153 120 1.435293147722375e-05
180 120 5.009989556045452e-08
183 120 4.399870653783877e-05
67 121 2.396157682879982e-05
76 121 2.956143690971934e-06
121 121 0.0002947877733274748
124 121 7.904743547208448e-12
127 121 2.389007288382025e-05
142 121 1.601421755161868e-08
190 121 6.790082624077598e-06
193 121 4.560396909808323e-05
68 122 2.396157682879982e-05
77 122 2.956143690971934e-06
122 122 0.0002947877733274748
125 122 7.904743547208448e-12
128 122 2.389007288382025e-05
143 122 1.601421755161868e-08
191 122 6.790082624077598e-06
194 122 4.560396909808323e-05
69 123 2.396157682879982e-05
78 123 2.956143690971934e-06
123 123 0.0002947877733274748
126 123 7.904743547208448e-12
129 123 2.389007288382025e-05
144 123 1.601421755161868e-08
192 123 6.790082624077598e-06
195 123 4.560396909808323e-05
121 124 7.904743547208448e-12
124 124 2.689710244857248e-11
127 124 2.980699617117424e-09
193 124 2.771144276579639e-09
199 124 6.915132648305465e-11
122 125 7.904743547208448e-12
125 125 2.689710244857248e-11
128 125 2.980699617117424e-09
194 125 2.771144276579639e-09
200 125 6.915132648305465e-11
123 126 7.904743547208448e-12
126 126 2.689710244857248e-11
129 126 2.980699617117424e-09
195 126 2.771144276579639e-09
201 126 6.915132648305465e-11
67 127 1.974857130975185e-05
70 127 7.935519966211587e-06
73 127  0.00012897536477638
121 127 2.389007288382025e-05
124 127 2.980699617117424e-09
127 127 0.0007773266760923934
133 127 7.469194585098619e-08
136 127 0.0001447479440484376
193 127 0.0001581508703801056
199 127 3.958297643981564e-07
202 127 4.617389738884735e-05
68 128 1.974857130975185e-05
71 128 7.935519966211587e-06
74 128  0.00012897536477638
122 128 2.389007288382025e-05
125 128 2.980699617117424e-09
128 128 0.0007773266760923934
134 128 7.469194585098619e-08
137 128 0.0001447479440484376
194 128 0.0001581508703801056
200 128 3.958297643981564e-07
203 128 4.617389738884735e-05
69 129 1.974857130975185e-05
72 129 7.935519966211587e-06
75 129  0.00012897536477638
123 129 2.389007288382025e-05
126 129 2.980699617117424e-09
129 129 0.0007773266760923934
135 129 7.469194585098619e-08
138 129 0.0001447479440484376
195 129 0.0001581508703801056
201 129 3.958297643981564e-07
204 129 4.617389738884735e-05
79 130 -0.02965070566127114
80 130  -0.0154095865295235
81 130  0.01969189163248388
130 130   0.3501044711785763
131 130 -0.05564750965430577
132 130 -0.02568331856538601
146 130 0.004914337495770704
147 130 -0.009196265097127291
148 130 -0.004869180422378099
149 130 0.002673587100310949
150 130 -1.174318744384111e-08
196 130 -0.04270886169984136
197 130   0.0133894603755891
198 130 0.004914355567839329
205 130  -0.0202439051273608
206 130 -0.003767113961229534
207 130  0.01656338027078655
209 130 0.002195593322067152
210 130 0.003680374256095941
79 131 -0.01027305768635169
80 131 -0.02965070566127114
81 131  0.02536853226377242
130 131 -0.05564750965430577
131 131    0.370029062709032
132 131 -0.009418213352324047
145 131 0.003276224997180427
147 131 0.004281927601356589
148 131 0.004010380650466525
149 131 -0.01704213147832331
150 131 0.003293401726288175
196 131 0.008926306917059802
197 131 -0.01220253191424022
198 131 -1.807206862737973e-08
205 131 -0.005650670941844271
206 131  -0.0202439051273608
207 131 0.009331284652709142
208 131 0.003293389983100732
210 131 -0.006973764239196672
79 132  0.01669620075612248
80 132  0.03805278371666847
81 132  -0.1037774698144539
130 132 -0.02568331856538601
131 132 -0.009418213352324047
132 132   0.3124854293847336
145 132 -0.009699116399215359
146 132 0.006422891402034934
148 132 -1.761478116576166e-08
149 132 0.002195610936848318
150 132 -0.004869180422378099
196 132 0.003276252105283367
197 132 -2.710810294106963e-08
198 132 -0.01220253191424022
205 132   0.0248450478160921
206 132 0.009287834981885935
207 132  -0.0708536679457622
208 132 0.005520561384143783
209 132 -0.007716154706210933
70 133 7.809745423076216e-10
127 133 7.469194585098619e-08
133 133 2.046285216341902e-09
136 133  1.9880993393423e-08
202 133 1.275564853508376e-09
71 134 7.809745423076216e-10
128 134 7.469194585098619e-08
134 134 2.046285216341902e-09
137 134  1.9880993393423e-08
203 134 1.275564853508376e-09
72 135 7.809745423076216e-10
129 135 7.469194585098619e-08
135 135 2.046285216341902e-09
138 135  1.9880993393423e-08
204 135 1.275564853508376e-09
70 136 1.767258572048697e-06
73 136 8.391132808627317e-05
127 136 0.0001447479440484376
133 136  1.9880993393423e-08
136 136 0.0002335019204322655
139 136 4.184938086248346e-05
202 136 4.648785184013099e-06
211 136 1.126173028274301e-08
214 136 2.819746629226753e-08
71 137 1.767258572048697e-06
74 137 8.391132808627317e-05
128 137 0.0001447479440484376
134 137  1.9880993393423e-08
137 137 0.0002335019204322655
140 137 4.184938086248346e-05
203 137 4.648785184013099e-06
212 137 1.126173028274301e-08
215 137 2.819746629226753e-08
72 138 1.767258572048697e-06
75 138 8.391132808627317e-05
129 138 0.0001447479440484376
135 138  1.9880993393423e-08
138 138 0.0002335019204322655
141 138 4.184938086248346e-05
204 138 4.648785184013099e-06
213 138 1.126173028274301e-08
216 138 2.819746629226753e-08
73 139 8.048562841569081e-05
82 139 0.0001184075508144695
85 139 3.093896649510054e-08
136 139 4.184938086248346e-05
139 139 0.000462465525044386
151 139 1.810457189875866e-05
214 139 6.970310222983651e-07
217 139 3.869198352622508e-09
74 140 8.048562841569081e-05
83 140 0.0001184075508144695
86 140 3.093896649510054e-08
137 140 4.184938086248346e-05
140 140 0.000462465525044386
152 140 1.810457189875866e-05
215 140 6.970310222983651e-07
218 140 3.869198352622508e-09
75 141 8.048562841569081e-05
84 141 0.0001184075508144695
87 141 3.093896649510054e-08
138 141 4.184938086248346e-05
141 141 0.000462465525044386
153 141 1.810457189875866e-05
216 141 6.970310222983651e-07
219 141 3.869198352622508e-09
76 142 1.14486582232286e-06
91 142 1.028951567933148e-06
121 142 1.601421755161868e-08
142 142 2.540943537010618e-06
160 142 1.145069548852208e-06
190 142 7.379400074506272e-09
220 142 1.601304099921411e-08
77 143 1.14486582232286e-06
92 143 1.028951567933148e-06
122 143 1.601421755161868e-08
143 143 2.540943537010618e-06
161 143 1.145069548852208e-06
191 143 7.379400074506272e-09
221 143 1.601304099921411e-08
78 144 1.14486582232286e-06
93 144 1.028951567933148e-06
123 144 1.601421755161868e-08
144 144 2.540943537010618e-06
162 144 1.145069548852208e-06
192 144 7.379400074506272e-09
222 144 1.601304099921411e-08
79 145  -0.1417742916258653
80 145  0.02955585990725999
81 145  0.01737397195931044
97 145 -0.08177300326463179
98 145  -0.0273758203157955
99 145   0.0573121818971913
131 145 0.003276224997180427
132 145 -0.009699116399215359
145 145    0.865552108879213
146 145  -0.1477827700471144
147 145 -0.09268412386777115
169 145 -0.04050644759147977
170 145   0.0443358721673962
171 145 -0.006422404805420538
196 145 -0.05224516259494193
197 145 -0.008190525570037008
198 145  0.04246007848192894
224 145 0.004914300572856582
225 145 0.006422404805420538
79 146   0.0443337898608887
80 146 -0.04050694046453548
81 146 -0.006422891402034934
97 146 -0.02737487977709914
98 146 -0.08177300326463179
99 146  0.05731124142317707
130 146 0.004914337495770704
132 146 0.006422891402034934
145 146  -0.1477827700471144
146 146   0.8655474045775395
147 146 -0.09267948271248272
169 146  0.02955724811159725
170 146  -0.1417725665702154
171 146  0.01737160428530307
196 146 -0.008190537877674462
197 146 -0.05224516259494193
198 146  0.04246009078956857
223 146 0.003276200381903758
225 146 -0.009698605187324296
79 147  0.02070854843726955
80 147 -0.004281927601356589
81 147 -0.04050694046453548
97 147  0.07227942214918907
98 147  0.07228036278491204
99 147  -0.2862055114262078
130 147 -0.009196265097127291
131 147 0.004281927601356589
145 147 -0.09268412386777115
146 147 -0.09267948271248272
147 147   0.7941887320057445
169 147 -0.004281603203613929
170 147  0.02070540242343755
171 147 -0.04050644759147977
196 147  0.03103690648560286
197 147  0.03103689417796636
198 147  -0.1828580690822975
223 147 0.004281603203613929
224 147 -0.009195903776470504
80 148 6.379948406824481e-08
81 148 1.761478116576166e-08
106 148 -0.02269094116376446
107 148 -1.063327965175886e-07
108 148  0.01701831761004214
130 148 -0.004869180422378099
131 148 0.004010380650466525
132 148 -1.761478116576166e-08
148 148   0.3461773135481975
149 148 -0.01336818292459807
150 148 -0.03385257379149437
170 148 4.253331244934382e-08
171 148 -6.0148123357523e-08
208 148 -0.04362034024943211
209 148 -0.005488862520234959
210 148  0.02510218664649048
223 148 -0.01704219603907382
224 148 0.002673686069528306
225 148 0.002195530413589435
79 149 4.25329893788298e-08
81 149 -6.014777054459143e-08
