%%MatrixMarket matrix coordinate real general
4077 4077 119231
1 1 1.221828470820616e-08
4 1 1.670669994974602e-10
7 1 -2.755961876319646e-11
40 1 -2.73546497085119e-11
43 1 1.658160628837036e-10
46 1 5.334798939646034e-09
49 1 -1.035255704759147e-09
58 1 -1.131388473713781e-11
100 1 -6.907150120648665e-12
103 1 2.371515629091767e-10
106 1 -3.841335725884073e-11
109 1 -1.114535782146151e-11
124 1 -2.625281224834176e-08
130 1 -9.234559856510898e-10
133 1 -6.531326617481791e-10
136 1 -1.049495433631567e-08
139 1 -6.579791980056812e-10
145 1 -1.064761078677936e-08
148 1 -2.53172060597516e-08
2 2 1.221828470820616e-08
5 2 1.670669994974602e-10
8 2 -2.755961876319646e-11
41 2 -2.73546497085119e-11
44 2 1.658160628837036e-10
47 2 5.334798939646034e-09
50 2 -1.035255704759147e-09
59 2 -1.131388473713781e-11
101 2 -6.907150120648665e-12
104 2 2.371515629091767e-10
107 2 -3.841335725884073e-11
110 2 -1.114535782146151e-11
125 2 -2.625281224834176e-08
131 2 -9.234559856510898e-10
134 2 -6.531326617481791e-10
137 2 -1.049495433631567e-08
140 2 -6.579791980056812e-10
146 2 -1.064761078677936e-08
149 2 -2.53172060597516e-08
3 3 1.221828470820616e-08
6 3 1.670669994974602e-10
9 3 -2.755961876319646e-11
42 3 -2.73546497085119e-11
45 3 1.658160628837036e-10
48 3 5.334798939646034e-09
51 3 -1.035255704759147e-09
60 3 -1.131388473713781e-11
102 3 -6.907150120648665e-12
105 3 2.371515629091767e-10
108 3 -3.841335725884073e-11
111 3 -1.114535782146151e-11
126 3 -2.625281224834176e-08
132 3 -9.234559856510898e-10
135 3 -6.531326617481791e-10
138 3 -1.049495433631567e-08
141 3 -6.579791980056812e-10
147 3 -1.064761078677936e-08
150 3 -2.53172060597516e-08
1 4 1.670669994974602e-10
4 4 1.234474204431855e-08
7 4 -2.756237280089491e-11
10 4 1.692514142857059e-10
13 4 -2.791912168298503e-11
46 4 2.414914880488907e-10
49 4 -1.131373039125599e-11
52 4 5.441344072130757e-09
55 4 -7.125444498996012e-12
58 4 -3.913950492503736e-11
61 4 -1.056840016700829e-09
70 4 -1.161129758768032e-11
139 4 -2.649973988660875e-08
145 4 -9.405313949894828e-10
148 4 -6.579732592907821e-10
154 4 -1.069235840903237e-08
157 4 -6.66435407245589e-10
163 4 -1.088119917702595e-08
166 4 -2.559288696907457e-08
2 5 1.670669994974602e-10
5 5 1.234474204431855e-08
8 5 -2.756237280089491e-11
11 5 1.692514142857059e-10
14 5 -2.791912168298503e-11
47 5 2.414914880488907e-10
50 5 -1.131373039125599e-11
53 5 5.441344072130757e-09
56 5 -7.125444498996012e-12
59 5 -3.913950492503736e-11
62 5 -1.056840016700829e-09
71 5 -1.161129758768032e-11
140 5 -2.649973988660875e-08
146 5 -9.405313949894828e-10
149 5 -6.579732592907821e-10
155 5 -1.069235840903237e-08
158 5 -6.66435407245589e-10
164 5 -1.088119917702595e-08
167 5 -2.559288696907457e-08
3 6 1.670669994974602e-10
6 6 1.234474204431855e-08
9 6 -2.756237280089491e-11
12 6 1.692514142857059e-10
15 6 -2.791912168298503e-11
48 6 2.414914880488907e-10
51 6 -1.131373039125599e-11
54 6 5.441344072130757e-09
57 6 -7.125444498996012e-12
60 6 -3.913950492503736e-11
63 6 -1.056840016700829e-09
72 6 -1.161129758768032e-11
141 6 -2.649973988660875e-08
147 6 -9.405313949894828e-10
150 6 -6.579732592907821e-10
156 6 -1.069235840903237e-08
159 6 -6.66435407245589e-10
165 6 -1.088119917702595e-08
168 6 -2.559288696907457e-08
1 7 -2.755961876319646e-11
4 7 -2.756237280089491e-11
7 7 4.088152889783654e-12
46 7 -1.148227639868751e-11
49 7 1.617919211944515e-12
58 7 1.618227903708148e-12
139 7 1.106759247304318e-10
145 7 4.397409436794255e-11
148 7 1.106640473006321e-10
2 8 -2.755961876319646e-11
5 8 -2.756237280089491e-11
8 8 4.088152889783654e-12
47 8 -1.148227639868751e-11
50 8 1.617919211944515e-12
59 8 1.618227903708148e-12
140 8 1.106759247304318e-10
146 8 4.397409436794255e-11
149 8 1.106640473006321e-10
3 9 -2.755961876319646e-11
6 9 -2.756237280089491e-11
9 9 4.088152889783654e-12
48 9 -1.148227639868751e-11
51 9 1.617919211944515e-12
60 9 1.618227903708148e-12
141 9 1.106759247304318e-10
147 9 4.397409436794255e-11
150 9 1.106640473006321e-10
4 10 1.692514142857059e-10
10 10 1.254228765856531e-08
13 10 -2.792420767055776e-11
16 10 1.724422678196358e-10
19 10 -2.844463886586164e-11
52 10 2.491350848893554e-10
61 10 -1.161100882230757e-11
64 10 5.609059769405473e-09
67 10 -7.513489745681028e-12
70 10 -4.041759175802361e-11
73 10 -1.090883725803194e-09
82 10 -1.205273200998157e-11
157 10 -2.689751557017492e-08
163 10 -9.706209492112237e-10
166 10 -6.664244437232011e-10
172 10 -1.101241685770799e-08
175 10 -6.78779740359308e-10
181 10 -1.124009963286864e-08
184 10 -2.60110180192732e-08
5 11 1.692514142857059e-10
11 11 1.254228765856531e-08
14 11 -2.792420767055776e-11
17 11 1.724422678196358e-10
20 11 -2.844463886586164e-11
53 11 2.491350848893554e-10
62 11 -1.161100882230757e-11
65 11 5.609059769405473e-09
68 11 -7.513489745681028e-12
71 11 -4.041759175802361e-11
74 11 -1.090883725803194e-09
83 11 -1.205273200998157e-11
158 11 -2.689751557017492e-08
164 11 -9.706209492112237e-10
167 11 -6.664244437232011e-10
173 11 -1.101241685770799e-08
176 11 -6.78779740359308e-10
182 11 -1.124009963286864e-08
185 11 -2.60110180192732e-08
6 12 1.692514142857059e-10
12 12 1.254228765856531e-08
15 12 -2.792420767055776e-11
18 12 1.724422678196358e-10
21 12 -2.844463886586164e-11
54 12 2.491350848893554e-10
63 12 -1.161100882230757e-11
66 12 5.609059769405473e-09
69 12 -7.513489745681028e-12
72 12 -4.041759175802361e-11
75 12 -1.090883725803194e-09
84 12 -1.205273200998157e-11
159 12 -2.689751557017492e-08
165 12 -9.706209492112237e-10
168 12 -6.664244437232011e-10
174 12 -1.101241685770799e-08
177 12 -6.78779740359308e-10
183 12 -1.124009963286864e-08
186 12 -2.60110180192732e-08
4 13 -2.791912168298503e-11
10 13 -2.792420767055776e-11
13 13 4.141686087548847e-12
52 13 -1.177551565607611e-11
61 13 1.660350824681126e-12
70 13 1.660928355426608e-12
157 13  1.1210782573255e-10
163 13 4.511269813208633e-11
166 13 1.120858986877731e-10
5 14 -2.791912168298503e-11
11 14 -2.792420767055776e-11
14 14 4.141686087548847e-12
53 14 -1.177551565607611e-11
62 14 1.660350824681126e-12
71 14 1.660928355426608e-12
158 14  1.1210782573255e-10
164 14 4.511269813208633e-11
167 14 1.120858986877731e-10
6 15 -2.791912168298503e-11
12 15 -2.792420767055776e-11
15 15 4.141686087548847e-12
54 15 -1.177551565607611e-11
63 15 1.660350824681126e-12
72 15 1.660928355426608e-12
159 15  1.1210782573255e-10
165 15 4.511269813208633e-11
168 15 1.120858986877731e-10
10 16 1.724422678196358e-10
16 16 1.281766824443822e-08
19 16 -2.8452262833472e-11
22 16 1.767513871958362e-10
25 16 -2.915460885415042e-11
64 16 2.605328526583933e-10
73 16 -1.205229099979442e-11
76 16 5.846244245779706e-09
79 16 -8.105193536570565e-12
82 16 -4.232524074443708e-11
85 16 -1.139157136427083e-09
94 16 -1.266193949703185e-11
175 16 -2.745909952553576e-08
181 16 -1.015515570048005e-09
184 16 -6.787633140066336e-10
190 16 -1.147112097645688e-08
193 16 -6.954365558160077e-10
199 16 -1.174271185745126e-08
202 16 -2.658586343595489e-08
11 17 1.724422678196358e-10
17 17 1.281766824443822e-08
20 17 -2.8452262833472e-11
23 17 1.767513871958362e-10
26 17 -2.915460885415042e-11
65 17 2.605328526583933e-10
74 17 -1.205229099979442e-11
77 17 5.846244245779706e-09
80 17 -8.105193536570565e-12
83 17 -4.232524074443708e-11
86 17 -1.139157136427083e-09
95 17 -1.266193949703185e-11
176 17 -2.745909952553576e-08
182 17 -1.015515570048005e-09
185 17 -6.787633140066336e-10
191 17 -1.147112097645688e-08
194 17 -6.954365558160077e-10
200 17 -1.174271185745126e-08
203 17 -2.658586343595489e-08
12 18 1.724422678196358e-10
18 18 1.281766824443822e-08
21 18 -2.8452262833472e-11
24 18 1.767513871958362e-10
27 18 -2.915460885415042e-11
66 18 2.605328526583933e-10
75 18 -1.205229099979442e-11
78 18 5.846244245779706e-09
81 18 -8.105193536570565e-12
84 18 -4.232524074443708e-11
87 18 -1.139157136427083e-09
96 18 -1.266193949703185e-11
177 18 -2.745909952553576e-08
183 18 -1.015515570048005e-09
186 18 -6.787633140066336e-10
192 18 -1.147112097645688e-08
195 18 -6.954365558160077e-10
201 18 -1.174271185745126e-08
204 18 -2.658586343595489e-08
10 19 -2.844463886586164e-11
16 19 -2.8452262833472e-11
19 19 4.219869316822913e-12
64 19 -1.221016926567625e-11
73 19  1.7233739237549e-12
82 19 1.724255944129203e-12
175 19 1.141963496360326e-10
181 19 4.680154660718649e-11
184 19 1.141634969306821e-10
11 20 -2.844463886586164e-11
17 20 -2.8452262833472e-11
20 20 4.219869316822913e-12
65 20 -1.221016926567625e-11
74 20  1.7233739237549e-12
83 20 1.724255944129203e-12
176 20 1.141963496360326e-10
182 20 4.680154660718649e-11
185 20 1.141634969306821e-10
12 21 -2.844463886586164e-11
18 21 -2.8452262833472e-11
21 21 4.219869316822913e-12
66 21 -1.221016926567625e-11
75 21  1.7233739237549e-12
84 21 1.724255944129203e-12
177 21 1.141963496360326e-10
183 21 4.680154660718649e-11
186 21 1.141634969306821e-10
16 22 1.767513871958362e-10
22 22 1.318074166239178e-08
25 22 -2.916508049933426e-11
28 22 1.823397510062949e-10
31 22 -3.007558376428385e-11
76 22 2.764005378786101e-10
85 22 -1.266131866178755e-11
88 22 6.165332869481011e-09
91 22 -8.956434286649876e-12
94 22 -4.498612070924093e-11
97 22 -1.204327713109221e-09
118 22 -1.347430220674853e-11
193 22 -2.820467305927855e-08
199 22 -1.078063771258779e-09
202 22 -6.954140089914131e-10
208 22 -1.209330923953523e-08
211 22 -7.170155231616042e-10
217 22 -1.241588521552895e-08
220 22 -2.733692764134756e-08
17 23 1.767513871958362e-10
23 23 1.318074166239178e-08
26 23 -2.916508049933426e-11
29 23 1.823397510062949e-10
32 23 -3.007558376428385e-11
77 23 2.764005378786101e-10
86 23 -1.266131866178755e-11
89 23 6.165332869481011e-09
92 23 -8.956434286649876e-12
95 23 -4.498612070924093e-11
98 23 -1.204327713109221e-09
119 23 -1.347430220674853e-11
194 23 -2.820467305927855e-08
200 23 -1.078063771258779e-09
203 23 -6.954140089914131e-10
209 23 -1.209330923953523e-08
212 23 -7.170155231616042e-10
218 23 -1.241588521552895e-08
221 23 -2.733692764134756e-08
18 24 1.767513871958362e-10
24 24 1.318074166239178e-08
27 24 -2.916508049933426e-11
30 24 1.823397510062949e-10
33 24 -3.007558376428385e-11
78 24 2.764005378786101e-10
87 24 -1.266131866178755e-11
90 24 6.165332869481011e-09
93 24 -8.956434286649876e-12
96 24 -4.498612070924093e-11
99 24 -1.204327713109221e-09
120 24 -1.347430220674853e-11
195 24 -2.820467305927855e-08
201 24 -1.078063771258779e-09
204 24 -6.954140089914131e-10
210 24 -1.209330923953523e-08
213 24 -7.170155231616042e-10
219 24 -1.241588521552895e-08
222 24 -2.733692764134756e-08
16 25 -2.915460885415042e-11
22 25 -2.916508049933426e-11
25 25 4.325450068249078e-12
76 25 -1.280887530780102e-11
85 25 1.810382403698061e-12
94 25 1.811624074186663e-12
193 25 1.170136476921731e-10
199 25 4.91300055354791e-11
202 25 1.169685540429837e-10
17 26 -2.915460885415042e-11
23 26 -2.916508049933426e-11
26 26 4.325450068249078e-12
77 26 -1.280887530780102e-11
86 26 1.810382403698061e-12
95 26 1.811624074186663e-12
194 26 1.170136476921731e-10
200 26 4.91300055354791e-11
203 26 1.169685540429837e-10
18 27 -2.915460885415042e-11
24 27 -2.916508049933426e-11
27 27 4.325450068249078e-12
78 27 -1.280887530780102e-11
87 27 1.810382403698061e-12
96 27 1.811624074186663e-12
195 27 1.170136476921731e-10
201 27 4.91300055354791e-11
204 27 1.169685540429837e-10
22 28 1.823397510062949e-10
28 28 1.364573260072079e-08
31 28 -3.008934693835245e-11
34 28 1.894336409238253e-10
37 28 -3.124489838556436e-11
88 28 2.978218322164335e-10
97 28 -1.347346050392184e-11
112 28 6.58459423629303e-09
115 28 -1.015618751573087e-11
118 28 -4.858830053763159e-11
121 28 -1.290354548560105e-09
211 28 -2.916291572340997e-08
217 28 -1.162584433236862e-09
220 28 -7.169859148446206e-10
226 28 -1.454173371312592e-11
229 28 -1.291546973225256e-08
232 28 -7.44371447656462e-10
238 28 -1.32993133225435e-08
241 28 -2.829270181864005e-08
23 29 1.823397510062949e-10
29 29 1.364573260072079e-08
32 29 -3.008934693835245e-11
35 29 1.894336409238253e-10
38 29 -3.124489838556436e-11
89 29 2.978218322164335e-10
98 29 -1.347346050392184e-11
113 29 6.58459423629303e-09
116 29 -1.015618751573087e-11
119 29 -4.858830053763159e-11
122 29 -1.290354548560105e-09
212 29 -2.916291572340997e-08
218 29 -1.162584433236862e-09
221 29 -7.169859148446206e-10
227 29 -1.454173371312592e-11
230 29 -1.291546973225256e-08
233 29 -7.44371447656462e-10
239 29 -1.32993133225435e-08
242 29 -2.829270181864005e-08
24 30 1.823397510062949e-10
30 30 1.364573260072079e-08
33 30 -3.008934693835245e-11
36 30 1.894336409238253e-10
39 30 -3.124489838556436e-11
90 30 2.978218322164335e-10
99 30 -1.347346050392184e-11
114 30 6.58459423629303e-09
117 30 -1.015618751573087e-11
120 30 -4.858830053763159e-11
123 30 -1.290354548560105e-09
213 30 -2.916291572340997e-08
219 30 -1.162584433236862e-09
222 30 -7.169859148446206e-10
228 30 -1.454173371312592e-11
231 30 -1.291546973225256e-08
234 30 -7.44371447656462e-10
240 30 -1.32993133225435e-08
243 30 -2.829270181864005e-08
22 31 -3.007558376428385e-11
28 31 -3.008934693835245e-11
31 31 4.462383889860755e-12
88 31 -1.360521441505834e-11
97 31 1.926433845496884e-12
118 31 1.928117251150286e-12
211 31 1.206633868404697e-10
217 31 5.223091599246344e-11
220 31 1.206041702065006e-10
23 32 -3.007558376428385e-11
29 32 -3.008934693835245e-11
32 32 4.462383889860755e-12
89 32 -1.360521441505834e-11
98 32 1.926433845496884e-12
119 32 1.928117251150286e-12
212 32 1.206633868404697e-10
218 32 5.223091599246344e-11
221 32 1.206041702065006e-10
24 33 -3.007558376428385e-11
30 33 -3.008934693835245e-11
33 33 4.462383889860755e-12
90 33 -1.360521441505834e-11
99 33 1.926433845496884e-12
120 33 1.928117251150286e-12
213 33 1.206633868404697e-10
219 33 5.223091599246344e-11
222 33 1.206041702065006e-10
28 34 1.894336409238253e-10
34 34 1.423232338621449e-08
37 34 -3.126257907262656e-11
112 34 3.264208773742578e-10
121 34 -1.454061052145211e-11
226 34 -5.341531182692187e-11
232 34 -3.037446893624172e-08
238 34 -1.275561615020349e-09
241 34 -7.44333453378213e-10
247 34 7.13049076971421e-09
250 34 -1.184645772692718e-11
253 34 -1.403017990594743e-09
256 34 1.983499039856267e-10
259 34 -3.271484724359132e-11
262 34 -1.594076869177031e-11
265 34 -1.399140115188872e-08
268 34 -7.786974167987427e-10
274 34 -1.44501046489473e-08
277 34 -2.949129394752642e-08
29 35 1.894336409238253e-10
35 35 1.423232338621449e-08
38 35 -3.126257907262656e-11
113 35 3.264208773742578e-10
122 35 -1.454061052145211e-11
227 35 -5.341531182692187e-11
233 35 -3.037446893624172e-08
239 35 -1.275561615020349e-09
242 35 -7.44333453378213e-10
248 35 7.13049076971421e-09
251 35 -1.184645772692718e-11
254 35 -1.403017990594743e-09
257 35 1.983499039856267e-10
260 35 -3.271484724359132e-11
263 35 -1.594076869177031e-11
266 35 -1.399140115188872e-08
269 35 -7.786974167987427e-10
275 35 -1.44501046489473e-08
278 35 -2.949129394752642e-08
30 36 1.894336409238253e-10
36 36 1.423232338621449e-08
39 36 -3.126257907262656e-11
114 36 3.264208773742578e-10
123 36 -1.454061052145211e-11
228 36 -5.341531182692187e-11
234 36 -3.037446893624172e-08
240 36 -1.275561615020349e-09
243 36 -7.44333453378213e-10
249 36 7.13049076971421e-09
252 36 -1.184645772692718e-11
255 36 -1.403017990594743e-09
258 36 1.983499039856267e-10
261 36 -3.271484724359132e-11
264 36 -1.594076869177031e-11
267 36 -1.399140115188872e-08
270 36 -7.786974167987427e-10
276 36 -1.44501046489473e-08
279 36 -2.949129394752642e-08
28 37 -3.124489838556436e-11
34 37 -3.126257907262656e-11
37 37 4.636233105720215e-12
112 37 -1.464818609704089e-11
121 37 2.078951062967279e-12
226 37 2.081197446314943e-12
232 37 1.252909928186405e-10
238 37 5.62986421740187e-11
241 37 1.252150042621427e-10
29 38 -3.124489838556436e-11
35 38 -3.126257907262656e-11
38 38 4.636233105720215e-12
113 38 -1.464818609704089e-11
122 38 2.078951062967279e-12
227 38 2.081197446314943e-12
233 38 1.252909928186405e-10
239 38 5.62986421740187e-11
242 38 1.252150042621427e-10
30 39 -3.124489838556436e-11
36 39 -3.126257907262656e-11
39 39 4.636233105720215e-12
114 39 -1.464818609704089e-11
123 39 2.078951062967279e-12
228 39 2.081197446314943e-12
234 39 1.252909928186405e-10
240 39 5.62986421740187e-11
243 39 1.252150042621427e-10
1 40 -2.73546497085119e-11
40 40 4.05747655330971e-12
43 40 -2.735410632647302e-11
103 40 -1.131600986010126e-11
106 40 1.593982257312446e-12
109 40 1.593921829657869e-12
124 40 1.098534702870903e-10
130 40 4.332881353346767e-11
133 40 1.098511263099655e-10
2 41 -2.73546497085119e-11
41 41 4.05747655330971e-12
44 41 -2.735410632647302e-11
104 41 -1.131600986010126e-11
107 41 1.593982257312446e-12
110 41 1.593921829657869e-12
125 41 1.098534702870903e-10
131 41 4.332881353346767e-11
134 41 1.098511263099655e-10
3 42 -2.73546497085119e-11
42 42 4.05747655330971e-12
45 42 -2.735410632647302e-11
105 42 -1.131600986010126e-11
108 42 1.593982257312446e-12
111 42 1.593921829657869e-12
126 42 1.098534702870903e-10
132 42 4.332881353346767e-11
135 42 1.098511263099655e-10
1 43 1.658160628837036e-10
40 43 -2.735410632647302e-11
43 43 1.161504504634884e-08
103 43 5.180574469400751e-09
106 43 -1.11453880352888e-11
109 43 -1.008246359899133e-09
124 43 -6.531338337367426e-10
130 43 -1.052825374169921e-08
133 43 -2.517539599559061e-08
286 43 -1.000516508335378e-08
289 43 -2.391523057758153e-08
2 44 1.658160628837036e-10
41 44 -2.735410632647302e-11
44 44 1.161504504634884e-08
104 44 5.180574469400751e-09
107 44 -1.11453880352888e-11
110 44 -1.008246359899133e-09
125 44 -6.531338337367426e-10
131 44 -1.052825374169921e-08
134 44 -2.517539599559061e-08
287 44 -1.000516508335378e-08
290 44 -2.391523057758153e-08
3 45 1.658160628837036e-10
42 45 -2.735410632647302e-11
45 45 1.161504504634884e-08
105 45 5.180574469400751e-09
108 45 -1.11453880352888e-11
111 45 -1.008246359899133e-09
126 45 -6.531338337367426e-10
132 45 -1.052825374169921e-08
135 45 -2.517539599559061e-08
288 45 -1.000516508335378e-08
291 45 -2.391523057758153e-08
1 46 5.334798939646034e-09
4 46 2.414914880488907e-10
7 46 -1.148227639868751e-11
46 46 3.920930751795955e-08
49 46 -8.433214250794472e-10
52 46 4.211233946008738e-10
55 46 -5.430084180449727e-11
58 46 -3.171215389506361e-11
61 46 -7.231354235717062e-12
100 46 -5.082981020185859e-11
103 46 3.96619144426828e-10
106 46 -7.012121479952086e-12
124 46 -1.071140247070769e-08
130 46 -1.48268810124096e-09
136 46 -7.014660103521518e-08
139 46 -9.56735167039792e-10
145 46 -8.248368508860036e-08
148 46 -1.086511256601744e-08
154 46 -1.569747567179029e-09
295 46 -1.144881473783735e-08
298 46 5.24863073468444e-08
301 46 -9.813937298194125e-11
304 46 -1.139427400147324e-07
307 46 -1.092101474229581e-10
310 46 7.10763697154437e-09
313 46 -1.236535233191714e-09
316 46 -2.564707574257221e-09
319 46 -1.352409358242805e-07
322 46 -3.082329622484566e-08
2 47 5.334798939646034e-09
5 47 2.414914880488907e-10
8 47 -1.148227639868751e-11
47 47 3.920930751795955e-08
50 47 -8.433214250794472e-10
53 47 4.211233946008738e-10
56 47 -5.430084180449727e-11
59 47 -3.171215389506361e-11
62 47 -7.231354235717062e-12
101 47 -5.082981020185859e-11
104 47 3.96619144426828e-10
107 47 -7.012121479952086e-12
125 47 -1.071140247070769e-08
131 47 -1.48268810124096e-09
137 47 -7.014660103521518e-08
140 47 -9.56735167039792e-10
146 47 -8.248368508860036e-08
149 47 -1.086511256601744e-08
155 47 -1.569747567179029e-09
296 47 -1.144881473783735e-08
299 47 5.24863073468444e-08
302 47 -9.813937298194125e-11
305 47 -1.139427400147324e-07
308 47 -1.092101474229581e-10
311 47 7.10763697154437e-09
314 47 -1.236535233191714e-09
317 47 -2.564707574257221e-09
320 47 -1.352409358242805e-07
323 47 -3.082329622484566e-08
3 48 5.334798939646034e-09
6 48 2.414914880488907e-10
9 48 -1.148227639868751e-11
48 48 3.920930751795955e-08
51 48 -8.433214250794472e-10
54 48 4.211233946008738e-10
57 48 -5.430084180449727e-11
60 48 -3.171215389506361e-11
63 48 -7.231354235717062e-12
102 48 -5.082981020185859e-11
105 48 3.96619144426828e-10
108 48 -7.012121479952086e-12
126 48 -1.071140247070769e-08
132 48 -1.48268810124096e-09
138 48 -7.014660103521518e-08
141 48 -9.56735167039792e-10
147 48 -8.248368508860036e-08
150 48 -1.086511256601744e-08
156 48 -1.569747567179029e-09
297 48 -1.144881473783735e-08
300 48 5.24863073468444e-08
303 48 -9.813937298194125e-11
306 48 -1.139427400147324e-07
309 48 -1.092101474229581e-10
312 48 7.10763697154437e-09
315 48 -1.236535233191714e-09
318 48 -2.564707574257221e-09
321 48 -1.352409358242805e-07
324 48 -3.082329622484566e-08
1 49 -1.035255704759147e-09
4 49 -1.131373039125599e-11
7 49 1.617919211944515e-12
46 49 -8.433214250794472e-10
49 49 1.430858021062032e-10
58 49 1.281135888845132e-12
100 49 7.77626531467118e-13
103 49 -7.012685828940187e-12
106 49 9.875692500739779e-13
124 49 2.119550717126904e-09
130 49 2.706204536771057e-11
136 49 1.686654448342894e-09
139 49 4.397409436794253e-11
145 49 1.711621847651468e-09
148 49 2.146625406127603e-09
2 50 -1.035255704759147e-09
5 50 -1.131373039125599e-11
8 50 1.617919211944515e-12
47 50 -8.433214250794472e-10
50 50 1.430858021062032e-10
59 50 1.281135888845132e-12
101 50 7.77626531467118e-13
104 50 -7.012685828940187e-12
107 50 9.875692500739779e-13
125 50 2.119550717126904e-09
131 50 2.706204536771057e-11
137 50 1.686654448342894e-09
140 50 4.397409436794253e-11
146 50 1.711621847651468e-09
149 50 2.146625406127603e-09
3 51 -1.035255704759147e-09
6 51 -1.131373039125599e-11
9 51 1.617919211944515e-12
48 51 -8.433214250794472e-10
51 51 1.430858021062032e-10
60 51 1.281135888845132e-12
102 51 7.77626531467118e-13
105 51 -7.012685828940187e-12
108 51 9.875692500739779e-13
126 51 2.119550717126904e-09
132 51 2.706204536771057e-11
138 51 1.686654448342894e-09
141 51 4.397409436794253e-11
147 51 1.711621847651468e-09
150 51 2.146625406127603e-09
4 52 5.441344072130757e-09
10 52 2.491350848893554e-10
13 52 -1.177551565607611e-11
46 52 4.211233946008738e-10
52 52 4.206973707240482e-08
55 52 -5.442364734214648e-11
58 52 -7.230563914975735e-12
61 52 -8.688974182440943e-10
64 52 4.676138507949854e-10
67 52 -6.110035319710913e-11
70 52 -3.313406158461974e-11
73 52 -7.619680775311614e-12
139 52 -1.090490016649381e-08
145 52 -1.569498016655277e-09
154 52 -7.406572140083421e-08
157 52 -9.865206353973392e-10
163 52 -8.892868368854025e-08
166 52 -1.109386870327929e-08
172 52 -1.733189329585926e-09
307 52 -1.298750137602999e-08
310 52 5.753816084141122e-08
313 52 -1.091922352006844e-10
322 52 -1.243925337816845e-07
325 52 -1.316359472369961e-10
328 52 8.483981834094604e-09
331 52 -1.542662710694126e-09
334 52 -3.364265743378498e-09
337 52 -1.518440063363116e-07
340 52 -3.720903210068892e-08
5 53 5.441344072130757e-09
11 53 2.491350848893554e-10
14 53 -1.177551565607611e-11
47 53 4.211233946008738e-10
53 53 4.206973707240482e-08
56 53 -5.442364734214648e-11
59 53 -7.230563914975735e-12
62 53 -8.688974182440943e-10
65 53 4.676138507949854e-10
68 53 -6.110035319710913e-11
71 53 -3.313406158461974e-11
74 53 -7.619680775311614e-12
140 53 -1.090490016649381e-08
146 53 -1.569498016655277e-09
155 53 -7.406572140083421e-08
158 53 -9.865206353973392e-10
164 53 -8.892868368854025e-08
167 53 -1.109386870327929e-08
173 53 -1.733189329585926e-09
308 53 -1.298750137602999e-08
311 53 5.753816084141122e-08
314 53 -1.091922352006844e-10
323 53 -1.243925337816845e-07
326 53 -1.316359472369961e-10
329 53 8.483981834094604e-09
332 53 -1.542662710694126e-09
335 53 -3.364265743378498e-09
338 53 -1.518440063363116e-07
341 53 -3.720903210068892e-08
6 54 5.441344072130757e-09
12 54 2.491350848893554e-10
15 54 -1.177551565607611e-11
48 54 4.211233946008738e-10
54 54 4.206973707240482e-08
57 54 -5.442364734214647e-11
60 54 -7.230563914975735e-12
63 54 -8.688974182440943e-10
66 54 4.676138507949854e-10
69 54 -6.110035319710913e-11
72 54 -3.313406158461974e-11
75 54 -7.619680775311614e-12
141 54 -1.090490016649381e-08
147 54 -1.569498016655277e-09
156 54 -7.406572140083421e-08
159 54 -9.865206353973392e-10
165 54 -8.892868368854025e-08
168 54 -1.109386870327929e-08
174 54 -1.733189329585926e-09
309 54 -1.298750137602999e-08
312 54 5.753816084141122e-08
315 54 -1.091922352006844e-10
324 54 -1.243925337816845e-07
327 54 -1.316359472369961e-10
330 54 8.483981834094604e-09
333 54 -1.542662710694126e-09
336 54 -3.364265743378498e-09
339 54 -1.518440063363116e-07
342 54 -3.720903210068892e-08
4 55 -7.125444498996012e-12
46 55 -5.430084180449727e-11
52 55 -5.442364734214648e-11
55 55 6.24484278237357e-12
58 55 8.070601846272346e-13
61 55 8.08640826109875e-13
139 55 2.790495664331626e-11
145 55 2.073381629180974e-10
154 55 2.078372639656022e-10
307 55 1.21940543699912e-11
310 55 -8.528447353817811e-11
313 55 1.215822992544415e-11
322 55 3.767951875522812e-10
5 56 -7.125444498996012e-12
47 56 -5.430084180449727e-11
53 56 -5.442364734214648e-11
56 56 6.24484278237357e-12
59 56 8.070601846272346e-13
62 56 8.08640826109875e-13
140 56 2.790495664331626e-11
146 56 2.073381629180974e-10
155 56 2.078372639656022e-10
308 56 1.21940543699912e-11
311 56 -8.528447353817811e-11
314 56 1.215822992544415e-11
323 56 3.767951875522812e-10
6 57 -7.125444498996012e-12
48 57 -5.430084180449727e-11
54 57 -5.442364734214648e-11
57 57 6.24484278237357e-12
60 57 8.070601846272346e-13
63 57 8.08640826109875e-13
141 57 2.790495664331626e-11
147 57 2.073381629180974e-10
156 57 2.078372639656022e-10
309 57 1.21940543699912e-11
312 57 -8.528447353817811e-11
315 57 1.215822992544415e-11
324 57 3.767951875522812e-10
1 58 -1.131388473713781e-11
4 58 -3.913950492503736e-11
7 58 1.618227903708148e-12
46 58 -3.171215389506361e-11
49 58 1.281135888845132e-12
52 58 -7.230563914975735e-12
55 58 8.070601846272346e-13
58 58 4.596985613658832e-12
61 58 1.018879658069322e-12
139 58 1.580319010356921e-10
145 58 1.256243569350702e-10
148 58 4.397409436794255e-11
154 58 2.790495664331626e-11
2 59 -1.131388473713781e-11
5 59 -3.913950492503736e-11
8 59 1.618227903708148e-12
47 59 -3.171215389506361e-11
50 59 1.281135888845132e-12
53 59 -7.230563914975735e-12
56 59 8.070601846272346e-13
59 59 4.596985613658832e-12
62 59 1.018879658069322e-12
140 59 1.580319010356921e-10
146 59 1.256243569350702e-10
149 59 4.397409436794255e-11
155 59 2.790495664331626e-11
3 60 -1.131388473713781e-11
6 60 -3.913950492503736e-11
9 60 1.618227903708148e-12
48 60 -3.171215389506361e-11
51 60 1.281135888845132e-12
54 60 -7.230563914975735e-12
57 60 8.070601846272346e-13
60 60 4.596985613658832e-12
63 60 1.018879658069322e-12
141 60 1.580319010356921e-10
147 60 1.256243569350702e-10
150 60 4.397409436794255e-11
156 60 2.790495664331626e-11
4 61 -1.056840016700829e-09
10 61 -1.161100882230757e-11
13 61 1.660350824681126e-12
46 61 -7.231354235717062e-12
52 61 -8.688974182440943e-10
55 61 8.08640826109875e-13
58 61 1.018879658069322e-12
61 61 1.47585367476281e-10
70 61 1.331914687889545e-12
139 61 2.159632783003142e-09
145 61 2.790495664331626e-11
154 61 1.734549268080358e-09
157 61 4.511269813208633e-11
163 61 1.768621125539382e-09
166 61 2.193960178046078e-09
5 62 -1.056840016700829e-09
11 62 -1.161100882230757e-11
14 62 1.660350824681126e-12
47 62 -7.231354235717062e-12
53 62 -8.688974182440943e-10
56 62 8.08640826109875e-13
59 62 1.018879658069322e-12
62 62 1.47585367476281e-10
71 62 1.331914687889545e-12
140 62 2.159632783003142e-09
146 62 2.790495664331626e-11
155 62 1.734549268080358e-09
158 62 4.511269813208633e-11
164 62 1.768621125539382e-09
167 62 2.193960178046078e-09
6 63 -1.056840016700829e-09
12 63 -1.161100882230757e-11
15 63 1.660350824681126e-12
48 63 -7.231354235717062e-12
54 63 -8.688974182440943e-10
57 63 8.08640826109875e-13
60 63 1.018879658069322e-12
63 63 1.47585367476281e-10
72 63 1.331914687889545e-12
141 63 2.159632783003142e-09
147 63 2.790495664331626e-11
156 63 1.734549268080358e-09
159 63 4.511269813208633e-11
165 63 1.768621125539382e-09
168 63 2.193960178046078e-09
10 64 5.609059769405473e-09
16 64 2.605328526583933e-10
19 64 -1.221016926567625e-11
52 64 4.676138507949854e-10
64 64 4.706494494761742e-08
67 64 -6.128947964153406e-11
70 64 -7.618605500919747e-12
73 64 -9.09660450459295e-10
76 64 5.467134787373985e-10
79 64 -7.281186915940922e-11
82 64 -3.528814193336997e-11
85 64 -8.211084710563341e-12
157 64 -1.121819808553582e-08
163 64 -1.732807918685201e-09
172 64 -8.089000609043796e-08
175 64 -1.030890962035178e-09
181 64 -9.992485173130111e-08
184 64 -1.144475732189182e-08
190 64 -2.006943036918536e-09
325 64 -1.588929232078678e-08
328 64 6.641188902361814e-08
331 64 -1.316049568996186e-10
340 64 -1.434999192163182e-07
343 64 -1.741941795359985e-10
346 64 1.103179763609213e-08
349 64 -2.157997098716292e-09
352 64 -5.091120555989997e-09
11 65 5.609059769405473e-09
17 65 2.605328526583933e-10
20 65 -1.221016926567625e-11
53 65 4.676138507949854e-10
65 65 4.706494494761742e-08
68 65 -6.128947964153406e-11
71 65 -7.618605500919747e-12
74 65 -9.09660450459295e-10
77 65 5.467134787373985e-10
80 65 -7.281186915940922e-11
83 65 -3.528814193336997e-11
86 65 -8.211084710563341e-12
158 65 -1.121819808553582e-08
164 65 -1.732807918685201e-09
173 65 -8.089000609043796e-08
176 65 -1.030890962035178e-09
182 65 -9.992485173130111e-08
185 65 -1.144475732189182e-08
191 65 -2.006943036918536e-09
326 65 -1.588929232078678e-08
329 65 6.641188902361814e-08
332 65 -1.316049568996186e-10
341 65 -1.434999192163182e-07
344 65 -1.741941795359985e-10
347 65 1.103179763609213e-08
350 65 -2.157997098716292e-09
353 65 -5.091120555989997e-09
12 66 5.609059769405473e-09
18 66 2.605328526583933e-10
21 66 -1.221016926567625e-11
54 66 4.676138507949854e-10
66 66 4.706494494761742e-08
69 66 -6.128947964153406e-11
72 66 -7.618605500919747e-12
75 66 -9.09660450459295e-10
78 66 5.467134787373985e-10
81 66 -7.281186915940922e-11
84 66 -3.528814193336997e-11
87 66 -8.211084710563341e-12
159 66 -1.121819808553582e-08
165 66 -1.732807918685201e-09
174 66 -8.089000609043796e-08
177 66 -1.030890962035178e-09
183 66 -9.992485173130111e-08
186 66 -1.144475732189182e-08
192 66 -2.006943036918536e-09
327 66 -1.588929232078678e-08
330 66 6.641188902361814e-08
333 66 -1.316049568996186e-10
342 66 -1.434999192163182e-07
345 66 -1.741941795359985e-10
348 66 1.103179763609213e-08
351 66 -2.157997098716292e-09
354 66 -5.091120555989997e-09
10 67 -7.513489745681028e-12
52 67 -6.110035319710913e-11
64 67 -6.128947964153406e-11
67 67 7.130486060211246e-12
70 67 8.621022391784079e-13
73 67 8.642527879621397e-13
157 67 2.940208825402315e-11
163 67 2.322237643171871e-10
172 67 2.329865861186329e-10
325 67 1.490793560727308e-11
328 67 -1.003225300984178e-10
331 67 1.484595493251819e-11
340 67 4.490090190635544e-10
11 68 -7.513489745681028e-12
53 68 -6.110035319710913e-11
65 68 -6.128947964153406e-11
68 68 7.130486060211246e-12
71 68 8.621022391784079e-13
74 68 8.642527879621397e-13
158 68 2.940208825402315e-11
164 68 2.322237643171871e-10
173 68 2.329865861186329e-10
326 68 1.490793560727308e-11
329 68 -1.003225300984178e-10
332 68 1.484595493251819e-11
341 68 4.490090190635544e-10
12 69 -7.513489745681028e-12
54 69 -6.110035319710913e-11
66 69 -6.128947964153406e-11
69 69 7.130486060211246e-12
72 69 8.621022391784079e-13
75 69 8.642527879621397e-13
159 69 2.940208825402315e-11
165 69 2.322237643171871e-10
174 69 2.329865861186329e-10
327 69 1.490793560727308e-11
330 69 -1.003225300984178e-10
333 69 1.484595493251819e-11
342 69 4.490090190635544e-10
4 70 -1.161129758768032e-11
10 70 -4.041759175802361e-11
13 70 1.660928355426608e-12
52 70 -3.313406158461974e-11
61 70 1.331914687889545e-12
64 70 -7.618605500919747e-12
67 70 8.621022391784079e-13
70 70 4.809187689872783e-12
73 70 1.074484298439586e-12
157 70 1.631188785740307e-10
163 70 1.313195062018003e-10
166 70 4.511269813208633e-11
172 70 2.940208825402315e-11
5 71 -1.161129758768032e-11
11 71 -4.041759175802361e-11
14 71 1.660928355426608e-12
53 71 -3.313406158461974e-11
62 71 1.331914687889545e-12
65 71 -7.618605500919747e-12
68 71 8.621022391784079e-13
71 71 4.809187689872783e-12
74 71 1.074484298439586e-12
158 71 1.631188785740307e-10
164 71 1.313195062018003e-10
167 71 4.511269813208633e-11
173 71 2.940208825402315e-11
6 72 -1.161129758768032e-11
12 72 -4.041759175802361e-11
15 72 1.660928355426608e-12
54 72 -3.313406158461974e-11
63 72 1.331914687889545e-12
66 72 -7.618605500919747e-12
69 72 8.621022391784079e-13
72 72 4.809187689872783e-12
75 72 1.074484298439586e-12
159 72 1.631188785740307e-10
165 72 1.313195062018003e-10
168 72 4.511269813208633e-11
174 72 2.940208825402315e-11
10 73 -1.090883725803194e-09
16 73 -1.205229099979442e-11
19 73  1.7233739237549e-12
52 73 -7.619680775311614e-12
64 73 -9.09660450459295e-10
67 73 8.642527879621397e-13
70 73 1.074484298439586e-12
73 73 1.547727182999948e-10
82 73 1.408499412365527e-12
157 73 2.224616491476005e-09
163 73 2.940208825402315e-11
172 73 1.813054035820285e-09
175 73 4.680154660718648e-11
181 73 1.857448833925049e-09
184 73 2.266764211971443e-09
11 74 -1.090883725803194e-09
17 74 -1.205229099979442e-11
20 74  1.7233739237549e-12
53 74 -7.619680775311614e-12
65 74 -9.09660450459295e-10
68 74 8.642527879621397e-13
71 74 1.074484298439586e-12
74 74 1.547727182999948e-10
83 74 1.408499412365527e-12
158 74 2.224616491476005e-09
164 74 2.940208825402315e-11
173 74 1.813054035820285e-09
176 74 4.680154660718648e-11
182 74 1.857448833925049e-09
185 74 2.266764211971443e-09
12 75 -1.090883725803194e-09
18 75 -1.205229099979442e-11
21 75  1.7233739237549e-12
54 75 -7.619680775311614e-12
66 75 -9.09660450459295e-10
69 75 8.642527879621397e-13
72 75 1.074484298439586e-12
75 75 1.547727182999948e-10
84 75 1.408499412365527e-12
159 75 2.224616491476005e-09
165 75 2.940208825402315e-11
174 75 1.813054035820285e-09
177 75 4.680154660718648e-11
183 75 1.857448833925049e-09
186 75 2.266764211971443e-09
16 76 5.846244245779706e-09
22 76 2.764005378786101e-10
25 76 -1.280887530780102e-11
64 76 5.467134787373985e-10
76 76 5.540940236029006e-08
79 76 -7.310876831579969e-11
82 76 -8.209626451220877e-12
85 76 -9.683699708910947e-10
88 76 6.814857506714038e-10
91 76 -9.307093328927505e-11
94 76 -3.835050166676734e-11
97 76 -9.060512302776093e-12
175 76 -1.166623881280829e-08
181 76 -2.006351160265216e-09
190 76 -9.176189761602207e-08
193 76 -1.092579353085137e-09
199 76 -1.180106709828093e-07
202 76 -1.193496202723059e-08
208 76 -2.460864538539708e-09
343 76 -2.128145385433594e-08
346 76 8.106589375474079e-08
349 76 -1.74137500646911e-10
361 76 -2.594117311122253e-10
364 76 1.578453316974292e-08
367 76 -3.490115070538608e-09
370 76 -9.215412671463013e-09
17 77 5.846244245779706e-09
23 77 2.764005378786101e-10
26 77 -1.280887530780102e-11
65 77 5.467134787373985e-10
77 77 5.540940236029006e-08
80 77 -7.310876831579969e-11
83 77 -8.209626451220877e-12
86 77 -9.683699708910947e-10
89 77 6.814857506714038e-10
92 77 -9.307093328927505e-11
95 77 -3.835050166676734e-11
98 77 -9.060512302776093e-12
176 77 -1.166623881280829e-08
182 77 -2.006351160265216e-09
191 77 -9.176189761602207e-08
194 77 -1.092579353085137e-09
200 77 -1.180106709828093e-07
203 77 -1.193496202723059e-08
209 77 -2.460864538539708e-09
344 77 -2.128145385433594e-08
347 77 8.106589375474079e-08
350 77 -1.74137500646911e-10
362 77 -2.594117311122253e-10
365 77 1.578453316974292e-08
368 77 -3.490115070538608e-09
371 77 -9.215412671463013e-09
18 78 5.846244245779706e-09
24 78 2.764005378786101e-10
27 78 -1.280887530780102e-11
66 78 5.467134787373985e-10
78 78 5.540940236029006e-08
81 78 -7.310876831579969e-11
84 78 -8.209626451220877e-12
87 78 -9.683699708910947e-10
90 78 6.814857506714038e-10
93 78 -9.307093328927505e-11
96 78 -3.835050166676734e-11
99 78 -9.060512302776093e-12
177 78 -1.166623881280829e-08
183 78 -2.006351160265216e-09
192 78 -9.176189761602207e-08
195 78 -1.092579353085137e-09
201 78 -1.180106709828093e-07
204 78 -1.193496202723059e-08
210 78 -2.460864538539708e-09
345 78 -2.128145385433594e-08
348 78 8.106589375474079e-08
351 78 -1.74137500646911e-10
363 78 -2.594117311122253e-10
366 78 1.578453316974292e-08
369 78 -3.490115070538608e-09
372 78 -9.215412671463013e-09
16 79 -8.105193536570565e-12
64 79 -7.281186915940922e-11
76 79 -7.310876831579969e-11
79 79 8.676419452084706e-12
82 79 9.474658169921568e-13
85 79 9.503823356770545e-13
175 79 3.168217415859073e-11
181 79 2.745667966957614e-10
190 79 2.757505500024074e-10
343 79 2.012911504334828e-11
346 79 -1.272795269673971e-10
349 79 2.001575726517328e-11
17 80 -8.105193536570565e-12
65 80 -7.281186915940922e-11
77 80 -7.310876831579969e-11
80 80 8.676419452084706e-12
83 80 9.474658169921568e-13
86 80 9.503823356770545e-13
176 80 3.168217415859073e-11
182 80 2.745667966957614e-10
191 80 2.757505500024074e-10
344 80 2.012911504334828e-11
347 80 -1.272795269673971e-10
350 80 2.001575726517328e-11
18 81 -8.105193536570565e-12
66 81 -7.281186915940922e-11
78 81 -7.310876831579969e-11
81 81 8.676419452084706e-12
84 81 9.474658169921568e-13
87 81 9.503823356770545e-13
177 81 3.168217415859073e-11
183 81 2.745667966957614e-10
192 81 2.757505500024074e-10
345 81 2.012911504334828e-11
348 81 -1.272795269673971e-10
351 81 2.001575726517328e-11
10 82 -1.205273200998157e-11
16 82 -4.232524074443708e-11
19 82 1.724255944129203e-12
64 82 -3.528814193336997e-11
73 82 1.408499412365527e-12
76 82 -8.209626451220877e-12
79 82 9.474658169921568e-13
82 82 5.131072554957894e-12
85 82 1.15924816497769e-12
175 82 1.707048720021931e-10
181 82 1.399540880278481e-10
184 82 4.680154660718648e-11
190 82 3.168217415859074e-11
11 83 -1.205273200998157e-11
17 83 -4.232524074443708e-11
20 83 1.724255944129203e-12
65 83 -3.528814193336997e-11
74 83 1.408499412365527e-12
77 83 -8.209626451220877e-12
80 83 9.474658169921568e-13
83 83 5.131072554957894e-12
86 83 1.15924816497769e-12
176 83 1.707048720021931e-10
182 83 1.399540880278481e-10
185 83 4.680154660718648e-11
191 83 3.168217415859074e-11
12 84 -1.205273200998157e-11
18 84 -4.232524074443708e-11
21 84 1.724255944129203e-12
66 84 -3.528814193336997e-11
75 84 1.408499412365527e-12
78 84 -8.209626451220877e-12
81 84 9.474658169921568e-13
84 84 5.131072554957894e-12
87 84 1.15924816497769e-12
177 84 1.707048720021931e-10
183 84 1.399540880278481e-10
186 84 4.680154660718648e-11
192 84 3.168217415859074e-11
16 85 -1.139157136427083e-09
22 85 -1.266131866178755e-11
25 85 1.810382403698061e-12
64 85 -8.211084710563341e-12
76 85 -9.683699708910947e-10
79 85 9.503823356770545e-13
82 85 1.15924816497769e-12
85 85 1.651555042319221e-10
94 85 1.516510782159692e-12
175 85 2.317751415268421e-09
181 85 3.168217415859074e-11
190 85 1.927515742565655e-09
193 85 4.91300055354791e-11
199 85 1.984317546598834e-09
202 85 2.368817886157506e-09
17 86 -1.139157136427083e-09
23 86 -1.266131866178755e-11
26 86 1.810382403698061e-12
65 86 -8.211084710563341e-12
77 86 -9.683699708910947e-10
80 86 9.503823356770545e-13
83 86 1.15924816497769e-12
86 86 1.651555042319221e-10
95 86 1.516510782159692e-12
176 86 2.317751415268421e-09
182 86 3.168217415859074e-11
191 86 1.927515742565655e-09
194 86 4.91300055354791e-11
200 86 1.984317546598834e-09
203 86 2.368817886157506e-09
18 87 -1.139157136427083e-09
24 87 -1.266131866178755e-11
27 87 1.810382403698061e-12
66 87 -8.211084710563341e-12
78 87 -9.683699708910947e-10
81 87 9.503823356770545e-13
84 87 1.15924816497769e-12
87 87 1.651555042319221e-10
96 87 1.516510782159692e-12
177 87 2.317751415268421e-09
183 87 3.168217415859074e-11
192 87 1.927515742565655e-09
195 87 4.91300055354791e-11
201 87 1.984317546598834e-09
204 87 2.368817886157506e-09
22 88 6.165332869481011e-09
28 88 2.978218322164335e-10
31 88 -1.360521441505834e-11
76 88 6.814857506714038e-10
88 88 6.987619757748406e-08
91 88 -9.356643107826063e-11
94 88 -9.058511157537194e-12
97 88 -1.049291327988983e-09
112 88 9.278518036593524e-10
115 88 -1.307608910882296e-10
118 88 -4.259635533476687e-11
121 88 -1.025519046517786e-11
193 88 -1.227216150078449e-08
199 88 -2.4598961058287e-09
208 88 -1.088568048656174e-07
211 88 -1.17571231415646e-09
217 88 -1.486484870928575e-07
220 88 -1.258935424115703e-08
229 88 -3.250082156923509e-09
361 88 -3.206942291327663e-08
364 88 1.050432775093984e-07
