%%MatrixMarket matrix coordinate real general
1863 1863 52461
1 1 3.909965954677884e-06
4 1 3.91008711729355e-07
7 1 -3.450604018324008e-07
28 1 -3.396031819592974e-07
31 1 3.847579732968599e-07
34 1 2.449172991764626e-06
37 1 -2.248143788423645e-06
46 1 -1.66304884936032e-07
64 1 -9.43589038495708e-08
67 1 5.84697348403046e-07
70 1 -4.556922403765863e-07
73 1 -1.609872411496631e-07
88 1 -1.035581242348253e-05
94 1 -2.06100896006428e-06
97 1 -1.462104344031216e-06
100 1 -4.653570312750212e-06
103 1 -1.483713676774935e-06
109 1 -4.940859319520497e-06
112 1 -8.638083544438829e-06
2 2 3.909965954677884e-06
5 2 3.91008711729355e-07
8 2 -3.450604018324008e-07
29 2 -3.396031819592974e-07
32 2 3.847579732968599e-07
35 2 2.449172991764626e-06
38 2 -2.248143788423645e-06
47 2 -1.66304884936032e-07
65 2 -9.43589038495708e-08
68 2 5.84697348403046e-07
71 2 -4.556922403765863e-07
74 2 -1.609872411496631e-07
89 2 -1.035581242348253e-05
95 2 -2.06100896006428e-06
98 2 -1.462104344031216e-06
101 2 -4.653570312750212e-06
104 2 -1.483713676774935e-06
110 2 -4.940859319520497e-06
113 2 -8.638083544438829e-06
3 3 3.909965954677884e-06
6 3 3.91008711729355e-07
9 3 -3.450604018324008e-07
30 3 -3.396031819592974e-07
33 3 3.847579732968599e-07
36 3 2.449172991764626e-06
39 3 -2.248143788423645e-06
48 3 -1.66304884936032e-07
66 3 -9.43589038495708e-08
69 3 5.84697348403046e-07
72 3 -4.556922403765863e-07
75 3 -1.609872411496631e-07
90 3 -1.035581242348253e-05
96 3 -2.06100896006428e-06
99 3 -1.462104344031216e-06
102 3 -4.653570312750212e-06
105 3 -1.483713676774935e-06
111 3 -4.940859319520497e-06
114 3 -8.638083544438829e-06
1 4 3.91008711729355e-07
4 4 4.000694064292348e-06
7 4 -3.452416032795739e-07
10 4 4.030621436266638e-07
13 4 -3.556875778163087e-07
34 4 6.059146962903143e-07
37 4 -1.661678541146224e-07
40 4 2.537026576770672e-06
43 4 -1.015584117554229e-07
46 4 -4.754993236910954e-07
49 4 -2.355126007607805e-06
58 4 -1.767227082160041e-07
103 4 -1.055595582350118e-05
109 4 -2.139286219343576e-06
112 4 -1.48295531047234e-06
118 4 -4.834046717854242e-06
121 4 -1.524584176821805e-06
127 4 -5.152844823859277e-06
130 4 -8.81619375461381e-06
2 5 3.91008711729355e-07
5 5 4.000694064292348e-06
8 5 -3.452416032795739e-07
11 5 4.030621436266638e-07
14 5 -3.556875778163087e-07
35 5 6.059146962903143e-07
38 5 -1.661678541146224e-07
41 5 2.537026576770672e-06
44 5 -1.015584117554229e-07
47 5 -4.754993236910954e-07
50 5 -2.355126007607805e-06
59 5 -1.767227082160041e-07
104 5 -1.055595582350118e-05
110 5 -2.139286219343576e-06
113 5 -1.48295531047234e-06
119 5 -4.834046717854242e-06
122 5 -1.524584176821805e-06
128 5 -5.152844823859277e-06
131 5 -8.81619375461381e-06
3 6 3.91008711729355e-07
6 6 4.000694064292348e-06
9 6 -3.452416032795739e-07
12 6 4.030621436266638e-07
15 6 -3.556875778163087e-07
36 6 6.059146962903143e-07
39 6 -1.661678541146224e-07
42 6 2.537026576770672e-06
45 6 -1.015584117554229e-07
48 6 -4.754993236910954e-07
51 6 -2.355126007607805e-06
60 6 -1.767227082160041e-07
105 6 -1.055595582350118e-05
111 6 -2.139286219343576e-06
114 6 -1.48295531047234e-06
120 6 -4.834046717854242e-06
123 6 -1.524584176821805e-06
129 6 -5.152844823859277e-06
132 6 -8.81619375461381e-06
1 7 -3.450604018324008e-07
4 7 -3.452416032795739e-07
7 7 3.421438785724551e-07
34 7 -1.812431098649207e-07
37 7 1.318504108250789e-07
46 7 1.321244724678974e-07
103 7 1.420446967343151e-06
109 7 5.62971517134007e-07
112 7 1.418930234737957e-06
2 8 -3.450604018324008e-07
5 8 -3.452416032795739e-07
8 8 3.421438785724551e-07
35 8 -1.812431098649207e-07
38 8 1.318504108250789e-07
47 8 1.321244724678974e-07
104 8 1.420446967343151e-06
110 8 5.62971517134007e-07
113 8 1.418930234737957e-06
3 9 -3.450604018324008e-07
6 9 -3.452416032795739e-07
9 9 3.421438785724551e-07
36 9 -1.812431098649207e-07
39 9 1.318504108250789e-07
48 9 1.321244724678974e-07
105 9 1.420446967343151e-06
111 9 5.62971517134007e-07
114 9 1.418930234737957e-06
4 10 4.030621436266638e-07
10 10 4.153967873114107e-06
13 10 -3.560331040046172e-07
16 10 4.219550111033423e-07
19 10 -3.723759024148258e-07
40 10 6.465378809424151e-07
49 10 -1.764533172084468e-07
52 10 2.682601871365668e-06
55 10 -1.157432613558576e-07
58 10 -5.138455611372022e-07
61 10 -2.537602749040121e-06
82 10 -1.9366366236833e-07
121 10 -1.090566781166905e-05
127 10 -2.290393826517261e-06
130 10 -1.523145796933959e-06
136 10 -5.148003525060685e-06
139 10 -1.587892896516881e-06
145 10 -5.497394551179592e-06
148 10 -9.098469428728452e-06
5 11 4.030621436266638e-07
11 11 4.153967873114107e-06
14 11 -3.560331040046172e-07
17 11 4.219550111033423e-07
20 11 -3.723759024148258e-07
41 11 6.465378809424151e-07
50 11 -1.764533172084468e-07
53 11 2.682601871365668e-06
56 11 -1.157432613558576e-07
59 11 -5.138455611372022e-07
62 11 -2.537602749040121e-06
83 11 -1.9366366236833e-07
122 11 -1.090566781166905e-05
128 11 -2.290393826517261e-06
131 11 -1.523145796933959e-06
137 11 -5.148003525060685e-06
140 11 -1.587892896516881e-06
146 11 -5.497394551179592e-06
149 11 -9.098469428728452e-06
6 12 4.030621436266638e-07
12 12 4.153967873114107e-06
15 12 -3.560331040046172e-07
18 12 4.219550111033423e-07
21 12 -3.723759024148258e-07
42 12 6.465378809424151e-07
51 12 -1.764533172084468e-07
54 12 2.682601871365668e-06
57 12 -1.157432613558576e-07
60 12 -5.138455611372022e-07
63 12 -2.537602749040121e-06
84 12 -1.9366366236833e-07
123 12 -1.090566781166905e-05
129 12 -2.290393826517261e-06
132 12 -1.523145796933959e-06
138 12 -5.148003525060685e-06
141 12 -1.587892896516881e-06
147 12 -5.497394551179592e-06
150 12 -9.098469428728452e-06
4 13 -3.556875778163087e-07
10 13 -3.560331040046172e-07
13 13 3.528162822693909e-07
40 13 -1.909167877147171e-07
49 13 1.399910041334947e-07
58 13 1.405297861486097e-07
121 13 1.461028198555551e-06
127 13 5.947492057128332e-07
130 13 1.458151438779862e-06
5 14 -3.556875778163087e-07
11 14 -3.560331040046172e-07
14 14 3.528162822693909e-07
41 14 -1.909167877147171e-07
50 14 1.399910041334947e-07
59 14 1.405297861486097e-07
122 14 1.461028198555551e-06
128 14 5.947492057128332e-07
131 14 1.458151438779862e-06
6 15 -3.556875778163087e-07
12 15 -3.560331040046172e-07
15 15 3.528162822693909e-07
42 15 -1.909167877147171e-07
51 15 1.399910041334947e-07
60 15 1.405297861486097e-07
123 15 1.461028198555551e-06
129 15 5.947492057128332e-07
132 15 1.458151438779862e-06
10 16 4.219550111033423e-07
16 16 4.383262208253017e-06
19 16 -3.729211585398984e-07
22 16 4.494989711670882e-07
25 16 -3.967489882294325e-07
52 16 7.119025214475449e-07
61 16 -1.932185353956173e-07
76 16 2.897688908839257e-06
79 16 -1.40393606686989e-07
82 16 -5.770425361796909e-07
85 16 -2.820182912638351e-06
139 16 -1.143208339813185e-05
145 16 -2.535423372580289e-06
148 16 -1.585641479656148e-06
154 16 -2.197136556828109e-07
157 16 -5.630806262214766e-06
160 16 -1.678779982389033e-06
166 16 -6.008997689586088e-06
169 16 -9.502245055410095e-06
11 17 4.219550111033423e-07
17 17 4.383262208253017e-06
20 17 -3.729211585398984e-07
23 17 4.494989711670882e-07
26 17 -3.967489882294325e-07
53 17 7.119025214475449e-07
62 17 -1.932185353956173e-07
77 17 2.897688908839257e-06
80 17 -1.40393606686989e-07
83 17 -5.770425361796909e-07
86 17 -2.820182912638351e-06
140 17 -1.143208339813185e-05
146 17 -2.535423372580289e-06
149 17 -1.585641479656148e-06
155 17 -2.197136556828109e-07
158 17 -5.630806262214766e-06
161 17 -1.678779982389033e-06
167 17 -6.008997689586088e-06
170 17 -9.502245055410095e-06
12 18 4.219550111033423e-07
18 18 4.383262208253017e-06
21 18 -3.729211585398984e-07
24 18 4.494989711670882e-07
27 18 -3.967489882294325e-07
54 18 7.119025214475449e-07
63 18 -1.932185353956173e-07
78 18 2.897688908839257e-06
81 18 -1.40393606686989e-07
84 18 -5.770425361796909e-07
87 18 -2.820182912638351e-06
141 18 -1.143208339813185e-05
147 18 -2.535423372580289e-06
150 18 -1.585641479656148e-06
156 18 -2.197136556828109e-07
159 18 -5.630806262214766e-06
162 18 -1.678779982389033e-06
168 18 -6.008997689586088e-06
171 18 -9.502245055410095e-06
10 19 -3.723759024148258e-07
16 19 -3.729211585398984e-07
19 19 3.695483515086912e-07
52 19 -2.063670046678638e-07
61 19 1.532889714352895e-07
82 19 1.541792253807156e-07
139 19 1.523887925472415e-06
145 19 6.458821086916718e-07
148 19 1.519385091750946e-06
11 20 -3.723759024148258e-07
17 20 -3.729211585398984e-07
20 20 3.695483515086912e-07
53 20 -2.063670046678638e-07
62 20 1.532889714352895e-07
83 20 1.541792253807156e-07
140 20 1.523887925472415e-06
146 20 6.458821086916718e-07
149 20 1.519385091750946e-06
12 21 -3.723759024148258e-07
18 21 -3.729211585398984e-07
21 21 3.695483515086912e-07
54 21 -2.063670046678638e-07
63 21 1.532889714352895e-07
84 21 1.541792253807156e-07
141 21 1.523887925472415e-06
147 21 6.458821086916718e-07
150 21 1.519385091750946e-06
16 22 4.494989711670882e-07
22 22 4.711312517939114e-06
25 22 -3.975554037435655e-07
76 22 8.116178608844066e-07
85 22 -2.190121363115673e-07
154 22 -6.771836513516478e-07
160 22 -1.218016509202113e-05
166 22 -2.912996192076748e-06
169 22 -1.675488584116976e-06
175 22 3.200027630751956e-06
178 22 -1.8274753693637e-07
181 22 -3.246817484774528e-06
184 22 4.887444129145844e-07
187 22 -4.315544687849213e-07
190 22 -2.595959806071905e-07
193 22 -6.342785929924236e-06
196 22 -1.805541651554904e-06
202 22 -6.743424517140992e-06
205 22 -1.005393520777141e-05
17 23 4.494989711670882e-07
23 23 4.711312517939114e-06
26 23 -3.975554037435655e-07
77 23 8.116178608844066e-07
86 23 -2.190121363115673e-07
155 23 -6.771836513516478e-07
161 23 -1.218016509202113e-05
167 23 -2.912996192076748e-06
170 23 -1.675488584116976e-06
176 23 3.200027630751956e-06
179 23 -1.8274753693637e-07
182 23 -3.246817484774528e-06
185 23 4.887444129145844e-07
188 23 -4.315544687849213e-07
191 23 -2.595959806071905e-07
194 23 -6.342785929924236e-06
197 23 -1.805541651554904e-06
203 23 -6.743424517140992e-06
206 23 -1.005393520777141e-05
18 24 4.494989711670882e-07
24 24 4.711312517939114e-06
27 24 -3.975554037435655e-07
78 24 8.116178608844066e-07
87 24 -2.190121363115673e-07
156 24 -6.771836513516478e-07
162 24 -1.218016509202113e-05
168 24 -2.912996192076748e-06
171 24 -1.675488584116976e-06
177 24 3.200027630751956e-06
180 24 -1.8274753693637e-07
183 24 -3.246817484774528e-06
186 24 4.887444129145844e-07
189 24 -4.315544687849213e-07
192 24 -2.595959806071905e-07
195 24 -6.342785929924236e-06
198 24 -1.805541651554904e-06
204 24 -6.743424517140992e-06
207 24 -1.005393520777141e-05
16 25 -3.967489882294325e-07
22 25 -3.975554037435655e-07
25 25 3.939930504360911e-07
76 25 -2.294600462533379e-07
85 25 1.737876082034612e-07
154 25 1.751906469459485e-07
160 25 1.61441364380703e-06
166 25 7.231567569263483e-07
169 25 1.607830847262908e-06
17 26 -3.967489882294325e-07
23 26 -3.975554037435655e-07
26 26 3.939930504360911e-07
77 26 -2.294600462533379e-07
86 26 1.737876082034612e-07
155 26 1.751906469459485e-07
161 26 1.61441364380703e-06
167 26 7.231567569263483e-07
170 26 1.607830847262908e-06
18 27 -3.967489882294325e-07
24 27 -3.975554037435655e-07
27 27 3.939930504360911e-07
78 27 -2.294600462533379e-07
87 27 1.737876082034612e-07
156 27 1.751906469459485e-07
162 27 1.61441364380703e-06
168 27 7.231567569263483e-07
171 27 1.607830847262908e-06
1 28 -3.396031819592974e-07
28 28 3.365881566401328e-07
31 28 -3.395678764844162e-07
67 28 -1.762871088616971e-07
70 28 1.278210014777789e-07
73 28 1.277684637277508e-07
88 28 1.398989839154213e-06
94 28 5.467802362949692e-07
97 28 1.398693037146557e-06
2 29 -3.396031819592974e-07
29 29 3.365881566401328e-07
32 29 -3.395678764844162e-07
68 29 -1.762871088616971e-07
71 29 1.278210014777789e-07
74 29 1.277684637277508e-07
89 29 1.398989839154213e-06
95 29 5.467802362949692e-07
98 29 1.398693037146557e-06
3 30 -3.396031819592974e-07
30 30 3.365881566401328e-07
33 30 -3.395678764844162e-07
69 30 -1.762871088616971e-07
72 30 1.278210014777789e-07
75 30 1.277684637277508e-07
90 30 1.398989839154213e-06
96 30 5.467802362949692e-07
99 30 1.398693037146557e-06
1 31 3.847579732968599e-07
28 31 -3.395678764844162e-07
31 31 2.972825045209966e-06
67 31 2.16156680922825e-06
70 31 -1.61013510024677e-07
73 31 -2.008675822094406e-06
88 31 -1.462252745035047e-06
94 31 -4.841716941859159e-06
97 31 -8.553809644445066e-06
214 31 -3.687595440725305e-06
217 31 -6.326418401344041e-06
2 32 3.847579732968599e-07
29 32 -3.395678764844162e-07
32 32 2.972825045209966e-06
68 32 2.16156680922825e-06
71 32 -1.61013510024677e-07
74 32 -2.008675822094406e-06
89 32 -1.462252745035047e-06
95 32 -4.841716941859159e-06
98 32 -8.553809644445066e-06
215 32 -3.687595440725305e-06
218 32 -6.326418401344041e-06
3 33 3.847579732968599e-07
30 33 -3.395678764844162e-07
33 33 2.972825045209966e-06
69 33 2.16156680922825e-06
72 33 -1.61013510024677e-07
75 33 -2.008675822094406e-06
90 33 -1.462252745035047e-06
96 33 -4.841716941859159e-06
99 33 -8.553809644445066e-06
216 33 -3.687595440725305e-06
219 33 -6.326418401344041e-06
1 34 2.449172991764626e-06
4 34 6.059146962903143e-07
7 34 -1.812431098649207e-07
34 34 1.442005688903233e-05
37 34 -2.11530076830353e-06
40 34 1.050797189337593e-06
43 34 -6.798652647153825e-07
46 34 -4.296540960033596e-07
49 34 -1.106362032495106e-07
64 34 -5.963753255468666e-07
67 34 9.442007274621822e-07
70 34 -1.030828631180963e-07
88 34 -5.147449622157136e-06
94 34 -2.664765653762696e-06
100 34 -1.889430429753613e-05
103 34 -2.34891327169519e-06
109 34 -2.878614277350714e-05
112 34 -5.455351442278949e-06
118 34 -2.89719948992642e-06
223 34 1.78986146864136e-07
226 34 -6.665999112937241e-08
235 34 -2.050569288315339e-09
253 34 -7.037210954553171e-10
256 34 1.245613673975096e-08
259 34 -3.702433514053593e-09
262 34 -1.082959623537499e-09
265 34 -1.632414371470229e-05
271 34 -4.744025757794568e-08
274 34 -1.100567578617999e-06
277 34 -3.25254237228855e-07
283 34 -1.316582359576662e-06
289 34 -3.800146319630885e-07
292 34 -9.145210023915827e-06
2 35 2.449172991764626e-06
5 35 6.059146962903143e-07
8 35 -1.812431098649207e-07
35 35 1.442005688903233e-05
38 35 -2.11530076830353e-06
41 35 1.050797189337593e-06
44 35 -6.798652647153825e-07
47 35 -4.296540960033596e-07
50 35 -1.106362032495106e-07
65 35 -5.963753255468666e-07
68 35 9.442007274621822e-07
71 35 -1.030828631180963e-07
89 35 -5.147449622157136e-06
95 35 -2.664765653762696e-06
101 35 -1.889430429753613e-05
104 35 -2.34891327169519e-06
110 35 -2.878614277350714e-05
113 35 -5.455351442278949e-06
119 35 -2.89719948992642e-06
224 35 1.78986146864136e-07
227 35 -6.665999112937241e-08
236 35 -2.050569288315339e-09
254 35 -7.037210954553171e-10
257 35 1.245613673975096e-08
260 35 -3.702433514053593e-09
263 35 -1.082959623537499e-09
266 35 -1.632414371470229e-05
272 35 -4.744025757794568e-08
275 35 -1.100567578617999e-06
278 35 -3.25254237228855e-07
284 35 -1.316582359576662e-06
290 35 -3.800146319630885e-07
293 35 -9.145210023915827e-06
3 36 2.449172991764626e-06
6 36 6.059146962903143e-07
9 36 -1.812431098649207e-07
36 36 1.442005688903233e-05
39 36 -2.11530076830353e-06
42 36 1.050797189337593e-06
45 36 -6.798652647153825e-07
48 36 -4.296540960033596e-07
51 36 -1.106362032495106e-07
66 36 -5.963753255468665e-07
69 36 9.442007274621822e-07
72 36 -1.030828631180963e-07
90 36 -5.147449622157136e-06
96 36 -2.664765653762696e-06
102 36 -1.889430429753613e-05
105 36 -2.34891327169519e-06
111 36 -2.878614277350714e-05
114 36 -5.455351442278949e-06
120 36 -2.89719948992642e-06
225 36 1.78986146864136e-07
228 36 -6.665999112937241e-08
237 36 -2.050569288315339e-09
255 36 -7.037210954553171e-10
258 36 1.245613673975096e-08
261 36 -3.702433514053593e-09
264 36 -1.082959623537499e-09
267 36 -1.632414371470229e-05
273 36 -4.744025757794568e-08
276 36 -1.100567578617999e-06
279 36 -3.25254237228855e-07
285 36 -1.316582359576662e-06
291 36 -3.800146319630885e-07
294 36 -9.145210023915827e-06
1 37 -2.248143788423645e-06
4 37 -1.661678541146224e-07
7 37 1.318504108250789e-07
34 37 -2.11530076830353e-06
37 37 2.109297301171291e-06
46 37 1.019739609673009e-07
64 37 5.728456204246381e-08
67 37 -1.032082202072857e-07
70 37 7.473248057951489e-08
88 37 5.20933714047858e-06
94 37 3.378496860712492e-07
100 37 4.221578521664755e-06
103 37 5.629715171340071e-07
109 37 4.462854976775457e-06
112 37 5.491839222292358e-06
2 38 -2.248143788423645e-06
5 38 -1.661678541146224e-07
8 38 1.318504108250789e-07
35 38 -2.11530076830353e-06
38 38 2.109297301171291e-06
47 38 1.019739609673009e-07
65 38 5.728456204246381e-08
68 38 -1.032082202072857e-07
71 38 7.473248057951489e-08
89 38 5.20933714047858e-06
95 38 3.378496860712492e-07
101 38 4.221578521664755e-06
104 38 5.629715171340071e-07
110 38 4.462854976775457e-06
113 38 5.491839222292358e-06
3 39 -2.248143788423645e-06
6 39 -1.661678541146224e-07
9 39 1.318504108250789e-07
36 39 -2.11530076830353e-06
39 39 2.109297301171291e-06
48 39 1.019739609673009e-07
66 39 5.728456204246381e-08
69 39 -1.032082202072857e-07
72 39 7.473248057951489e-08
90 39 5.20933714047858e-06
96 39 3.378496860712492e-07
102 39 4.221578521664755e-06
105 39 5.629715171340071e-07
111 39 4.462854976775457e-06
114 39 5.491839222292358e-06
4 40 2.537026576770672e-06
10 40 6.465378809424151e-07
13 40 -1.909167877147171e-07
34 40 1.050797189337593e-06
40 40 1.57170824918124e-05
43 40 -6.846400173041589e-07
46 40 -1.10365759889493e-07
49 40 -2.235840543120037e-06
52 40 1.264625659886751e-06
55 40 -8.637901033007834e-07
58 40 -4.710610144847134e-07
61 40 -1.25075334951019e-07
103 40 -5.306371344034098e-06
109 40 -2.885814592633161e-06
118 40 -1.984257744556635e-05
121 40 -2.492444451856563e-06
127 40 -3.088156995106395e-05
130 40 -5.637579177555458e-06
136 40 -3.336369291321655e-06
223 40 2.124300636993865e-08
226 40 -2.040934333011973e-09
229 40 2.992465978548403e-07
232 40 -1.420602692280446e-09
235 40 -7.134183347006559e-09
238 40 -1.295395599806133e-07
247 40 -5.326334238151131e-09
283 40 -1.862978892049601e-05
289 40 -8.043367425568142e-08
292 40 -1.309709933665199e-06
304 40 -5.249440274439447e-07
307 40 -1.765346105749439e-06
313 40 -6.54669174598713e-07
316 40 -1.129203543124304e-05
5 41 2.537026576770672e-06
11 41 6.465378809424151e-07
14 41 -1.909167877147171e-07
35 41 1.050797189337593e-06
41 41 1.57170824918124e-05
44 41 -6.846400173041589e-07
47 41 -1.10365759889493e-07
50 41 -2.235840543120037e-06
53 41 1.264625659886751e-06
56 41 -8.637901033007834e-07
59 41 -4.710610144847134e-07
62 41 -1.25075334951019e-07
104 41 -5.306371344034098e-06
110 41 -2.885814592633161e-06
119 41 -1.984257744556635e-05
122 41 -2.492444451856563e-06
128 41 -3.088156995106395e-05
131 41 -5.637579177555458e-06
137 41 -3.336369291321655e-06
224 41 2.124300636993865e-08
227 41 -2.040934333011973e-09
230 41 2.992465978548403e-07
233 41 -1.420602692280446e-09
236 41 -7.134183347006559e-09
239 41 -1.295395599806133e-07
248 41 -5.326334238151131e-09
284 41 -1.862978892049601e-05
290 41 -8.043367425568142e-08
293 41 -1.309709933665199e-06
305 41 -5.249440274439447e-07
308 41 -1.765346105749439e-06
314 41 -6.54669174598713e-07
317 41 -1.129203543124304e-05
6 42 2.537026576770672e-06
12 42 6.465378809424151e-07
15 42 -1.909167877147171e-07
36 42 1.050797189337593e-06
42 42 1.57170824918124e-05
45 42 -6.846400173041587e-07
48 42 -1.10365759889493e-07
51 42 -2.235840543120037e-06
54 42 1.264625659886751e-06
57 42 -8.637901033007834e-07
60 42 -4.710610144847134e-07
63 42 -1.25075334951019e-07
105 42 -5.306371344034098e-06
111 42 -2.885814592633161e-06
120 42 -1.984257744556635e-05
123 42 -2.492444451856563e-06
129 42 -3.088156995106395e-05
132 42 -5.637579177555458e-06
138 42 -3.336369291321655e-06
225 42 2.124300636993865e-08
228 42 -2.040934333011973e-09
231 42 2.992465978548403e-07
234 42 -1.420602692280446e-09
237 42 -7.134183347006559e-09
240 42 -1.295395599806133e-07
249 42 -5.326334238151131e-09
285 42 -1.862978892049601e-05
291 42 -8.043367425568142e-08
294 42 -1.309709933665199e-06
306 42 -5.249440274439447e-07
309 42 -1.765346105749439e-06
315 42 -6.54669174598713e-07
318 42 -1.129203543124304e-05
4 43 -1.015584117554229e-07
34 43 -6.798652647153825e-07
40 43 -6.846400173041589e-07
43 43 4.55477202542338e-07
46 43 6.239142907628988e-08
49 43 6.293231579632522e-08
103 43 3.614569142135421e-07
109 43 2.084272031113935e-06
118 43 2.107041825700451e-06
223 43 -2.10869586345272e-09
226 43 6.066949982484584e-10
235 43 6.259649088551928e-10
283 43 8.049701870145346e-07
289 43 7.692565394680934e-09
292 43 7.912253351916091e-07
5 44 -1.015584117554229e-07
35 44 -6.798652647153825e-07
41 44 -6.846400173041589e-07
44 44 4.55477202542338e-07
47 44 6.239142907628988e-08
50 44 6.293231579632522e-08
104 44 3.614569142135421e-07
110 44 2.084272031113935e-06
119 44 2.107041825700451e-06
224 44 -2.10869586345272e-09
227 44 6.066949982484584e-10
236 44 6.259649088551928e-10
284 44 8.049701870145346e-07
290 44 7.692565394680934e-09
293 44 7.912253351916091e-07
6 45 -1.015584117554229e-07
36 45 -6.798652647153825e-07
42 45 -6.846400173041589e-07
45 45 4.55477202542338e-07
48 45 6.239142907628988e-08
51 45 6.293231579632522e-08
105 45 3.614569142135421e-07
111 45 2.084272031113935e-06
120 45 2.107041825700451e-06
225 45 -2.10869586345272e-09
228 45 6.066949982484584e-10
237 45 6.259649088551928e-10
285 45 8.049701870145346e-07
291 45 7.692565394680934e-09
294 45 7.912253351916091e-07
1 46 -1.66304884936032e-07
4 46 -4.754993236910954e-07
7 46 1.321244724678974e-07
34 46 -4.296540960033596e-07
37 46 1.019739609673009e-07
40 46 -1.10365759889493e-07
43 46 6.239142907628988e-08
46 46 3.644623042328832e-07
49 46 8.054701206446563e-08
103 46 2.031902954153277e-06
109 46 1.612648849450052e-06
112 46 5.629715171340071e-07
118 46 3.614569142135421e-07
2 47 -1.66304884936032e-07
5 47 -4.754993236910954e-07
8 47 1.321244724678974e-07
35 47 -4.296540960033596e-07
38 47 1.019739609673009e-07
41 47 -1.10365759889493e-07
44 47 6.239142907628988e-08
47 47 3.644623042328832e-07
50 47 8.054701206446563e-08
104 47 2.031902954153277e-06
110 47 1.612648849450052e-06
113 47 5.629715171340071e-07
119 47 3.614569142135421e-07
3 48 -1.66304884936032e-07
6 48 -4.754993236910954e-07
9 48 1.321244724678974e-07
36 48 -4.296540960033596e-07
39 48 1.019739609673009e-07
42 48 -1.10365759889493e-07
45 48 6.239142907628988e-08
48 48 3.644623042328832e-07
51 48 8.054701206446563e-08
105 48 2.031902954153277e-06
111 48 1.612648849450052e-06
114 48 5.629715171340071e-07
120 48 3.614569142135421e-07
4 49 -2.355126007607805e-06
10 49 -1.764533172084468e-07
13 49 1.399910041334947e-07
34 49 -1.106362032495106e-07
40 49 -2.235840543120037e-06
43 49 6.293231579632522e-08
46 49 8.054701206446563e-08
49 49 2.261798463119263e-06
58 49 1.116028451360689e-07
103 49 5.419911659017391e-06
109 49 3.614569142135421e-07
118 49 4.475262406657699e-06
121 49 5.947492057128332e-07
127 49 4.766268243070116e-06
130 49 5.735736950462485e-06
5 50 -2.355126007607805e-06
11 50 -1.764533172084468e-07
14 50 1.399910041334947e-07
35 50 -1.106362032495106e-07
41 50 -2.235840543120037e-06
44 50 6.293231579632522e-08
47 50 8.054701206446563e-08
50 50 2.261798463119263e-06
59 50 1.116028451360689e-07
104 50 5.419911659017391e-06
110 50 3.614569142135421e-07
119 50 4.475262406657699e-06
122 50 5.947492057128332e-07
128 50 4.766268243070116e-06
131 50 5.735736950462485e-06
6 51 -2.355126007607805e-06
12 51 -1.764533172084468e-07
15 51 1.399910041334947e-07
36 51 -1.106362032495106e-07
42 51 -2.235840543120037e-06
45 51 6.293231579632522e-08
48 51 8.054701206446563e-08
51 51 2.261798463119263e-06
60 51 1.116028451360689e-07
105 51 5.419911659017391e-06
111 51 3.614569142135421e-07
120 51 4.475262406657699e-06
123 51 5.947492057128332e-07
129 51 4.766268243070116e-06
132 51 5.735736950462485e-06
10 52 2.682601871365668e-06
16 52 7.119025214475449e-07
19 52 -2.063670046678638e-07
40 52 1.264625659886751e-06
52 52 1.776869949960695e-05
55 52 -8.730757607742396e-07
58 52 -1.245792447868885e-07
61 52 -2.440659679458923e-06
76 52  1.6376046146969e-06
79 52 -1.22139937012377e-06
82 52 -5.399662053383742e-07
85 52 -1.497777448868993e-07
121 52 -5.578401620377629e-06
127 52 -3.31426495536355e-06
136 52 -2.143211847716024e-05
139 52 -2.720149454216747e-06
145 52 -3.40211578429692e-05
148 52 -5.927093800229044e-06
157 52 -4.064269802133136e-06
229 52 4.680927630939444e-08
238 52 -5.280619371915441e-09
241 52 5.730444322455231e-07
244 52 -4.035646248701199e-09
247 52 -1.883988817536669e-08
250 52 -3.025782506909896e-07
307 52 -2.25358149512646e-05
313 52 -1.755847265510625e-07
316 52 -1.749379902587419e-06
328 52 -1.658596062697873e-08
331 52 -9.889325975769859e-07
334 52 -2.601966787221809e-06
340 52 -1.275435708734676e-06
343 52 -1.482003127012588e-05
11 53 2.682601871365668e-06
17 53 7.119025214475449e-07
20 53 -2.063670046678638e-07
41 53 1.264625659886751e-06
53 53 1.776869949960695e-05
56 53 -8.730757607742396e-07
59 53 -1.245792447868885e-07
62 53 -2.440659679458923e-06
77 53  1.6376046146969e-06
80 53 -1.22139937012377e-06
83 53 -5.399662053383742e-07
86 53 -1.497777448868993e-07
122 53 -5.578401620377629e-06
128 53 -3.31426495536355e-06
137 53 -2.143211847716024e-05
140 53 -2.720149454216747e-06
146 53 -3.40211578429692e-05
149 53 -5.927093800229044e-06
158 53 -4.064269802133136e-06
230 53 4.680927630939444e-08
239 53 -5.280619371915441e-09
242 53 5.730444322455231e-07
245 53 -4.035646248701199e-09
248 53 -1.883988817536669e-08
251 53 -3.025782506909896e-07
308 53 -2.25358149512646e-05
314 53 -1.755847265510625e-07
317 53 -1.749379902587419e-06
329 53 -1.658596062697873e-08
332 53 -9.889325975769859e-07
335 53 -2.601966787221809e-06
341 53 -1.275435708734676e-06
344 53 -1.482003127012588e-05
12 54 2.682601871365668e-06
18 54 7.119025214475449e-07
21 54 -2.063670046678638e-07
42 54 1.264625659886751e-06
54 54 1.776869949960695e-05
57 54 -8.730757607742396e-07
60 54 -1.245792447868885e-07
63 54 -2.440659679458923e-06
78 54  1.6376046146969e-06
81 54 -1.22139937012377e-06
84 54 -5.399662053383742e-07
87 54 -1.497777448868993e-07
123 54 -5.578401620377629e-06
129 54 -3.31426495536355e-06
138 54 -2.143211847716024e-05
141 54 -2.720149454216747e-06
147 54 -3.40211578429692e-05
150 54 -5.927093800229044e-06
159 54 -4.064269802133136e-06
231 54 4.680927630939444e-08
240 54 -5.280619371915441e-09
243 54 5.730444322455231e-07
246 54 -4.035646248701199e-09
249 54 -1.883988817536669e-08
252 54 -3.025782506909896e-07
309 54 -2.25358149512646e-05
315 54 -1.755847265510625e-07
318 54 -1.749379902587419e-06
330 54 -1.658596062697873e-08
333 54 -9.889325975769859e-07
336 54 -2.601966787221809e-06
342 54 -1.275435708734676e-06
345 54 -1.482003127012588e-05
10 55 -1.157432613558576e-07
40 55 -8.637901033007834e-07
52 55 -8.730757607742396e-07
55 55 6.160991134989634e-07
58 55 7.329125602707037e-08
61 55 7.428343635533171e-08
121 55 4.073537562584217e-07
127 55 2.525385048119249e-06
136 55 2.569593720035464e-06
229 55 -5.482561209534192e-09
238 55 1.870520338948446e-09
247 55 1.961950071419828e-09
307 55 1.175121475114364e-06
313 55 1.965584082395081e-08
316 55 1.143189068790323e-06
11 56 -1.157432613558576e-07
41 56 -8.637901033007834e-07
53 56 -8.730757607742396e-07
56 56 6.160991134989634e-07
59 56 7.329125602707037e-08
62 56 7.428343635533171e-08
122 56 4.073537562584217e-07
128 56 2.525385048119249e-06
137 56 2.569593720035464e-06
230 56 -5.482561209534192e-09
239 56 1.870520338948446e-09
248 56 1.961950071419828e-09
308 56 1.175121475114364e-06
314 56 1.965584082395081e-08
317 56 1.143189068790323e-06
12 57 -1.157432613558576e-07
42 57 -8.637901033007834e-07
54 57 -8.730757607742396e-07
57 57 6.160991134989634e-07
60 57 7.329125602707037e-08
63 57 7.428343635533171e-08
123 57 4.073537562584217e-07
129 57 2.525385048119249e-06
138 57 2.569593720035464e-06
231 57 -5.482561209534192e-09
240 57 1.870520338948446e-09
249 57 1.961950071419828e-09
309 57 1.175121475114364e-06
315 57 1.965584082395081e-08
318 57 1.143189068790323e-06
4 58 -1.767227082160041e-07
10 58 -5.138455611372022e-07
13 58 1.405297861486097e-07
40 58 -4.710610144847134e-07
49 58 1.116028451360689e-07
52 58 -1.245792447868885e-07
55 58 7.329125602707037e-08
58 58 4.062695673720256e-07
61 58 9.195540321739356e-08
121 58 2.181898063383114e-06
127 58 1.777796812704511e-06
130 58 5.94749205712833e-07
136 58 4.073537562584217e-07
5 59 -1.767227082160041e-07
11 59 -5.138455611372022e-07
14 59 1.405297861486097e-07
41 59 -4.710610144847134e-07
50 59 1.116028451360689e-07
53 59 -1.245792447868885e-07
56 59 7.329125602707037e-08
59 59 4.062695673720256e-07
62 59 9.195540321739356e-08
122 59 2.181898063383114e-06
128 59 1.777796812704511e-06
131 59 5.94749205712833e-07
137 59 4.073537562584217e-07
6 60 -1.767227082160041e-07
12 60 -5.138455611372022e-07
15 60 1.405297861486097e-07
42 60 -4.710610144847134e-07
51 60 1.116028451360689e-07
54 60 -1.245792447868885e-07
57 60 7.329125602707037e-08
60 60 4.062695673720256e-07
63 60 9.195540321739356e-08
123 60 2.181898063383114e-06
129 60 1.777796812704511e-06
132 60 5.94749205712833e-07
138 60 4.073537562584217e-07
10 61 -2.537602749040121e-06
16 61 -1.932185353956173e-07
19 61 1.532889714352895e-07
40 61 -1.25075334951019e-07
52 61 -2.440659679458923e-06
55 61 7.428343635533171e-08
58 61 9.195540321739356e-08
61 61 2.529635794525746e-06
82 61 1.27882286836223e-07
121 61 5.786915636412598e-06
127 61 4.073537562584216e-07
136 61 4.926119445778672e-06
139 61 6.458821086916719e-07
145 61 5.277034717031413e-06
148 61 6.136433215130311e-06
11 62 -2.537602749040121e-06
17 62 -1.932185353956173e-07
20 62 1.532889714352895e-07
41 62 -1.25075334951019e-07
53 62 -2.440659679458923e-06
56 62 7.428343635533171e-08
59 62 9.195540321739356e-08
62 62 2.529635794525746e-06
83 62 1.27882286836223e-07
122 62 5.786915636412598e-06
128 62 4.073537562584216e-07
137 62 4.926119445778672e-06
140 62 6.458821086916719e-07
146 62 5.277034717031413e-06
149 62 6.136433215130311e-06
12 63 -2.537602749040121e-06
18 63 -1.932185353956173e-07
21 63 1.532889714352895e-07
42 63 -1.25075334951019e-07
54 63 -2.440659679458923e-06
57 63 7.428343635533171e-08
60 63 9.195540321739356e-08
63 63 2.529635794525746e-06
84 63 1.27882286836223e-07
123 63 5.786915636412598e-06
129 63 4.073537562584216e-07
138 63 4.926119445778672e-06
141 63 6.458821086916719e-07
147 63 5.277034717031413e-06
150 63 6.136433215130311e-06
1 64 -9.43589038495708e-08
34 64 -5.963753255468666e-07
37 64 5.728456204246381e-08
64 64 3.852624109728515e-07
67 64 -5.944004077544523e-07
70 64 5.703384786408552e-08
88 64 3.378496860712492e-07
94 64 1.870906074293871e-06
100 64 1.880422317939057e-06
256 64 -1.114814967488334e-09
259 64 2.918426704508815e-10
262 64 2.875997116296512e-10
265 64 6.437967351536431e-07
271 64 4.107949470422011e-09
274 64 6.387162352802544e-07
2 65 -9.43589038495708e-08
35 65 -5.963753255468666e-07
38 65 5.728456204246381e-08
65 65 3.852624109728515e-07
68 65 -5.944004077544523e-07
71 65 5.703384786408552e-08
89 65 3.378496860712492e-07
95 65 1.870906074293871e-06
101 65 1.880422317939057e-06
257 65 -1.114814967488334e-09
260 65 2.918426704508815e-10
263 65 2.875997116296512e-10
266 65 6.437967351536431e-07
272 65 4.107949470422011e-09
275 65 6.387162352802544e-07
3 66 -9.43589038495708e-08
36 66 -5.963753255468666e-07
39 66 5.728456204246381e-08
66 66 3.852624109728515e-07
69 66 -5.944004077544523e-07
72 66 5.703384786408552e-08
90 66 3.378496860712492e-07
96 66 1.870906074293871e-06
102 66 1.880422317939057e-06
258 66 -1.114814967488334e-09
261 66 2.918426704508815e-10
264 66 2.875997116296512e-10
267 66 6.437967351536431e-07
273 66 4.107949470422011e-09
276 66 6.387162352802544e-07
1 67 5.84697348403046e-07
28 67 -1.762871088616971e-07
31 67 2.16156680922825e-06
34 67 9.442007274621822e-07
37 67 -1.032082202072857e-07
64 67 -5.944004077544523e-07
67 67 1.246904019153051e-05
70 67 -4.085549343168009e-07
73 67 -1.890123876093263e-06
88 67 -2.273046124276763e-06
94 67 -2.774114833117888e-05
97 67 -5.369317721038658e-06
100 67 -2.669523775585298e-06
214 67 -1.424472730573036e-05
217 67 -4.097013078496308e-06
256 67 1.308256314107875e-07
259 67 -1.085081102948115e-09
262 67 -4.527330339694324e-08
265 67 -1.103107828554694e-06
271 67 -2.750703917204878e-07
274 67 -8.103422381448927e-06
358 67 -2.409813380836309e-07
361 67 -1.357158798156762e-05
2 68 5.84697348403046e-07
29 68 -1.762871088616971e-07
32 68 2.16156680922825e-06
35 68 9.442007274621822e-07
38 68 -1.032082202072857e-07
65 68 -5.944004077544523e-07
68 68 1.246904019153051e-05
71 68 -4.085549343168009e-07
74 68 -1.890123876093263e-06
89 68 -2.273046124276763e-06
95 68 -2.774114833117888e-05
98 68 -5.369317721038658e-06
101 68 -2.669523775585298e-06
215 68 -1.424472730573036e-05
218 68 -4.097013078496308e-06
257 68 1.308256314107875e-07
260 68 -1.085081102948115e-09
263 68 -4.527330339694324e-08
266 68 -1.103107828554694e-06
272 68 -2.750703917204878e-07
275 68 -8.103422381448927e-06
359 68 -2.409813380836309e-07
362 68 -1.357158798156762e-05
3 69 5.84697348403046e-07
30 69 -1.762871088616971e-07
33 69 2.16156680922825e-06
36 69 9.442007274621822e-07
39 69 -1.032082202072857e-07
66 69 -5.944004077544523e-07
69 69 1.246904019153051e-05
72 69 -4.085549343168009e-07
75 69 -1.890123876093263e-06
90 69 -2.273046124276763e-06
96 69 -2.774114833117888e-05
99 69 -5.369317721038658e-06
102 69 -2.669523775585298e-06
216 69 -1.424472730573036e-05
219 69 -4.097013078496308e-06
258 69 1.308256314107875e-07
261 69 -1.085081102948115e-09
264 69 -4.527330339694325e-08
267 69 -1.103107828554694e-06
273 69 -2.750703917204878e-07
276 69 -8.103422381448927e-06
360 69 -2.409813380836309e-07
363 69 -1.357158798156762e-05
1 70 -4.556922403765863e-07
28 70 1.278210014777789e-07
31 70 -1.61013510024677e-07
34 70 -1.030828631180963e-07
37 70 7.473248057951489e-08
64 70 5.703384786408552e-08
67 70 -4.085549343168009e-07
70 70 3.434385763277215e-07
73 70 9.722126605371015e-08
88 70 1.953444986796607e-06
94 70 1.529370658371642e-06
97 70 5.467802362949693e-07
100 70 3.378496860712491e-07
2 71 -4.556922403765863e-07
29 71 1.278210014777789e-07
32 71 -1.61013510024677e-07
35 71 -1.030828631180963e-07
38 71 7.473248057951489e-08
65 71 5.703384786408552e-08
68 71 -4.085549343168009e-07
71 71 3.434385763277215e-07
74 71 9.722126605371015e-08
89 71 1.953444986796607e-06
95 71 1.529370658371642e-06
98 71 5.467802362949693e-07
101 71 3.378496860712491e-07
3 72 -4.556922403765863e-07
30 72 1.278210014777789e-07
33 72 -1.61013510024677e-07
36 72 -1.030828631180963e-07
39 72 7.473248057951489e-08
66 72 5.703384786408552e-08
69 72 -4.085549343168009e-07
72 72 3.434385763277215e-07
75 72 9.722126605371015e-08
90 72 1.953444986796607e-06
96 72 1.529370658371642e-06
99 72 5.467802362949693e-07
102 72 3.378496860712491e-07
1 73 -1.609872411496631e-07
28 73 1.277684637277508e-07
31 73 -2.008675822094406e-06
67 73 -1.890123876093263e-06
70 73 9.722126605371015e-08
73 73 1.90004123746354e-06
88 73 5.467802362949692e-07
94 73 4.324742760420357e-06
97 73 5.379944318779358e-06
214 73 3.463752681293601e-06
217 73 4.282587956835583e-06
2 74 -1.609872411496631e-07
29 74 1.277684637277508e-07
32 74 -2.008675822094406e-06
68 74 -1.890123876093263e-06
71 74 9.722126605371015e-08
74 74 1.90004123746354e-06
89 74 5.467802362949692e-07
95 74 4.324742760420357e-06
98 74 5.379944318779358e-06
215 74 3.463752681293601e-06
218 74 4.282587956835583e-06
3 75 -1.609872411496631e-07
30 75 1.277684637277508e-07
33 75 -2.008675822094406e-06
69 75 -1.890123876093263e-06
72 75 9.722126605371015e-08
75 75 1.90004123746354e-06
90 75 5.467802362949692e-07
96 75 4.324742760420357e-06
99 75 5.379944318779358e-06
216 75 3.463752681293601e-06
219 75 4.282587956835583e-06
16 76 2.897688908839257e-06
22 76 8.116178608844066e-07
25 76 -2.294600462533379e-07
52 76  1.6376046146969e-06
76 76 2.058399128172886e-05
79 76 -1.23826517473699e-06
82 76 -1.488717685138348e-07
85 76 -2.755308537097324e-06
139 76 -5.984744976124283e-06
145 76 -4.022335881117204e-06
154 76 -6.499695347283157e-07
157 76 -2.367499756548438e-05
160 76 -3.060724644584136e-06
166 76 -3.806205683581414e-05
169 76 -6.341498210355281e-06
175 76 2.250168383579702e-06
178 76 -1.907902643974238e-06
181 76 -1.913128410085608e-07
193 76 -5.200662404882981e-06
241 76 1.184880220025504e-07
250 76 -1.634772736075697e-08
328 76 -5.938371307287373e-08
334 76 -2.821667964359396e-05
340 76 -4.389023511648421e-07
343 76 -2.564427463960886e-06
373 76 1.148853688544308e-06
376 76 -1.408566978489829e-08
379 76 -7.639431246752108e-07
382 76 -5.576761716536574e-08
385 76 -1.988409469035662e-06
388 76 -4.08122973399417e-06
394 76 -2.584021654519906e-06
397 76 -1.994490898457426e-05
17 77 2.897688908839257e-06
23 77 8.116178608844066e-07
26 77 -2.294600462533379e-07
53 77  1.6376046146969e-06
77 77 2.058399128172886e-05
80 77 -1.23826517473699e-06
83 77 -1.488717685138348e-07
86 77 -2.755308537097324e-06
140 77 -5.984744976124283e-06
146 77 -4.022335881117204e-06
155 77 -6.499695347283157e-07
158 77 -2.367499756548438e-05
161 77 -3.060724644584136e-06
167 77 -3.806205683581414e-05
170 77 -6.341498210355281e-06
176 77 2.250168383579702e-06
179 77 -1.907902643974238e-06
182 77 -1.913128410085608e-07
194 77 -5.200662404882981e-06
242 77 1.184880220025504e-07
251 77 -1.634772736075697e-08
329 77 -5.938371307287373e-08
335 77 -2.821667964359396e-05
341 77 -4.389023511648421e-07
344 77 -2.564427463960886e-06
374 77 1.148853688544308e-06
377 77 -1.408566978489829e-08
380 77 -7.639431246752108e-07
383 77 -5.576761716536574e-08
386 77 -1.988409469035662e-06
389 77 -4.08122973399417e-06
395 77 -2.584021654519906e-06
398 77 -1.994490898457426e-05
18 78 2.897688908839257e-06
24 78 8.116178608844066e-07
27 78 -2.294600462533379e-07
54 78  1.6376046146969e-06
78 78 2.058399128172886e-05
81 78 -1.23826517473699e-06
84 78 -1.488717685138348e-07
87 78 -2.755308537097324e-06
141 78 -5.984744976124283e-06
147 78 -4.022335881117204e-06
156 78 -6.499695347283157e-07
159 78 -2.367499756548438e-05
162 78 -3.060724644584136e-06
168 78 -3.806205683581414e-05
171 78 -6.341498210355281e-06
177 78 2.250168383579702e-06
180 78 -1.907902643974238e-06
183 78 -1.913128410085608e-07
195 78 -5.200662404882981e-06
243 78 1.184880220025504e-07
252 78 -1.634772736075697e-08
330 78 -5.938371307287373e-08
336 78 -2.821667964359396e-05
342 78 -4.389023511648421e-07
345 78 -2.564427463960886e-06
375 78 1.148853688544308e-06
378 78 -1.408566978489829e-08
381 78 -7.639431246752108e-07
384 78 -5.576761716536574e-08
387 78 -1.988409469035662e-06
390 78 -4.08122973399417e-06
396 78 -2.584021654519906e-06
399 78 -1.994490898457426e-05
16 79 -1.40393606686989e-07
52 79 -1.22139937012377e-06
76 79 -1.23826517473699e-06
79 79 9.646488790314402e-07
82 79 9.302417814071098e-08
85 79 9.483613088683972e-08
139 79 4.855065722609368e-07
145 79 3.328842333317009e-06
157 79 3.412710175348857e-06
241 79 -1.706133562074666e-08
250 79 7.187846811055212e-09
328 79 7.664313343498709e-09
334 79 1.968482142304798e-06
340 79 5.963027915195212e-08
343 79 1.893403495782942e-06
17 80 -1.40393606686989e-07
53 80 -1.22139937012377e-06
77 80 -1.23826517473699e-06
80 80 9.646488790314402e-07
83 80 9.302417814071098e-08
86 80 9.483613088683972e-08
140 80 4.855065722609368e-07
146 80 3.328842333317009e-06
158 80 3.412710175348857e-06
242 80 -1.706133562074666e-08
251 80 7.187846811055212e-09
329 80 7.664313343498709e-09
335 80 1.968482142304798e-06
341 80 5.963027915195212e-08
344 80 1.893403495782942e-06
18 81 -1.40393606686989e-07
54 81 -1.22139937012377e-06
78 81 -1.23826517473699e-06
81 81 9.646488790314402e-07
84 81 9.302417814071098e-08
87 81 9.483613088683972e-08
141 81 4.855065722609368e-07
147 81 3.328842333317009e-06
159 81 3.412710175348857e-06
243 81 -1.706133562074666e-08
252 81 7.187846811055212e-09
330 81 7.664313343498709e-09
336 81 1.968482142304798e-06
342 81 5.963027915195212e-08
345 81 1.893403495782942e-06
10 82 -1.9366366236833e-07
16 82 -5.770425361796909e-07
19 82 1.541792253807156e-07
52 82 -5.399662053383742e-07
61 82 1.27882286836223e-07
76 82 -1.488717685138348e-07
