Reading isostasy from file mesh/rotation_s.txt
 size of rotation matrix 1711
Reading tilt from file mesh/tilt_s.txt
 size of tilt matrix 571
biotls_problem::init 
biotls_problem::gen_bc()
number of dof level set 5755
End of ls evaluation
*** *** *** printin cut elements *** *** *** 
# Cut Elements      = 569
# dof to extend are  for pressure   = 243
# dof to extend are  for displacement   = 729
set integration method
set integration method simp
set integration adapt
end
Biot_ls cut fem::save_mesh  
templs_problem::init 
templs_problem::gen_bc()
number of dof level set 5755
End of ls evaluation
*** *** *** printin cut elements *** *** *** 
# Cut Elements      = 569
# dof to extend are  for pressure   = 243
set integration method
set integration method simp
set integration adapt
end
biotls_problem::update_ls
adaptation of mesh fems 
adaptation of mesh regions 
printin cut elements in resu/ls_ring_pinch_disp.cut_elements.0.vtk
# Cut Elements      = 569
# dof to extend are  for pressure   = 243
# dof to extend are  for displacement   = 729
laplacian_problem::update_ls
printin cut elements
# Cut Elements      = 569
# dof to extend are  for pressure   = 243
*** Time step 71/90
biotls_problem::update_ls
adaptation of mesh fems 
adaptation of mesh regions 
printin cut elements in resu/ls_ring_pinch_disp.cut_elements.71.vtk
# Cut Elements      = 607
# dof to extend are  for pressure   = 267
# dof to extend are  for displacement   = 801
laplacian_problem::update_ls
printin cut elements
# Cut Elements      = 607
# dof to extend are  for pressure   = 267
biot_assembler::assembly_u(double dt)
nb_dof_u_x 3405
biotls_problem::configure_workspace::Configuring workspace 
***Non dimensional parameters***
dt 0.00022775 t_ref 4e+13 u_ref 48.9715 p_ref 1.22429e+07
end of Configuring workspace 
top load is 2.02991
end kout
end kin
end Bin
start mapping displacement
... time to map disp with if : 1e-06 seconds
... time to map dipl no if : 0.609435 seconds
 KUx matrix(801, 801)
( (r0, 9.65609e-06) (r1, -1.47469e-06) (r2, 9.19251e-08) (r3, -5.63904e-06) (r4, 3.10961e-07) (r5, 5.1458e-06) (r6, -4.53603e-06) (r7, 1.98525e-06) (r8, -3.19293e-06) (r12, -2.26473e-06) (r13, 4.23016e-07) (r14, 2.17418e-07) (r18, -8.85998e-07) (r19, 3.62213e-07) (r20, 3.54866e-07) )
( (r0, -1.47469e-06) (r1, 9.39496e-06) (r2, -1.55687e-06) (r3, 3.71437e-07) (r4, -2.84376e-06) (r5, -1.72074e-06) (r6, 1.71308e-06) (r7, -8.00302e-06) (r8, 5.83816e-06) (r12, 4.04885e-07) (r13, -9.40861e-07) (r14, 2.26058e-07) (r18, 4.41394e-07) (r19, -2.09989e-06) (r20, 1.60165e-07) )
( (r0, 9.19251e-08) (r1, -1.55687e-06) (r2, 1.69253e-05) (r3, 6.71962e-06) (r4, -2.05971e-06) (r5, -1.01143e-05) (r6, -3.59776e-06) (r7, 7.36364e-06) (r8, -1.08896e-05) (r12, -2.5443e-07) (r13, 3.27685e-07) (r14, 3.24734e-08) (r18, 4.72644e-07) (r19, -2.83647e-07) (r20, -5.02178e-09) )
( (r0, -5.63904e-06) (r1, 3.71437e-07) (r2, 6.71962e-06) (r3, 0.0847891) (r4, 0.00334375) (r5, 0.0122428) (r6, -0.0345306) (r7, 0.00940751) (r8, 0.0139808) (r9, -0.00213163) (r10, -0.0022354) (r11, 3.04102e-06) (r18, 1.71628e-08) (r19, -1.57609e-06) (r20, 2.4297e-06) (r30, 0.00122981) (r31, -0.000369842) (r32, 0.00297351) )
( (r0, 3.10961e-07) (r1, -2.84376e-06) (r2, -2.05971e-06) (r3, 0.00334375) (r4, 0.113482) (r5, 0.0235058) (r6, 0.00872945) (r7, -0.0618085) (r8, -0.0174137) (r9, -0.00335801) (r10, -0.00750678) (r11, -0.00166314) (r18, -1.43245e-06) (r19, -2.67065e-07) (r20, 4.22823e-06) (r30, 0.00124904) (r31, -0.00895951) (r32, -0.000855339) )
( (r0, 5.1458e-06) (r1, -1.72074e-06) (r2, -1.01143e-05) (r3, 0.0122428) (r4, 0.0235058) (r5, 0.124976) (r6, 0.0113265) (r7, -0.0136132) (r8, -0.0346313) (r9, 2.02805e-06) (r10, -0.00110876) (r11, -0.00214187) (r18, 1.29e-06) (r19, 3.42308e-06) (r20, -1.20046e-06) (r30, 0.00352948) (r31, -0.00340555) (r32, 0.0036612) )
( (r0, -4.53603e-06) (r1, 1.71308e-06) (r2, -3.59776e-06) (r3, -0.0345306) (r4, 0.00872945) (r5, 0.0113265) (r6, 0.0701161) (r7, -0.000929072) (r8, -0.000103956) (r9, -0.00771267) (r10, -0.00316502) (r11, -0.0016355) (r12, 1.64366e-06) (r13, -1.83732e-06) (r14, 4.37784e-06) (r33, -0.0119782) (r34, 0.00121655) (r35, 2.25039e-05) )
( (r0, 1.98525e-06) (r1, -8.00302e-06) (r2, 7.36364e-06) (r3, 0.00940751) (r4, -0.0618085) (r5, -0.0136132) (r6, -0.000929072) (r7, 0.0860037) (r8, 0.0335473) (r9, -0.00211037) (r10, -0.00220511) (r11, -7.5426e-07) (r12, -1.61433e-06) (r13, -6.91237e-07) (r14, 3.04263e-06) (r33, -0.000191796) (r34, -0.000524381) (r35, 0.00235785) )
( (r0, -3.19293e-06) (r1, 5.83816e-06) (r2, -1.08896e-05) (r3, 0.0139808) (r4, -0.0174137) (r5, -0.0346313) (r6, -0.000103956) (r7, 0.0335473) (r8, 0.0855018) (r9, -0.00109071) (r10, -8.64921e-07) (r11, -0.00220464) (r12, 3.51976e-06) (r13, 1.79274e-06) (r14, -1.03081e-06) (r33, -0.00284675) (r34, 0.00269498) (r35, 0.00311645) )
( (r3, -0.00213163) (r4, -0.00335801) (r5, 2.02805e-06) (r6, -0.00771267) (r7, -0.00211037) (r8, -0.00109071) (r9, 0.010921) (r10, 0.00560796) (r11, 0.00289747) )
( (r3, -0.0022354) (r4, -0.00750678) (r5, -0.00110876) (r6, -0.00316502) (r7, -0.00220511) (r8, -8.64921e-07) (r9, 0.00560796) (r10, 0.0104334) (r11, 0.00277424) )
( (r3, 3.04102e-06) (r4, -0.00166314) (r5, -0.00214187) (r6, -0.0016355) (r7, -7.5426e-07) (r8, -0.00220464) (r9, 0.00289747) (r10, 0.00277424) (r11, 0.00649732) )
( (r0, -2.26473e-06) (r1, 4.04885e-07) (r2, -2.5443e-07) (r6, 1.64366e-06) (r7, -1.61433e-06) (r8, 3.51976e-06) (r12, 0.00305207) (r13, -3.69422e-06) (r14, -0.00052655) (r18, 2.44351e-07) (r19, 6.25044e-07) (r20, -7.81607e-08) (r33, -0.00202442) (r34, 1.6352e-05) (r35, 0.000609951) (r36, -0.00112267) (r37, -1.04441e-05) (r38, 0.000223318) (r42, -0.0027608) (r43, 1.97938e-05) (r44, 0.00025967) )
( (r0, 4.23016e-07) (r1, -9.40861e-07) (r2, 3.27685e-07) (r6, -1.83732e-06) (r7, -6.91237e-07) (r8, 1.79274e-06) (r12, -3.69422e-06) (r13, 0.00126915) (r14, -0.000106067) (r18, 6.58168e-07) (r19, 2.69461e-07) (r20, 1.5948e-08) (r33, 1.21311e-05) (r34, -0.000885733) (r35, 0.000122636) (r36, -6.87625e-06) (r37, -0.000437555) (r38, 5.4403e-07) (r42, 1.45599e-05) (r43, -0.00105633) (r44, 0.000152404) )
( (r0, 2.17418e-07) (r1, 2.26058e-07) (r2, 3.24734e-08) (r6, 4.37784e-06) (r7, 3.04263e-06) (r8, -1.03081e-06) (r12, -0.00052655) (r13, -0.000106067) (r14, 0.00147633) (r18, 1.05322e-07) (r19, -1.69712e-07) (r20, 9.39941e-07) (r33, 0.000740032) (r34, 0.000146295) (r35, -0.00112959) (r36, 0.000221435) (r37, -1.94539e-05) (r38, -0.00038821) (r42, 0.00012585) (r43, 0.00018174) (r44, -0.000945047) )
( (r15, 1) )
( (r16, 1) )
( (r17, 1) )
( (r0, -8.85998e-07) (r1, 4.41394e-07) (r2, 4.72644e-07) (r3, 1.71628e-08) (r4, -1.43245e-06) (r5, 1.29e-06) (r12, 2.44351e-07) (r13, 6.58168e-07) (r14, 1.05322e-07) (r18, 1.21227e-05) (r19, 1.37569e-06) (r20, 2.50791e-07) (r30, -8.22077e-06) (r31, 7.20894e-09) (r32, 6.37902e-06) (r36, -2.87704e-06) (r37, -1.6273e-06) (r38, -2.1491e-07) (r54, -1.24767e-06) (r55, -1.11063e-06) (r56, -2.48171e-06) )
( (r0, 3.62213e-07) (r1, -2.09989e-06) (r2, -2.83647e-07) (r3, -1.57609e-06) (r4, -2.67065e-07) (r5, 3.42308e-06) (r12, 6.25044e-07) (r13, 2.69461e-07) (r14, -1.69712e-07) (r18, 1.37569e-06) (r19, 1.25998e-05) (r20, 1.02032e-06) (r30, 7.23344e-09) (r31, -5.78519e-06) (r32, -5.81994e-10) (r36, -1.55197e-06) (r37, -2.1651e-06) (r38, -2.27182e-07) (r54, -8.5655e-07) (r55, -4.7858e-06) (r56, -4.45455e-06) )
( (r0, 3.54866e-07) (r1, 1.60165e-07) (r2, -5.02178e-09) (r3, 2.4297e-06) (r4, 4.22823e-06) (r5, -1.20046e-06) (r12, -7.81607e-08) (r13, 1.5948e-08) (r14, 9.39941e-07) (r18, 2.50791e-07) (r19, 1.02032e-06) (r20, 2.38104e-05) (r30, 8.3855e-06) (r31, -7.19341e-10) (r32, -1.78723e-05) (r36, -6.95672e-07) (r37, -6.49432e-07) (r38, -2.89152e-07) (r54, -3.0093e-06) (r55, -5.87867e-06) (r56, -3.16998e-06) )
( (r21, 1) )
( (r22, 1) )
( (r23, 1) )
( (r24, 1) )
( (r25, 1) )
( (r26, 1) )
( (r27, 1) )
( (r28, 1) )
( (r29, 1) )
( (r3, 0.00122981) (r4, 0.00124904) (r5, 0.00352948) (r18, -8.22077e-06) (r19, 7.23344e-09) (r20, 8.3855e-06) (r30, 0.0733275) (r31, 0.0164993) (r32, 0.0304388) (r54, -0.0275003) (r55, -0.0181404) (r56, -0.00287099) )
( (r3, -0.000369842) (r4, -0.00895951) (r5, -0.00340555) (r18, 7.20894e-09) (r19, -5.78519e-06) (r20, -7.19341e-10) (r30, 0.0164993) (r31, 0.0694372) (r32, 0.00692597) (r54, -0.0167208) (r55, -0.035675) (r56, -0.00447328) )
( (r3, 0.00297351) (r4, -0.000855339) (r5, 0.0036612) (r18, 6.37902e-06) (r19, -5.81994e-10) (r20, -1.78723e-05) (r30, 0.0304388) (r31, 0.00692597) (r32, 0.0748067) (r54, -0.00430439) (r55, -0.00670776) (r56, -0.0140417) )
( (r6, -0.0119782) (r7, -0.000191796) (r8, -0.00284675) (r12, -0.00202442) (r13, 1.21311e-05) (r14, 0.000740032) (r33, 0.0826972) (r34, -0.00463636) (r35, 0.0165845) (r36, 0.00067713) (r37, -0.000405415) (r38, 0.000116415) (r42, -0.0339772) (r43, 0.0106551) (r44, -0.00399907) )
( (r6, 0.00121655) (r7, -0.000524381) (r8, 0.00269498) (r12, 1.6352e-05) (r13, -0.000885733) (r14, 0.000146295) (r33, -0.00463636) (r34, 0.0629119) (r35, 0.02375) (r36, -0.000336276) (r37, -0.000428954) (r38, 0.000489748) (r42, 0.00932048) (r43, -0.0146248) (r44, 0.00229825) )
( (r6, 2.25039e-05) (r7, 0.00235785) (r8, 0.00311645) (r12, 0.000609951) (r13, 0.000122636) (r14, -0.00112959) (r33, 0.0165845) (r34, 0.02375) (r35, 0.108197) (r36, -1.65306e-05) (r37, 0.000217859) (r38, 0.000882934) (r42, -0.00599616) (r43, 0.00344667) (r44, -0.010803) )
( (r12, -0.00112267) (r13, -6.87625e-06) (r14, 0.000221435) (r18, -2.87704e-06) (r19, -1.55197e-06) (r20, -6.95672e-07) (r33, 0.00067713) (r34, -0.000336276) (r35, -1.65306e-05) (r36, 0.0554584) (r37, -0.00656677) (r38, 0.00667717) (r42, 0.00111142) (r43, 0.000309514) (r44, -3.66672e-06) (r54, -0.00256476) (r55, 0.00151223) (r56, 0.00272226) (r66, -0.00685428) (r67, 0.00261853) (r68, 0.000662476) (r78, -0.00603898) (r79, -0.000236063) (r80, 0.00456075) )
( (r12, -1.04441e-05) (r13, -0.000437555) (r14, -1.94539e-05) (r18, -1.6273e-06) (r19, -2.1651e-06) (r20, -6.49432e-07) (r33, -0.000405415) (r34, -0.000428954) (r35, 0.000217859) (r36, -0.00656677) (r37, 0.0738258) (r38, -0.00549961) (r42, 0.00025915) (r43, -0.000338241) (r44, 1.38417e-05) (r54, 0.00165143) (r55, 0.000141647) (r56, -0.00162433) (r66, 0.00285684) (r67, -0.0264261) (r68, -0.00286546) (r78, 0.000147845) (r79, -0.00223005) (r80, -0.000977102) )
( (r12, 0.000223318) (r13, 5.4403e-07) (r14, -0.00038821) (r18, -2.1491e-07) (r19, -2.27182e-07) (r20, -2.89152e-07) (r33, 0.000116415) (r34, 0.000489748) (r35, 0.000882934) (r36, 0.00667717) (r37, -0.00549961) (r38, 0.123944) (r42, -4.96145e-05) (r43, 0.000296138) (r44, 0.00102149) (r54, 0.00425936) (r55, -0.00240456) (r56, 0.000849121) (r66, 0.00126164) (r67, -0.00678911) (r68, -0.00290524) (r78, 0.00337985) (r79, -0.000583313) (r80, -0.0041486) )
( (r39, 1) )
( (r40, 1) )
( (r41, 1) )
( (r12, -0.0027608) (r13, 1.45599e-05) (r14, 0.00012585) (r33, -0.0339772) (r34, 0.00932048) (r35, -0.00599616) (r36, 0.00111142) (r37, 0.00025915) (r38, -4.96145e-05) (r42, 0.0758909) (r43, -0.00471482) (r44, 0.0149707) (r84, -0.00786541) (r85, 0.0030748) (r86, -9.0173e-05) )
( (r12, 1.97938e-05) (r13, -0.00105633) (r14, 0.00018174) (r33, 0.0106551) (r34, -0.0146248) (r35, 0.00344667) (r36, 0.000309514) (r37, -0.000338241) (r38, 0.000296138) (r42, -0.00471482) (r43, 0.0603746) (r44, 0.0223127) (r84, 0.00145918) (r85, 0.000672295) (r86, 0.00261566) )
( (r12, 0.00025967) (r13, 0.000152404) (r14, -0.000945047) (r33, -0.00399907) (r34, 0.00229825) (r35, -0.010803) (r36, -3.66672e-06) (r37, 1.38417e-05) (r38, 0.00102149) (r42, 0.0149707) (r43, 0.0223127) (r44, 0.0793608) (r84, -0.00194482) (r85, 0.00346035) (r86, 0.0020138) )
( )
( )
( )
( (r48, 1) )
( (r49, 1) )
( (r50, 1) )
( (r51, 1) )
( (r52, 1) )
( (r53, 1) )
( (r18, -1.24767e-06) (r19, -8.5655e-07) (r20, -3.0093e-06) (r30, -0.0275003) (r31, -0.0167208) (r32, -0.00430439) (r36, -0.00256476) (r37, 0.00165143) (r38, 0.00425936) (r54, 0.155414) (r55, 0.00181041) (r56, 0.034353) (r63, -0.000365927) (r64, 0.000198314) (r65, -0.000262054) (r66, -0.00459079) (r67, -0.00212927) (r68, 0.007684) (r99, -0.0129583) (r100, 0.0107821) (r101, 0.00381743) )
( (r18, -1.11063e-06) (r19, -4.7858e-06) (r20, -5.87867e-06) (r30, -0.0181404) (r31, -0.035675) (r32, -0.00670776) (r36, 0.00151223) (r37, 0.000141647) (r38, -0.00240456) (r54, 0.00181041) (r55, 0.168474) (r56, 0.00574416) (r63, 0.000280741) (r64, -0.00151975) (r65, 0.0015379) (r66, -0.00199241) (r67, 4.81962e-05) (r68, 0.00219872) (r99, 0.0125557) (r100, -0.0224294) (r101, -0.00279927) )
( (r18, -2.48171e-06) (r19, -4.45455e-06) (r20, -3.16998e-06) (r30, -0.00287099) (r31, -0.00447328) (r32, -0.0140417) (r36, 0.00272226) (r37, -0.00162433) (r38, 0.000849121) (r54, 0.034353) (r55, 0.00574416) (r56, 0.306649) (r63, -0.000224505) (r64, 0.00107589) (r65, -0.000484254) (r66, 0.00490903) (r67, 0.00143162) (r68, 0.00181791) (r99, 0.00738341) (r100, -0.00704914) (r101, 0.00198225) )
( (r57, 1) )
( (r58, 1) )
( (r59, 1) )
( (r60, 1) )
( (r61, 1) )
( (r62, 1) )
( (r54, -0.000365927) (r55, 0.000280741) (r56, -0.000224505) (r63, 0.00596368) (r64, -0.000163492) (r65, -0.00103405) (r66, -0.00210705) (r67, 7.81477e-05) (r68, 0.000463908) (r99, -0.00335555) (r100, 3.04941e-07) (r101, 0.00232971) (r111, -0.00207284) (r112, -9.71744e-05) (r113, 0.000198813) )
( (r54, 0.000198314) (r55, -0.00151975) (r56, 0.00107589) (r63, -0.000163492) (r64, 0.00979301) (r65, -0.00073857) (r66, 7.81299e-05) (r67, -0.00381314) (r68, 0.000352987) (r99, 3.46991e-07) (r100, -0.00218543) (r101, -1.41126e-06) (r111, -1.48099e-05) (r112, -0.00687458) (r113, -0.000243893) )
( (r54, -0.000262054) (r55, 0.0015379) (r56, -0.000484254) (r63, -0.00103405) (r64, -0.00073857) (r65, 0.00895564) (r66, 0.000244854) (r67, 0.000353087) (r68, -0.00112856) (r99, 0.00284713) (r100, -1.64695e-06) (r101, -0.00649351) (r111, 0.000236334) (r112, -0.00070555) (r113, -0.00206488) )
( (r36, -0.00685428) (r37, 0.00285684) (r38, 0.00126164) (r54, -0.00459079) (r55, -0.00199241) (r56, 0.00490903) (r63, -0.00210705) (r64, 7.81299e-05) (r65, 0.000244854) (r66, 0.0747174) (r67, 0.00308521) (r68, 0.000431479) (r75, -0.0149436) (r76, -0.00770725) (r77, 0.00569284) (r111, 0.000886248) (r112, 0.000799927) (r113, 0.000293152) (r117, -0.00397869) (r118, 0.00273359) (r119, 0.000494996) )
( (r36, 0.00261853) (r37, -0.0264261) (r38, -0.00678911) (r54, -0.00212927) (r55, 4.81962e-05) (r56, 0.00143162) (r63, 7.81477e-05) (r64, -0.00381314) (r65, 0.000353087) (r66, 0.00308521) (r67, 0.0943315) (r68, 0.0039999) (r75, -0.00758314) (r76, -0.0125899) (r77, 0.00467937) (r111, 0.00083909) (r112, 0.00334931) (r113, -0.000544607) (r117, 0.00273225) (r118, -0.00919893) (r119, -0.00128195) )
( (r36, 0.000662476) (r37, -0.00286546) (r38, -0.00290524) (r54, 0.007684) (r55, 0.00219872) (r56, 0.00181791) (r63, 0.000463908) (r64, 0.000352987) (r65, -0.00112856) (r66, 0.000431479) (r67, 0.0039999) (r68, 0.156559) (r75, 0.00368403) (r76, 0.00302024) (r77, -0.00567397) (r111, 0.00050266) (r112, -0.000764119) (r113, 0.00138597) (r117, 0.00107022) (r118, -0.00265925) (r119, -0.00144888) )
( (r69, 1) )
( (r70, 1) )
( (r71, 1) )
( (r72, 1) )
( (r73, 1) )
( (r74, 1) )
( (r66, -0.0149436) (r67, -0.00758314) (r68, 0.00368403) (r75, 0.0462472) (r76, 0.00883826) (r77, 0.00732186) (r78, -0.000464054) (r79, 0.000296754) (r80, 0.000438504) (r114, -0.00132605) (r115, -0.000192944) (r116, 0.000577422) (r126, -0.0106017) (r127, 0.00374488) (r128, -0.000187247) (r141, -0.000153265) (r142, -1.72245e-05) (r143, 5.76413e-05) (r144, 9.95332e-06) (r145, -3.02664e-05) (r146, 7.91466e-06) )
( (r66, -0.00770725) (r67, -0.0125899) (r68, 0.00302024) (r75, 0.00883826) (r76, 0.0459104) (r77, 0.00158201) (r78, -0.000223386) (r79, -0.00428741) (r80, -0.000245977) (r114, 0.000249933) (r115, -0.00714179) (r116, 0.000600769) (r126, 0.00391945) (r127, -0.00178795) (r128, 0.000231895) (r141, -1.6431e-05) (r142, -4.5077e-05) (r143, 1.10583e-05) (r144, -2.89534e-05) (r145, 9.14933e-06) (r146, 9.41518e-06) )
( (r66, 0.00569284) (r67, 0.00467937) (r68, -0.00567397) (r75, 0.00732186) (r76, 0.00158201) (r77, 0.070499) (r78, 0.000429701) (r79, 0.0001962) (r80, -0.000605351) (r114, 0.000582097) (r115, -0.000568535) (r116, -1.83015e-05) (r126, -0.00256806) (r127, 0.00109432) (r128, 0.00202006) (r141, 2.60739e-05) (r142, 6.61087e-06) (r143, -5.47365e-07) (r144, 5.54206e-07) (r145, 2.0555e-06) (r146, 3.11307e-05) )
( (r36, -0.00603898) (r37, 0.000147845) (r38, 0.00337985) (r75, -0.000464054) (r76, -0.000223386) (r77, 0.000429701) (r78, 0.0245621) (r79, -0.00202686) (r80, 0.0017888) (r84, -2.94694e-05) (r85, 9.08844e-06) (r86, 0.000109391) (r87, -1.55268e-05) (r88, 0.000256122) (r89, -4.19237e-05) (r126, -0.0161258) (r127, 0.00144485) (r128, -0.00220407) (r129, -0.000408642) (r130, 0.000263412) (r131, -0.00066558) )
( (r36, -0.000236063) (r37, -0.00223005) (r38, -0.000583313) (r75, 0.000296754) (r76, -0.00428741) (r77, 0.0001962) (r78, -0.00202686) (r79, 0.0202817) (r80, -0.00377973) (r84, -2.21614e-05) (r85, -0.00014856) (r86, 0.000106093) (r87, 0.000205625) (r88, -0.00045242) (r89, 0.000409017) (r126, 0.00138012) (r127, -0.0059056) (r128, 4.12126e-05) (r129, 0.000225752) (r130, 0.0004903) (r131, 0.000487691) )
( (r36, 0.00456075) (r37, -0.000977102) (r38, -0.0041486) (r75, 0.000438504) (r76, -0.000245977) (r77, -0.000605351) (r78, 0.0017888) (r79, -0.00377973) (r80, 0.0318945) (r84, 0.000153158) (r85, 0.000169068) (r86, 1.3574e-05) (r87, -0.000118486) (r88, 0.000692054) (r89, 0.000432018) (r126, -0.00482744) (r127, 5.63755e-05) (r128, -0.00216342) (r129, -0.00110775) (r130, 0.000698781) (r131, 0.000912863) )
( (r81, 1) )
( (r82, 1) )
( (r83, 1) )
( (r42, -0.00786541) (r43, 0.00145918) (r44, -0.00194482) (r78, -2.94694e-05) (r79, -2.21614e-05) (r80, 0.000153158) (r84, 0.126774) (r85, -0.0081155) (r86, 0.0213769) (r87, -0.0821089) (r88, 0.00852105) (r89, -0.0104067) )
( (r42, 0.0030748) (r43, 0.000672295) (r44, 0.00346035) (r78, 9.08844e-06) (r79, -0.00014856) (r80, 0.000169068) (r84, -0.0081155) (r85, 0.0766664) (r86, 0.0239783) (r87, 0.00665292) (r88, -0.0243464) (r89, 0.00225394) )
( (r42, -9.0173e-05) (r43, 0.00261566) (r44, 0.0020138) (r78, 0.000109391) (r79, 0.000106093) (r80, 1.3574e-05) (r84, 0.0213769) (r85, 0.0239783) (r86, 0.111054) (r87, -0.0155823) (r88, 0.00334044) (r89, -0.0239323) )
( (r78, -1.55268e-05) (r79, 0.000205625) (r80, -0.000118486) (r84, -0.0821089) (r85, 0.00665292) (r86, -0.0155823) (r87, 0.161953) (r88, -0.00993842) (r89, 0.0363664) (r129, -0.00574918) (r130, -0.0166553) (r131, -0.00879032) (r156, -0.0211314) (r157, 0.0129855) (r158, -0.00025059) )
( (r78, 0.000256122) (r79, -0.00045242) (r80, 0.000692054) (r84, 0.00852105) (r85, -0.0243464) (r86, 0.00334044) (r87, -0.00993842) (r88, 0.100737) (r89, 0.0295262) (r129, -0.0152651) (r130, 0.00488254) (r131, -0.00535722) (r156, 0.0103828) (r157, -0.0124325) (r158, 0.00419789) )
( (r78, -4.19237e-05) (r79, 0.000409017) (r80, 0.000432018) (r84, -0.0104067) (r85, 0.00225394) (r86, -0.0239323) (r87, 0.0363664) (r88, 0.0295262) (r89, 0.186335) (r129, -0.0152976) (r130, -0.0109411) (r131, 0.0168141) (r156, -0.00411189) (r157, 0.00758769) (r158, -0.000245844) )
( (r90, 1) )
( (r91, 1) )
( (r92, 1) )
( (r93, 1) )
( (r94, 1) )
( (r95, 1) )
( (r96, 1) )
( (r97, 1) )
( (r98, 1) )
( (r54, -0.0129583) (r55, 0.0125557) (r56, 0.00738341) (r63, -0.00335555) (r64, 3.46991e-07) (r65, 0.00284713) (r99, 0.151679) (r100, -0.0417388) (r101, -0.0121675) (r111, -0.019376) (r112, 0.00236095) (r113, 0.00132915) )
( (r54, 0.0107821) (r55, -0.0224294) (r56, -0.00704914) (r63, 3.04941e-07) (r64, -0.00218543) (r65, -1.64695e-06) (r99, -0.0417388) (r100, 0.274802) (r101, 0.0527695) (r111, 0.00413396) (r112, -0.0686512) (r113, -0.00849434) )
( (r54, 0.00381743) (r55, -0.00279927) (r56, 0.00198225) (r63, 0.00232971) (r64, -1.41126e-06) (r65, -0.00649351) (r99, -0.0121675) (r100, 0.0527695) (r101, 0.175434) (r111, 0.00199371) (r112, -0.0127426) (r113, -0.0195605) )
( (r102, 1) )
( (r103, 1) )
( (r104, 1) )
( (r105, 1) )
( (r106, 1) )
( (r107, 1) )
( (r108, 0.00660112) (r109, 0.00096174) (r110, 0.000139092) (r111, -0.0031837) (r112, -0.000426865) (r113, 0.000868888) (r117, -0.00259375) (r118, -0.000458338) (r119, -8.90311e-05) (r162, -0.00355506) (r163, -0.000653866) (r164, -0.000173467) )
( (r108, 0.00096174) (r109, 0.00978508) (r110, 0.00434183) (r111, -0.000508964) (r112, -0.00572383) (r113, -0.00211869) (r117, -0.000458375) (r118, -0.00402009) (r119, -0.00206928) (r162, -0.000571792) (r163, -0.0049518) (r164, -0.00276039) )
( (r108, 0.000139092) (r109, 0.00434183) (r110, 0.0127541) (r111, 0.00112888) (r112, -0.00165852) (r113, -0.00530064) (r117, -0.000252247) (r118, -0.00206907) (r119, -0.00373312) (r162, -4.71468e-05) (r163, -0.00322042) (r164, -0.00826814) )
( (r63, -0.00207284) (r64, -1.48099e-05) (r65, 0.000236334) (r66, 0.000886248) (r67, 0.00083909) (r68, 0.00050266) (r99, -0.019376) (r100, 0.00413396) (r101, 0.00199371) (r108, -0.0031837) (r109, -0.000508964) (r110, 0.00112888) (r111, 0.0742707) (r112, 0.00488527) (r113, 0.0237232) (r117, 0.00111417) (r118, -0.000586241) (r119, 0.000156898) (r162, -0.00696766) (r163, -0.00867708) (r164, 0.000166148) )
( (r63, -9.71744e-05) (r64, -0.00687458) (r65, -0.00070555) (r66, 0.000799927) (r67, 0.00334931) (r68, -0.000764119) (r99, 0.00236095) (r100, -0.0686512) (r101, -0.0127426) (r108, -0.000426865) (r109, -0.00572383) (r110, -0.00165852) (r111, 0.00488527) (r112, 0.131451) (r113, 0.0167503) (r117, -0.000547181) (r118, 0.00289153) (r119, 0.00188775) (r162, -0.00704602) (r163, -0.0190442) (r164, -0.00264654) )
( (r63, 0.000198813) (r64, -0.000243893) (r65, -0.00206488) (r66, 0.000293152) (r67, -0.000544607) (r68, 0.00138597) (r99, 0.00132915) (r100, -0.00849434) (r101, -0.0195605) (r108, 0.000868888) (r109, -0.00211869) (r110, -0.00530064) (r111, 0.0237232) (r112, 0.0167503) (r113, 0.116015) (r117, -5.98255e-05) (r118, 0.00166882) (r119, 0.00366407) (r162, -0.00133949) (r163, -0.00643878) (r164, 0.00309099) )
( (r75, -0.00132605) (r76, 0.000249933) (r77, 0.000582097) (r114, 0.0831787) (r115, 0.00209194) (r116, 0.0160109) (r117, -0.0231403) (r118, 0.00056021) (r119, -0.000974496) (r144, -0.0112781) (r145, -0.00291034) (r146, 0.00144606) (r183, -0.00729899) (r184, -0.0035692) (r185, 0.00079756) )
( (r75, -0.000192944) (r76, -0.00714179) (r77, -0.000568535) (r114, 0.00209194) (r115, 0.0756977) (r116, -0.00797472) (r117, 0.000819791) (r118, -0.00567276) (r119, 0.000310253) (r144, -0.00282099) (r145, -0.00319262) (r146, 0.00010678) (r183, -0.00309702) (r184, -0.0227805) (r185, 0.0038634) )
( (r75, 0.000577422) (r76, 0.000600769) (r77, -1.83015e-05) (r114, 0.0160109) (r115, -0.00797472) (r116, 0.124715) (r117, 0.00205151) (r118, 0.000198486) (r119, -0.00241307) (r144, -8.35981e-05) (r145, -0.000394025) (r146, -0.00103598) (r183, 0.000217159) (r184, 0.00121682) (r185, -0.00406067) )
( (r66, -0.00397869) (r67, 0.00273225) (r68, 0.00107022) (r108, -0.00259375) (r109, -0.000458375) (r110, -0.000252247) (r111, 0.00111417) (r112, -0.000547181) (r113, -5.98255e-05) (r114, -0.0231403) (r115, 0.000819791) (r116, 0.00205151) (r117, 0.0765675) (r118, -0.00901906) (r119, 0.00150568) (r162, -0.00279265) (r163, 0.000477474) (r164, 0.00440841) (r177, -0.0115483) (r178, 0.00702654) (r179, 0.000956003) (r180, -6.71848e-05) (r181, 0.000856429) (r182, 0.000441887) (r183, 0.000654077) (r184, -0.00208902) (r185, 0.000832855) )
( (r66, 0.00273359) (r67, -0.00919893) (r68, -0.00265925) (r108, -0.000458338) (r109, -0.00402009) (r110, -0.00206907) (r111, -0.000586241) (r112, 0.00289153) (r113, 0.00166882) (r114, 0.00056021) (r115, -0.00567276) (r116, 0.000198486) (r117, -0.00901906) (r118, 0.0632926) (r119, 0.00402562) (r162, 0.000455271) (r163, 0.000681835) (r164, 0.00122173) (r177, 0.00732712) (r178, -0.0148889) (r179, -0.00116048) (r180, 0.000949265) (r181, 0.000121602) (r182, -0.000883677) (r183, -0.00202202) (r184, 0.000419899) (r185, 0.000236913) )
( (r66, 0.000494996) (r67, -0.00128195) (r68, -0.00144888) (r108, -8.90311e-05) (r109, -0.00206928) (r110, -0.00373312) (r111, 0.000156898) (r112, 0.00188775) (r113, 0.00366407) (r114, -0.000974496) (r115, 0.000310253) (r116, -0.00241307) (r117, 0.00150568) (r118, 0.00402562) (r119, 0.114673) (r162, 0.00629947) (r163, 0.00137882) (r164, 0.000961777) (r177, 0.00227506) (r178, -0.00284525) (r179, -0.0040743) (r180, 0.000720208) (r181, -0.00140403) (r182, 0.0006219) (r183, 0.000462228) (r184, -0.000138642) (r185, 0.00124625) )
( (r120, 1) )
( (r121, 1) )
( (r122, 1) )
( (r123, 1) )
( (r124, 1) )
( (r125, 1) )
( (r75, -0.0106017) (r76, 0.00391945) (r77, -0.00256806) (r78, -0.0161258) (r79, 0.00138012) (r80, -0.00482744) (r126, 0.56765) (r127, 0.0423249) (r128, -0.0342371) (r129, -0.30092) (r130, -0.00720646) (r131, 0.0276048) (r141, -0.0302292) (r142, -0.00679502) (r143, 0.0109114) (r147, -0.00211467) (r148, 0.00456514) (r149, 0.0049285) (r153, -0.0101104) (r154, -0.0149352) (r155, 0.0050716) )
( (r75, 0.00374488) (r76, -0.00178795) (r77, 0.00109432) (r78, 0.00144485) (r79, -0.0059056) (r80, 5.63755e-05) (r126, 0.0423249) (r127, 0.544911) (r128, -0.0337984) (r129, -0.00954438) (r130, -0.267267) (r131, 0.0426302) (r141, -0.00614189) (r142, -0.0415625) (r143, 0.00963149) (r147, 0.00375666) (r148, -0.000563268) (r149, -0.00664826) (r153, -0.0140037) (r154, -0.0294696) (r155, 0.0105925) )
( (r75, -0.000187247) (r76, 0.000231895) (r77, 0.00202006) (r78, -0.00220407) (r79, 4.12126e-05) (r80, -0.00216342) (r126, -0.0342371) (r127, -0.0337984) (r128, 0.687879) (r129, 0.0221184) (r130, 0.063432) (r131, -0.242576) (r141, 0.00851916) (r142, 0.00597061) (r143, -0.0189549) (r147, 0.00317959) (r148, -0.00510659) (r149, 0.00113953) (r153, 0.00263526) (r154, 0.00519283) (r155, -0.00267137) )
( (r78, -0.000408642) (r79, 0.000225752) (r80, -0.00110775) (r87, -0.00574918) (r88, -0.0152651) (r89, -0.0152976) (r126, -0.30092) (r127, -0.00954438) (r128, 0.0221184) (r129, 0.763626) (r130, -0.0307823) (r131, 0.0064678) (r147, -0.0200885) (r148, 0.00132316) (r149, 0.0181284) (r150, -0.0341906) (r151, 0.0104772) (r152, 0.0210298) (r156, -0.0117348) (r157, -0.00266298) (r158, -2.2204e-05) (r204, 0.00907424) (r205, 0.00823911) (r206, 0.000963749) )
( (r78, 0.000263412) (r79, 0.0004903) (r80, 0.000698781) (r87, -0.0166553) (r88, 0.00488254) (r89, -0.0109411) (r126, -0.00720646) (r127, -0.267267) (r128, 0.063432) (r129, -0.0307823) (r130, 0.682035) (r131, -0.0679621) (r147, 0.00183933) (r148, -0.0129595) (r149, -0.00369675) (r150, 0.00983085) (r151, -0.0588774) (r152, -0.010818) (r156, -0.00398308) (r157, -0.0409814) (r158, -0.0229838) (r204, 0.00782664) (r205, 0.015683) (r206, -0.00925918) )
( (r78, -0.00066558) (r79, 0.000487691) (r80, 0.000912863) (r87, -0.00879032) (r88, -0.00535722) (r89, 0.0168141) (r126, 0.0276048) (r127, 0.0426302) (r128, -0.242576) (r129, 0.0064678) (r130, -0.0679621) (r131, 0.916854) (r147, 0.0122807) (r148, -0.00308857) (r149, -0.0134809) (r150, 0.0185278) (r151, -0.00335023) (r152, -0.0534529) (r156, -1.75147e-05) (r157, -0.0153345) (r158, -0.0117719) (r204, -0.00204422) (r205, -0.00694727) (r206, 0.0284351) )
( (r132, 1) )
( (r133, 1) )
( (r134, 1) )
( (r135, 1) )
( (r136, 1) )
( (r137, 1) )
( (r138, 1) )
( (r139, 1) )
( (r140, 1) )
( (r75, -0.000153265) (r76, -1.6431e-05) (r77, 2.60739e-05) (r126, -0.0302292) (r127, -0.00614189) (r128, 0.00851916) (r141, 0.0693416) (r142, -0.0121939) (r143, -0.00263098) (r144, -0.000966232) (r145, 1.86165e-05) (r146, 0.000173632) (r153, -0.0272756) (r154, 0.0189691) (r155, 0.00330324) (r207, 5.30768e-05) (r208, -0.00016796) (r209, 4.31025e-05) )
( (r75, -1.72245e-05) (r76, -4.5077e-05) (r77, 6.61087e-06) (r126, -0.00679502) (r127, -0.0415625) (r128, 0.00597061) (r141, -0.0121939) (r142, 0.0913083) (r143, 0.00993516) (r144, 0.000157584) (r145, -0.00459153) (r146, 0.000267537) (r153, 0.0184509) (r154, -0.0401168) (r155, -0.00390046) (r207, -0.000160346) (r208, 5.04749e-05) (r209, 0.000212118) )
( (r75, 5.76413e-05) (r76, 1.10583e-05) (r77, -5.47365e-07) (r126, 0.0109114) (r127, 0.00963149) (r128, -0.0189549) (r141, -0.00263098) (r142, 0.00993516) (r143, 0.0882369) (r144, 0.000198102) (r145, -0.000511381) (r146, 5.87068e-05) (r153, 0.0012578) (r154, -0.000996362) (r155, -0.012972) (r207, -6.68379e-07) (r208, 0.000169441) (r209, 0.000166955) )
( (r75, 9.95332e-06) (r76, -2.89534e-05) (r77, 5.54206e-07) (r114, -0.0112781) (r115, -0.00282099) (r116, -8.35981e-05) (r141, -0.000966232) (r142, 0.000157584) (r143, 0.000198102) (r144, 0.0713255) (r145, 0.00431774) (r146, 0.0113929) (r183, 0.000353247) (r184, 0.00200578) (r185, -3.10576e-05) (r207, -0.00971706) (r208, -0.0031102) (r209, 0.00354674) (r210, 0.000254913) (r211, -0.00132255) (r212, 0.000226571) (r213, -0.00651545) (r214, -0.000761114) (r215, 0.000609602) )
( (r75, -3.02664e-05) (r76, 9.14933e-06) (r77, 2.0555e-06) (r114, -0.00291034) (r115, -0.00319262) (r116, -0.000394025) (r141, 1.86165e-05) (r142, -0.00459153) (r143, -0.000511381) (r144, 0.00431774) (r145, 0.0862001) (r146, -0.0130337) (r183, 0.00206893) (r184, 0.000328015) (r185, 0.000389646) (r207, -0.00305626) (r208, -0.0071038) (r209, 0.00237294) (r210, -0.00127862) (r211, 0.000238464) (r212, 0.00034162) (r213, -0.000188832) (r214, -0.0264474) (r215, 0.000632335) )
( (r75, 7.91466e-06) (r76, 9.41518e-06) (r77, 3.11307e-05) (r114, 0.00144606) (r115, 0.00010678) (r116, -0.00103598) (r141, 0.000173632) (r142, 0.000267537) (r143, 5.87068e-05) (r144, 0.0113929) (r145, -0.0130337) (r146, 0.141775) (r183, 0.000323997) (r184, 3.56859e-05) (r185, 0.00111359) (r207, 0.00233011) (r208, 0.00176607) (r209, -0.00423908) (r210, -2.38414e-05) (r211, 9.53778e-05) (r212, 0.000813549) (r213, 0.000561931) (r214, -0.00257533) (r215, -0.00342295) )
( (r126, -0.00211467) (r127, 0.00375666) (r128, 0.00317959) (r129, -0.0200885) (r130, 0.00183933) (r131, 0.0122807) (r147, 0.0608515) (r148, -0.00828989) (r149, 0.00958145) (r153, -0.00501717) (r154, -0.000528108) (r155, 0.00030731) (r204, -0.00124311) (r205, -0.00216952) (r206, 0.00124245) (r216, 9.6406e-05) (r217, -0.000314784) (r218, 5.92299e-05) (r225, -0.00822324) (r226, 0.00439949) (r227, 0.00202078) (r228, 6.0601e-05) (r229, 0.000872048) (r230, -1.63278e-05) )
( (r126, 0.00456514) (r127, -0.000563268) (r128, -0.00510659) (r129, 0.00132316) (r130, -0.0129595) (r131, -0.00308857) (r147, -0.00828989) (r148, 0.0731504) (r149, -0.0045933) (r153, -0.000154577) (r154, -0.0223614) (r155, 0.00136984) (r204, -0.00250815) (r205, -0.00972587) (r206, 0.00129291) (r216, -0.000301321) (r217, 9.71431e-05) (r218, 0.000292893) (r225, 0.00423585) (r226, -0.00714249) (r227, -0.0016876) (r228, 0.000827018) (r229, -0.000436828) (r230, -1.12379e-05) )
( (r126, 0.0049285) (r127, -0.00664826) (r128, 0.00113953) (r129, 0.0181284) (r130, -0.00369675) (r131, -0.0134809) (r147, 0.00958145) (r148, -0.0045933) (r149, 0.110022) (r153, 0.000263705) (r154, -0.00146448) (r155, -0.00249917) (r204, 0.0021129) (r205, 0.00361103) (r206, 0.00178649) (r216, -1.72785e-05) (r217, 0.00021743) (r218, 0.000329645) (r225, 0.000893152) (r226, -0.000770419) (r227, -0.00215398) (r228, -0.0003332) (r229, 0.000241158) (r230, 0.000799817) )
( (r129, -0.0341906) (r130, 0.00983085) (r131, 0.0185278) (r150, 0.150849) (r151, -0.00812148) (r152, 0.0036152) (r156, -0.0614829) (r157, 0.00228684) (r158, -0.0117844) (r204, -0.0368761) (r205, 0.00295004) (r206, 0.00722282) )
( (r129, 0.0104772) (r130, -0.0588774) (r131, -0.00335023) (r150, -0.00812148) (r151, 0.10573) (r152, 0.0115876) (r156, 0.00438059) (r157, -0.0171256) (r158, 0.00226902) (r204, 0.00117688) (r205, -0.0209446) (r206, 0.0119609) )
( (r129, 0.0210298) (r130, -0.010818) (r131, -0.0534529) (r150, 0.0036152) (r151, 0.0115876) (r152, 0.16666) (r156, -0.00794882) (r157, 0.00150868) (r158, -0.0176186) (r204, 0.00205391) (r205, 0.0115322) (r206, -0.0199402) )
( (r126, -0.0101104) (r127, -0.0140037) (r128, 0.00263526) (r141, -0.0272756) (r142, 0.0184509) (r143, 0.0012578) (r147, -0.00501717) (r148, -0.000154577) (r149, 0.000263705) (r153, 0.0843224) (r154, -0.00703968) (r155, 0.0109) (r207, -5.73681e-05) (r208, 0.000106405) (r209, -4.80608e-05) (r216, -0.00633567) (r217, -0.00292015) (r218, 0.00213043) )
( (r126, -0.0149352) (r127, -0.0294696) (r128, 0.00519283) (r141, 0.0189691) (r142, -0.0401168) (r143, -0.000996362) (r147, -0.000528108) (r148, -0.0223614) (r149, -0.00146448) (r153, -0.00703968) (r154, 0.129213) (r155, 0.00649088) (r207, 7.717e-05) (r208, -0.000236838) (r209, -1.09195e-05) (r216, -0.00277046) (r217, -0.00464201) (r218, 0.000996607) )
( (r126, 0.0050716) (r127, 0.0105925) (r128, -0.00267137) (r141, 0.00330324) (r142, -0.00390046) (r143, -0.012972) (r147, 0.00030731) (r148, 0.00136984) (r149, -0.00249917) (r153, 0.0109) (r154, 0.00649088) (r155, 0.115835) (r207, -2.59336e-05) (r208, -7.10439e-05) (r209, 6.55298e-05) (r216, 0.00116629) (r217, 0.00038688) (r218, -0.00170821) )
( (r87, -0.0211314) (r88, 0.0103828) (r89, -0.00411189) (r129, -0.0117348) (r130, -0.00398308) (r131, -1.75147e-05) (r150, -0.0614829) (r151, 0.00438059) (r152, -0.00794882) (r156, 0.111653) (r157, -0.00887151) (r158, 0.0210891) )
( (r87, 0.0129855) (r88, -0.0124325) (r89, 0.00758769) (r129, -0.00266298) (r130, -0.0409814) (r131, -0.0153345) (r150, 0.00228684) (r151, -0.0171256) (r152, 0.00150868) (r156, -0.00887151) (r157, 0.0786587) (r158, 0.0253359) )
( (r87, -0.00025059) (r88, 0.00419789) (r89, -0.000245844) (r129, -2.2204e-05) (r130, -0.0229838) (r131, -0.0117719) (r150, -0.0117844) (r151, 0.00226902) (r152, -0.0176186) (r156, 0.0210891) (r157, 0.0253359) (r158, 0.098703) )
( (r159, 1) )
( (r160, 1) )
( (r161, 1) )
( (r108, -0.00355506) (r109, -0.000571792) (r110, -4.71468e-05) (r111, -0.00696766) (r112, -0.00704602) (r113, -0.00133949) (r117, -0.00279265) (r118, 0.000455271) (r119, 0.00629947) (r162, 0.12053) (r163, 0.00452223) (r164, 0.0340223) (r180, -0.0237731) (r181, 0.00228768) (r182, 0.00158038) )
( (r108, -0.000653866) (r109, -0.0049518) (r110, -0.00322042) (r111, -0.00867708) (r112, -0.0190442) (r113, -0.00643878) (r117, 0.000477474) (r118, 0.000681835) (r119, 0.00137882) (r162, 0.00452223) (r163, 0.175245) (r164, 0.0202642) (r180, 0.00423274) (r181, -0.0837811) (r182, -0.00913846) )
( (r108, -0.000173467) (r109, -0.00276039) (r110, -0.00826814) (r111, 0.000166148) (r112, -0.00264654) (r113, 0.00309099) (r117, 0.00440841) (r118, 0.00122173) (r119, 0.000961777) (r162, 0.0340223) (r163, 0.0202642) (r164, 0.244715) (r180, 0.00225026) (r181, -0.0144109) (r182, -0.024088) )
( (r165, 1) )
( (r166, 1) )
( (r167, 1) )
( (r168, 1) )
( (r169, 1) )
( (r170, 1) )
( (r171, 1) )
( (r172, 1) )
( (r173, 1) )
( (r174, 1) )
( (r175, 1) )
( (r176, 1) )
( (r117, -0.0115483) (r118, 0.00732712) (r119, 0.00227506) (r177, 0.0966311) (r178, -0.00189164) (r179, 0.00839162) (r180, 6.17196e-05) (r181, -0.00085489) (r182, 0.000318689) (r183, -0.0211251) (r184, -0.00780753) (r185, 0.000402345) (r240, -0.0388787) (r241, -0.000783375) (r242, 0.00883581) (r255, -0.00325526) (r256, 0.00428174) (r257, 0.00100212) (r258, -0.00188449) (r259, 0.00149376) (r260, -0.000544513) )
( (r117, 0.00702654) (r118, -0.0148889) (r119, -0.00284525) (r177, -0.00189164) (r178, 0.0859412) (r179, 0.00142661) (r180, -0.000947509) (r181, 0.000731722) (r182, 0.000882564) (r183, -0.00703711) (r184, -0.0126416) (r185, -0.00102832) (r240, -0.00100701) (r241, -0.0178354) (r242, -0.00025252) (r255, 0.00458834) (r256, 4.96133e-05) (r257, -0.00341967) (r258, 0.00110155) (r259, -0.00698754) (r260, 0.000459068) )
( (r117, 0.000956003) (r118, -0.00116048) (r119, -0.0040743) (r177, 0.00839162) (r178, 0.00142661) (r179, 0.109605) (r180, 0.000832055) (r181, 0.00140169) (r182, 0.0032316) (r183, -0.00197932) (r184, -0.00230413) (r185, -0.00461104) (r240, 0.01492) (r241, 0.000276299) (r242, -0.0132937) (r255, 0.00230437) (r256, -0.00513818) (r257, 0.00387562) (r258, -0.000316521) (r259, -0.000462209) (r260, -0.000734463) )
( (r117, -6.71848e-05) (r118, 0.000949265) (r119, 0.000720208) (r162, -0.0237731) (r163, 0.00423274) (r164, 0.00225026) (r177, 6.17196e-05) (r178, -0.000947509) (r179, 0.000832055) (r180, 0.182351) (r181, 0.00940553) (r182, -0.0219793) (r240, -0.0445147) (r241, -0.0124006) (r242, 0.0205807) )
( (r117, 0.000856429) (r118, 0.000121602) (r119, -0.00140403) (r162, 0.00228768) (r163, -0.0837811) (r164, -0.0144109) (r177, -0.00085489) (r178, 0.000731722) (r179, 0.00140169) (r180, 0.00940553) (r181, 0.271585) (r182, -0.0499622) (r240, -0.0101682) (r241, -0.0709297) (r242, 0.0185276) )
( (r117, 0.000441887) (r118, -0.000883677) (r119, 0.0006219) (r162, 0.00158038) (r163, -0.00913846) (r164, -0.024088) (r177, 0.000318689) (r178, 0.000882564) (r179, 0.0032316) (r180, -0.0219793) (r181, -0.0499622) (r182, 0.296422) (r240, 0.0183929) (r241, 0.0116192) (r242, -0.0479804) )
( (r114, -0.00729899) (r115, -0.00309702) (r116, 0.000217159) (r117, 0.000654077) (r118, -0.00202202) (r119, 0.000462228) (r144, 0.000353247) (r145, 0.00206893) (r146, 0.000323997) (r177, -0.0211251) (r178, -0.00703711) (r179, -0.00197932) (r183, 0.178878) (r184, 0.00708726) (r185, 0.0297994) (r213, -0.0407986) (r214, 0.00112303) (r215, -0.00244659) (r246, -0.0719665) (r247, 0.00272148) (r248, -0.0141442) (r258, 0.000805065) (r259, 0.00125246) (r260, 0.000675844) (r261, 0.000690425) (r262, -0.00566921) (r263, 0.000692045) )
( (r114, -0.0035692) (r115, -0.0227805) (r116, 0.00121682) (r117, -0.00208902) (r118, 0.000419899) (r119, -0.000138642) (r144, 0.00200578) (r145, 0.000328015) (r146, 3.56859e-05) (r177, -0.00780753) (r178, -0.0126416) (r179, -0.00230413) (r183, 0.00708726) (r184, 0.144796) (r185, 0.0101912) (r213, 0.00109674) (r214, -0.0107467) (r215, -2.03487e-05) (r246, 0.0035654) (r247, -0.0658339) (r248, -0.0137643) (r258, 0.00187878) (r259, 0.000519312) (r260, 0.001399) (r261, -0.00552326) (r262, 0.000636537) (r263, -0.000308268) )
( (r114, 0.00079756) (r115, 0.0038634) (r116, -0.00406067) (r117, 0.000832855) (r118, 0.000236913) (r119, 0.00124625) (r144, -3.10576e-05) (r145, 0.000389646) (r146, 0.00111359) (r177, 0.000402345) (r178, -0.00102832) (r179, -0.00461104) (r183, 0.0297994) (r184, 0.0101912) (r185, 0.161329) (r213, -0.00640075) (r214, 0.000127003) (r215, -0.00824004) (r246, -0.0135159) (r247, -0.0184945) (r248, -0.0432718) (r258, 0.000908177) (r259, 0.000932341) (r260, 0.00154403) (r261, -0.000127958) (r262, -0.00112631) (r263, 0.00217202) )
( (r186, 1) )
( (r187, 1) )
( (r188, 1) )
( (r189, 1) )
( (r190, 1) )
( (r191, 1) )
( (r192, 1) )
( (r193, 1) )
( (r194, 1) )
( (r195, 1) )
( (r196, 1) )
( (r197, 1) )
( (r198, 1) )
( (r199, 1) )
( (r200, 1) )
( (r201, 1) )
( (r202, 1) )
( (r203, 1) )
( (r129, 0.00907424) (r130, 0.00782664) (r131, -0.00204422) (r147, -0.00124311) (r148, -0.00250815) (r149, 0.0021129) (r150, -0.0368761) (r151, 0.00117688) (r152, 0.00205391) (r204, 0.144763) (r205, -0.00461217) (r206, 0.0206601) (r228, -0.0606966) (r229, 0.0154868) (r230, -0.00469046) )
( (r129, 0.00823911) (r130, 0.015683) (r131, -0.00694727) (r147, -0.00216952) (r148, -0.00972587) (r149, 0.00361103) (r150, 0.00295004) (r151, -0.0209446) (r152, 0.0115322) (r204, -0.00461217) (r205, 0.0985566) (r206, 0.0107358) (r228, 0.0132945) (r229, -0.0236171) (r230, 0.00334704) )
( (r129, 0.000963749) (r130, -0.00925918) (r131, 0.0284351) (r147, 0.00124245) (r148, 0.00129291) (r149, 0.00178649) (r150, 0.00722282) (r151, 0.0119609) (r152, -0.0199402) (r204, 0.0206601) (r205, 0.0107358) (r206, 0.151267) (r228, -0.00807244) (r229, 0.00482981) (r230, -0.0191561) )
( (r141, 5.30768e-05) (r142, -0.000160346) (r143, -6.68379e-07) (r144, -0.00971706) (r145, -0.00305626) (r146, 0.00233011) (r153, -5.73681e-05) (r154, 7.717e-05) (r155, -2.59336e-05) (r207, 0.0444169) (r208, -0.00236683) (r209, 0.00828338) (r210, -0.00771889) (r211, 0.0055577) (r212, -0.00129069) (r273, -0.00661471) (r274, 0.000816005) (r275, 0.00057925) )
