 1.00000000e+00 0.00000000e+00 0.00000000e+00 0.00000000e+00 1.00000000e+00 0.00000000e+00 0.00000000e+00 0.00000000e+00 1.00000000e+00
 9.99627011e-01 4.55887243e-04 -2.73062392e-02 -9.29505158e-05 9.99911665e-01 1.32911428e-02 2.73098864e-02 -1.32836473e-02 9.99538751e-01
 9.97124057e-01 2.23760753e-03 -7.57536042e-02 5.41896321e-04 9.99327981e-01 3.66509515e-02 7.57847068e-02 -3.65865960e-02 9.96452758e-01
 9.89710449e-01 6.74719957e-03 -1.42925511e-01 3.16906981e-03 9.97608883e-01 6.90396533e-02 1.43049584e-01 -6.87822072e-02 9.87322553e-01
 9.74176901e-01 1.55721395e-02 -2.25248472e-01 9.31213402e-03 9.93998972e-01 1.08992333e-01 2.25593994e-01 -1.08275357e-01 9.68185828e-01
 9.47807891e-01 3.00567807e-02 -3.17422104e-01 2.02813866e-02 9.87847267e-01 1.54098805e-01 3.18196272e-01 -1.52493824e-01 9.35679842e-01
 9.09479983e-01 5.07229273e-02 -4.12641910e-01 3.68420566e-02 9.78791917e-01 2.01516865e-01 4.14112091e-01 -1.98478132e-01 8.88322918e-01
 8.60522396e-01 7.68553567e-02 -5.03581632e-01 5.85428538e-02 9.67083786e-01 2.47632158e-01 5.06037489e-01 -2.42574123e-01 8.27697924e-01
 8.04430320e-01 1.06627991e-01 -5.84399120e-01 8.38891436e-02 9.53510240e-01 2.89449191e-01 5.88093931e-01 -2.81866447e-01 7.58087617e-01
 7.45464108e-01 1.37852288e-01 -6.52134963e-01 1.11038087e-01 9.39025263e-01 3.25426027e-01 6.57231928e-01 -3.15005242e-01 6.84702776e-01
 6.87585312e-01 1.68481081e-01 -7.06286460e-01 1.38089935e-01 9.24613135e-01 3.54995382e-01 7.12851743e-01 -3.41620662e-01 6.12484869e-01
 6.33455956e-01 1.97167950e-01 -7.48236828e-01 1.63800868e-01 9.10906479e-01 3.78706564e-01 7.56242572e-01 -3.62455771e-01 5.44722853e-01
 5.84538012e-01 2.23135467e-01 -7.80080685e-01 1.87323600e-01 8.98351940e-01 3.97333186e-01 7.89446123e-01 -3.78383873e-01 4.83322318e-01
 5.41268676e-01 2.46161314e-01 -8.04010465e-01 2.08421419e-01 8.87071612e-01 4.11903468e-01 8.14609558e-01 -3.90523447e-01 4.28838787e-01
 5.03493644e-01 2.66345959e-01 -8.21920909e-01 2.27081115e-01 8.77060189e-01 4.23319727e-01 8.33623607e-01 -3.99781508e-01 3.81112093e-01
 4.70733681e-01 2.83918014e-01 -8.35344458e-01 2.43487078e-01 8.68231464e-01 4.32305641e-01 8.48011701e-01 -4.06896407e-01 3.39575426e-01
 4.42413948e-01 2.99177652e-01 -8.45436355e-01 2.57862155e-01 8.60467269e-01 4.39435078e-01 8.58939467e-01 -4.12418248e-01 3.03536128e-01
 4.17930525e-01 3.12441639e-01 -8.53061720e-01 2.70446762e-01 8.53639289e-01 4.45149990e-01 8.67290393e-01 -4.16749549e-01 2.72263086e-01
 3.96770315e-01 3.23989328e-01 -8.58838886e-01 2.81476865e-01 8.47617790e-01 4.49794238e-01 8.73695652e-01 -4.20208278e-01 2.45114077e-01
 3.78373969e-01 3.34068609e-01 -8.63267806e-01 2.91214726e-01 8.42288291e-01 4.53590585e-01 8.78650740e-01 -4.23023167e-01 2.21414266e-01
 3.62363478e-01 3.42894254e-01 -8.66669626e-01 2.99822291e-01 8.37556135e-01 4.56734403e-01 8.82496064e-01 -4.25350740e-01 2.00692413e-01
 3.48374362e-01 3.50662765e-01 -8.69293350e-01 3.07430750e-01 8.33347486e-01 4.59367284e-01 8.85506430e-01 -4.27279291e-01 1.82512382e-01
 3.36119605e-01 3.57525811e-01 -8.71320208e-01 3.14232449e-01 8.29562838e-01 4.61609646e-01 8.87852228e-01 -4.28953135e-01 1.66486123e-01
 3.25332474e-01 3.63619721e-01 -8.72891448e-01 3.20301851e-01 8.26162427e-01 4.63532489e-01 8.89699671e-01 -4.30390918e-01 1.52309397e-01
 3.15802470e-01 3.69038941e-01 -8.74116159e-01 3.25756434e-01 8.23093537e-01 4.65187892e-01 8.91151809e-01 -4.31656448e-01 1.39718162e-01
 3.07357284e-01 3.73878805e-01 -8.75069220e-01 3.30665456e-01 8.20316472e-01 4.66627519e-01 8.92295835e-01 -4.32776529e-01 1.28501437e-01
 2.99841273e-01 3.78227934e-01 -8.75807536e-01 3.35097732e-01 8.17790994e-01 4.67896783e-01 8.93199150e-01 -4.33775886e-01 1.18464170e-01
 2.93148370e-01 3.82136138e-01 -8.76376634e-01 3.39134514e-01 8.15478650e-01 4.69022764e-01 8.93896982e-01 -4.34702822e-01 1.09460683e-01
 2.87158149e-01 3.85663595e-01 -8.76814569e-01 3.42808936e-01 8.13362532e-01 4.70024920e-01 8.94439618e-01 -4.35551356e-01 1.01354752e-01
 2.81790053e-01 3.88868858e-01 -8.77140455e-01 3.46166423e-01 8.11410239e-01 4.70937608e-01 8.94853716e-01 -4.36342108e-01 9.40339930e-02
 2.76953898e-01 3.91772151e-01 -8.77388808e-01 3.49245328e-01 8.09615881e-01 4.71751869e-01 8.95167157e-01 -4.37077461e-01 8.74016808e-02
 2.72598182e-01 3.94421699e-01 -8.77565812e-01 3.52079301e-01 8.07950697e-01 4.72499564e-01 8.95393990e-01 -4.37775280e-01 8.13781752e-02
 2.68658952e-01 3.96843432e-01 -8.77688816e-01 3.54688630e-01 8.06407682e-01 4.73183502e-01 8.95554769e-01 -4.38431227e-01 7.58927896e-02
 2.65091865e-01 3.99066461e-01 -8.77765494e-01 3.57101391e-01 8.04969156e-01 4.73817744e-01 8.95658919e-01 -4.39056509e-01 7.08835869e-02
 2.61850448e-01 4.01101265e-01 -8.77810981e-01 3.59339779e-01 8.03630924e-01 4.74396734e-01 8.95717180e-01 -4.39653401e-01 6.62994774e-02
 2.58905803e-01 4.02979423e-01 -8.77824225e-01 3.61421283e-01 8.02375048e-01 4.74940984e-01 8.95735698e-01 -4.40229334e-01 6.20942163e-02
 2.56220710e-01 4.04709630e-01 -8.77816076e-01 3.63360638e-01 8.01199508e-01 4.75445470e-01 8.95723169e-01 -4.40782785e-01 5.82283576e-02
 2.53760370e-01 4.06309277e-01 -8.77791801e-01 3.65161948e-01 8.00102193e-01 4.75913051e-01 8.95691033e-01 -4.41304036e-01 5.46655417e-02
 2.51522343e-01 4.07803659e-01 -8.77742950e-01 3.66847260e-01 7.99059220e-01 4.76369028e-01 8.95633630e-01 -4.41815050e-01 5.13795921e-02
 2.49474366e-01 4.09183573e-01 -8.77685219e-01 3.68437526e-01 7.98073886e-01 4.76793312e-01 8.95553644e-01 -4.42319880e-01 4.83403934e-02
 2.47596915e-01 4.10460443e-01 -8.77620643e-01 3.69937505e-01 7.97142896e-01 4.77189108e-01 8.95456314e-01 -4.42815342e-01 4.55254094e-02
 2.45862633e-01 4.11663743e-01 -8.77544602e-01 3.71322990e-01 7.96269595e-01 4.77570905e-01 8.95360711e-01 -4.43269325e-01 4.29127275e-02
 2.44273894e-01 4.12766197e-01 -8.77470416e-01 3.72655183e-01 7.95437931e-01 4.77919044e-01 8.95242079e-01 -4.43737045e-01 4.04852577e-02
 2.42800867e-01 4.13809750e-01 -8.77387730e-01 3.73889148e-01 7.94655405e-01 4.78256932e-01 8.95128284e-01 -4.44166948e-01 3.82240468e-02
 2.41453691e-01 4.14788051e-01 -8.77297548e-01 3.75066586e-01 7.93902081e-01 4.78585982e-01 8.95000095e-01 -4.44601348e-01 3.61174500e-02
 2.40203591e-01 4.15706514e-01 -8.77205978e-01 3.76169959e-01 7.93191523e-01 4.78898079e-01 8.94873397e-01 -4.45011576e-01 3.41511499e-02
 2.39058225e-01 4.16565912e-01 -8.77111171e-01 3.77231123e-01 7.92505417e-01 4.79199169e-01 8.94733393e-01 -4.45430135e-01 3.23133115e-02
 2.37988421e-01 4.17372838e-01 -8.77018486e-01 3.78225652e-01 7.91860266e-01 4.79481674e-01 8.94598719e-01 -4.45821975e-01 3.05924610e-02
 2.37018635e-01 4.18138652e-01 -8.76916321e-01 3.79188644e-01 7.91225728e-01 4.79768506e-01 8.94448511e-01 -4.46230788e-01 2.89818133e-02
 2.36090080e-01 4.18846768e-01 -8.76828866e-01 3.80081026e-01 7.90646424e-01 4.80017339e-01 8.94315318e-01 -4.46593346e-01 2.74680680e-02
 2.35254394e-01 4.19537070e-01 -8.76723455e-01 3.80940445e-01 7.90067659e-01 4.80288946e-01 8.94169865e-01 -4.46969508e-01 2.60482504e-02
 2.34474275e-01 4.20177975e-01 -8.76625509e-01 3.81764273e-01 7.89518236e-01 4.80538235e-01 8.94023408e-01 -4.47338155e-01 2.47127770e-02
 2.33742185e-01 4.20774488e-01 -8.76534895e-01 3.82548714e-01 7.88999412e-01 4.80766480e-01 8.93879786e-01 -4.47692704e-01 2.34557070e-02
 2.33065571e-01 4.21345430e-01 -8.76440796e-01 3.83296968e-01 7.88497246e-01 4.80994312e-01 8.93735909e-01 -4.48040313e-01 2.22711349e-02
 2.32439507e-01 4.21901953e-01 -8.76339328e-01 3.84000759e-01 7.88011127e-01 4.81229550e-01 8.93596829e-01 -4.48371727e-01 2.11542477e-02
 2.31855566e-01 4.22415151e-01 -8.76246790e-01 3.84685179e-01 7.87546677e-01 4.81443189e-01 8.93454145e-01 -4.48704436e-01 2.01002332e-02
 2.31327781e-01 4.22912001e-01 -8.76146619e-01 3.85353038e-01 7.87083790e-01 4.81666008e-01 8.93303136e-01 -4.49048490e-01 1.91039226e-02
 2.30804252e-01 4.23383652e-01 -8.76056893e-01 3.85967615e-01 7.86660143e-01 4.81865977e-01 8.93173218e-01 -4.49346306e-01 1.81521274e-02
 2.30321536e-01 4.23814920e-01 -8.75975401e-01 3.86562568e-01 7.86257099e-01 4.82046840e-01 8.93040520e-01 -4.49645069e-01 1.72609588e-02
 2.29887795e-01 4.24251815e-01 -8.75877845e-01 3.87129700e-01 7.85851205e-01 4.82253542e-01 8.92906600e-01 -4.49942531e-01 1.64171230e-02
 2.29487143e-01 4.24650922e-01 -8.75789498e-01 3.87695863e-01 7.85457225e-01 4.82440531e-01 8.92764005e-01 -4.50253864e-01 1.56169291e-02
 2.29103690e-01 4.25022125e-01 -8.75709822e-01 3.88235751e-01 7.85086900e-01 4.82609119e-01 8.92627863e-01 -4.50549390e-01 1.48575220e-02
 2.28750284e-01 4.25376565e-01 -8.75630108e-01 3.88758419e-01 7.84725970e-01 4.82775355e-01 8.92491008e-01 -4.50843577e-01 1.41375677e-02
 2.28416498e-01 4.25733381e-01 -8.75543826e-01 3.89238298e-01 7.84379714e-01 4.82951355e-01 8.92367329e-01 -4.51109246e-01 1.34535310e-02
 2.28230884e-01 4.26004812e-01 -8.75460201e-01 3.89688393e-01 7.84054122e-01 4.83117056e-01 8.92218370e-01 -4.51418912e-01 1.29362353e-02
 2.28168598e-01 4.26245534e-01 -8.75359261e-01 3.90132033e-01 7.83714078e-01 4.83310708e-01 8.92040407e-01 -4.51782015e-01 1.25269054e-02
 2.28172879e-01 4.26439536e-01 -8.75263651e-01 3.90567096e-01 7.83385280e-01 4.83492344e-01 8.91848912e-01 -4.52169022e-01 1.21940239e-02
 2.28225561e-01 4.26621468e-01 -8.75161252e-01 3.90959401e-01 7.83070988e-01 4.83684375e-01 8.91663524e-01 -4.52541657e-01 1.19251420e-02
 2.28327551e-01 4.26810337e-01 -8.75042551e-01 3.91352145e-01 7.82738504e-01 4.83904881e-01 8.91465102e-01 -4.52938596e-01 1.16876244e-02
 2.28463876e-01 4.26949799e-01 -8.74938927e-01 3.91752754e-01 7.82419363e-01 4.84096808e-01 8.91254193e-01 -4.53358367e-01 1.14958008e-02
 2.28612229e-01 4.27098880e-01 -8.74827409e-01 3.92119236e-01 7.82108545e-01 4.84302311e-01 8.91054967e-01 -4.53754086e-01 1.13258914e-02
 2.28763209e-01 4.27237675e-01 -8.74720163e-01 3.92471143e-01 7.81809794e-01 4.84499585e-01 8.90861267e-01 -4.54138102e-01 1.11708587e-02
 2.28953138e-01 4.27377896e-01 -8.74601964e-01 3.92815626e-01 7.81502726e-01 4.84715766e-01 8.90660622e-01 -4.54534514e-01 1.10467857e-02
 2.29127037e-01 4.27482365e-01 -8.74505362e-01 3.93157384e-01 7.81221087e-01 4.84892653e-01 8.90465088e-01 -4.54920257e-01 1.09310249e-02
 2.29322274e-01 4.27613277e-01 -8.74390176e-01 3.93488480e-01 7.80923888e-01 4.85102770e-01 8.90268561e-01 -4.55307332e-01 1.08223431e-02
 2.29524505e-01 4.27715083e-01 -8.74287315e-01 3.93816524e-01 7.80642107e-01 4.85290063e-01 8.90071372e-01 -4.55694753e-01 1.07352260e-02
 2.29712233e-01 4.27818418e-01 -8.74187446e-01 3.94118024e-01 7.80376910e-01 4.85471793e-01 8.89889473e-01 -4.56051838e-01 1.06511733e-02
 2.29910605e-01 4.27930604e-01 -8.74080381e-01 3.94417108e-01 7.80104741e-01 4.85666282e-01 8.89705714e-01 -4.56412085e-01 1.05712017e-02
 2.30115103e-01 4.28016042e-01 -8.73984730e-01 3.94715993e-01 7.79845524e-01 4.85839731e-01 8.89520278e-01 -4.56774809e-01 1.05094561e-02
 2.30315085e-01 4.28116814e-01 -8.73882689e-01 3.94995370e-01 7.79588834e-01 4.86024595e-01 8.89344488e-01 -4.57118413e-01 1.04469090e-02
 2.30517113e-01 4.28212912e-01 -8.73782331e-01 3.95278844e-01 7.79331806e-01 4.86206306e-01 8.89166180e-01 -4.57466544e-01 1.03858129e-02
 2.30707534e-01 4.28289847e-01 -8.73694364e-01 3.95537115e-01 7.79101501e-01 4.86365338e-01 8.89001926e-01 -4.57786696e-01 1.03400558e-02
 2.30897441e-01 4.28373327e-01 -8.73603265e-01 3.95789396e-01 7.78870578e-01 4.86529934e-01 8.88840326e-01 -4.58101425e-01 1.02936030e-02
 2.31089607e-01 4.28458625e-01 -8.73510618e-01 3.96044815e-01 7.78636169e-01 4.86697258e-01 8.88676599e-01 -4.58420029e-01 1.02459094e-02
 2.31281831e-01 4.28546678e-01 -8.73416544e-01 3.96270762e-01 7.78415213e-01 4.86866758e-01 8.88525856e-01 -4.58712875e-01 1.02127770e-02
 2.31467855e-01 4.28620217e-01 -8.73331175e-01 3.96506598e-01 7.78198841e-01 4.87020617e-01 8.88372191e-01 -4.59011191e-01 1.01772726e-02
 2.31643346e-01 4.28691594e-01 -8.73249608e-01 3.96732984e-01 7.77991417e-01 4.87167624e-01 8.88225365e-01 -4.59296062e-01 1.01404395e-02
 2.31822239e-01 4.28754145e-01 -8.73171422e-01 3.96949140e-01 7.77793063e-01 4.87308251e-01 8.88082108e-01 -4.59573535e-01 1.01161406e-02
 2.32003424e-01 4.28817424e-01 -8.73092222e-01 3.97170959e-01 7.77590549e-01 4.87450681e-01 8.87935606e-01 -4.59857102e-01 1.00898421e-02
 2.32171668e-01 4.28896288e-01 -8.73008757e-01 3.97366118e-01 7.77396730e-01 4.87600752e-01 8.87804306e-01 -4.60111180e-01 1.00606424e-02
 2.32337805e-01 4.28942870e-01 -8.72941669e-01 3.97567077e-01 7.77218407e-01 4.87721198e-01 8.87670864e-01 -4.60368941e-01 1.00436558e-02
 2.32503665e-01 4.29019666e-01 -8.72859767e-01 3.97752187e-01 7.77031372e-01 4.87868266e-01 8.87544502e-01 -4.60613041e-01 1.00191309e-02
 2.32670625e-01 4.29075915e-01 -8.72787626e-01 3.97945390e-01 7.76851169e-01 4.87997671e-01 8.87414135e-01 -4.60864535e-01 1.00016645e-02
 2.32831705e-01 4.29131298e-01 -8.72717438e-01 3.98126647e-01 7.76679238e-01 4.88123483e-01 8.87290578e-01 -4.61102690e-01 9.98694662e-03
 2.32976510e-01 4.29188113e-01 -8.72650852e-01 3.98285731e-01 7.76522651e-01 4.88242818e-01 8.87181166e-01 -4.61313490e-01 9.97203555e-03
 2.33127041e-01 4.29234749e-01 -8.72587710e-01 3.98456643e-01 7.76363843e-01 4.88355902e-01 8.87064871e-01 -4.61537337e-01 9.95996823e-03
 2.33265062e-01 4.29283846e-01 -8.72526670e-01 3.98604671e-01 7.76219115e-01 4.88465149e-01 8.86962078e-01 -4.61735060e-01 9.95025348e-03
 2.33414165e-01 4.29339155e-01 -8.72459579e-01 3.98761262e-01 7.76063131e-01 4.88585174e-01 8.86852459e-01 -4.61945783e-01 9.94030462e-03
 2.33551598e-01 4.29378252e-01 -8.72403558e-01 3.98913435e-01 7.75921841e-01 4.88685346e-01 8.86747835e-01 -4.62146743e-01 9.93303243e-03
 2.33684188e-01 4.29431585e-01 -8.72341799e-01 3.99045380e-01 7.75784456e-01 4.88795727e-01 8.86653532e-01 -4.62327797e-01 9.92587050e-03
 2.33816839e-01 4.29480370e-01 -8.72282235e-01 3.99177819e-01 7.75649270e-01 4.88902116e-01 8.86558940e-01 -4.62509267e-01 9.92082288e-03
 2.33946256e-01 4.29515698e-01 -8.72230139e-01 3.99316950e-01 7.75519008e-01 4.88995134e-01 8.86462138e-01 -4.62694859e-01 9.91687017e-03
 2.34055248e-01 4.29548255e-01 -8.72184864e-01 3.99430524e-01 7.75409557e-01 4.89075940e-01 8.86382196e-01 -4.62848048e-01 9.91399214e-03
 2.34174181e-01 4.29589677e-01 -8.72132537e-01 3.99546092e-01 7.75291130e-01 4.89169280e-01 8.86298693e-01 -4.63007962e-01 9.91228914e-03
 2.34294307e-01 4.29625278e-01 -8.72082736e-01 3.99667534e-01 7.75172492e-01 4.89258081e-01 8.86212187e-01 -4.63173539e-01 9.91122694e-03
 2.34403523e-01 4.29658336e-01 -8.72037099e-01 3.99776691e-01 7.75064848e-01 4.89339431e-01 8.86134068e-01 -4.63322992e-01 9.91054323e-03
 2.34509349e-01 4.29691004e-01 -8.71992549e-01 3.99876929e-01 7.74963035e-01 4.89418773e-01 8.86060837e-01 -4.63462981e-01 9.91255713e-03
 2.34615863e-01 4.29727441e-01 -8.71945941e-01 3.99975244e-01 7.74859869e-01 4.89501775e-01 8.85988262e-01 -4.63601672e-01 9.91407835e-03
 2.34713356e-01 4.29754211e-01 -8.71906508e-01 4.00069944e-01 7.74766631e-01 4.89571964e-01 8.85919680e-01 -4.63732667e-01 9.91633236e-03
 2.34809773e-01 4.29785969e-01 -8.71864893e-01 4.00154777e-01 7.74676038e-01 4.89645984e-01 8.85855815e-01 -4.63854564e-01 9.92059606e-03
 2.34902974e-01 4.29822423e-01 -8.71821815e-01 4.00232649e-01 7.74587367e-01 4.89722614e-01 8.85795924e-01 -4.63968853e-01 9.92390879e-03
 2.34992551e-01 4.29849598e-01 -8.71784276e-01 4.00311720e-01 7.74504315e-01 4.89789335e-01 8.85736433e-01 -4.64082308e-01 9.92891291e-03
 2.35078941e-01 4.29880656e-01 -8.71745670e-01 4.00383212e-01 7.74423964e-01 4.89857946e-01 8.85681193e-01 -4.64187618e-01 9.93376782e-03
 2.35155559e-01 4.29896159e-01 -8.71717360e-01 4.00452352e-01 7.74356442e-01 4.89908170e-01 8.85629593e-01 -4.64285897e-01 9.94129407e-03
 2.35232068e-01 4.29914683e-01 -8.71687581e-01 4.00519334e-01 7.74288365e-01 4.89961010e-01 8.85578984e-01 -4.64382271e-01 9.94831052e-03
 2.35311070e-01 4.29937237e-01 -8.71655134e-01 4.00585279e-01 7.74217811e-01 4.90018587e-01 8.85528167e-01 -4.64479013e-01 9.95549345e-03
 2.35380995e-01 4.29959330e-01 -8.71625357e-01 4.00638556e-01 7.74156820e-01 4.90071389e-01 8.85485480e-01 -4.64560215e-01 9.96351753e-03
 2.35450234e-01 4.29984859e-01 -8.71594062e-01 4.00685457e-01 7.74097429e-01 4.90126857e-01 8.85445849e-01 -4.64635548e-01 9.97274123e-03
 2.35513651e-01 4.29993498e-01 -8.71572666e-01 4.00742328e-01 7.74044007e-01 4.90164729e-01 8.85403245e-01 -4.64716545e-01 9.98133493e-03
 2.35576231e-01 4.30022674e-01 -8.71541358e-01 4.00774387e-01 7.73992295e-01 4.90220174e-01 8.85372086e-01 -4.64775675e-01 9.99211433e-03
 2.35634023e-01 4.30034409e-01 -8.71519945e-01 4.00818826e-01 7.73945296e-01 4.90258041e-01 8.85336589e-01 -4.64843076e-01 1.00019564e-02
 2.35687351e-01 4.30051674e-01 -8.71497005e-01 4.00849476e-01 7.73903737e-01 4.90298586e-01 8.85308517e-01 -4.64896293e-01 1.00133338e-02
 2.35735214e-01 4.30058764e-01 -8.71480561e-01 4.00884254e-01 7.73867342e-01 4.90327596e-01 8.85280025e-01 -4.64950316e-01 1.00239968e-02
 2.35788204e-01 4.30067278e-01 -8.71462024e-01 4.00921723e-01 7.73827211e-01 4.90360295e-01 8.85248945e-01 -4.65009230e-01 1.00360147e-02
 2.35840047e-01 4.30087997e-01 -8.71437770e-01 4.00945228e-01 7.73787879e-01 4.90403142e-01 8.85224489e-01 -4.65055516e-01 1.00484399e-02
 2.35883885e-01 4.30101514e-01 -8.71419233e-01 4.00965183e-01 7.73756826e-01 4.90435822e-01 8.85203770e-01 -4.65094680e-01 1.00610337e-02
 2.35919757e-01 4.30105632e-01 -8.71407490e-01 4.00983242e-01 7.73734412e-01 4.90456420e-01 8.85186030e-01 -4.65128160e-01 1.00740834e-02
 2.36018886e-01 4.30085911e-01 -8.71390380e-01 4.00992030e-01 7.73711574e-01 4.90485262e-01 8.85155623e-01 -4.65184383e-01 1.01495208e-02
 2.36173527e-01 4.30049070e-01 -8.71366664e-01 4.01009010e-01 7.73677634e-01 4.90524915e-01 8.85106682e-01 -4.65274883e-01 1.02686236e-02
 2.36358886e-01 4.30004820e-01 -8.71338242e-01 4.01015968e-01 7.73644025e-01 4.90572234e-01 8.85054049e-01 -4.65371655e-01 1.04188407e-02
 2.36572330e-01 4.29946926e-01 -8.71308885e-01 4.01029606e-01 7.73606248e-01 4.90620656e-01 8.84990840e-01 -4.65487931e-01 1.05923857e-02
 2.36810834e-01 4.29896723e-01 -8.71268866e-01 4.01036304e-01 7.73560339e-01 4.90687563e-01 8.84924015e-01 -4.65610577e-01 1.07832761e-02
 2.37060492e-01 4.29833882e-01 -8.71231976e-01 4.01042991e-01 7.73518214e-01 4.90748501e-01 8.84854136e-01 -4.65738559e-01 1.09887425e-02
 2.37323102e-01 4.29763574e-01 -8.71195165e-01 4.01056463e-01 7.73472849e-01 4.90808991e-01 8.84777632e-01 -4.65878763e-01 1.12035174e-02
 2.37595807e-01 4.29692508e-01 -8.71155888e-01 4.01063443e-01 7.73428294e-01 4.90873495e-01 8.84701276e-01 -4.66018264e-01 1.14293629e-02
 2.37879443e-01 4.29624988e-01 -8.71111784e-01 4.01070363e-01 7.73378486e-01 4.90946312e-01 8.84621916e-01 -4.66163154e-01 1.16609936e-02
 2.38167628e-01 4.29561720e-01 -8.71064240e-01 4.01065100e-01 7.73331308e-01 4.91024922e-01 8.84546758e-01 -4.66299707e-01 1.19002690e-02
 2.38452005e-01 4.29474941e-01 -8.71029228e-01 4.01069312e-01 7.73293479e-01 4.91081056e-01 8.84468229e-01 -4.66442355e-01 1.21441615e-02
 2.38743553e-01 4.29400038e-01 -8.70986293e-01 4.01060339e-01 7.73253736e-01 4.91150959e-01 8.84393646e-01 -4.66577183e-01 1.23940192e-02
 2.39051085e-01 4.29321722e-01 -8.70940548e-01 4.01063709e-01 7.73204606e-01 4.91225548e-01 8.84309041e-01 -4.66730646e-01 1.26500375e-02
 2.39347680e-01 4.29250171e-01 -8.70894356e-01 4.01039223e-01 7.73169576e-01 4.91300670e-01 8.84239916e-01 -4.66854471e-01 1.29101896e-02
 2.39658735e-01 4.29167238e-01 -8.70849684e-01 4.01036695e-01 7.73125026e-01 4.91372836e-01 8.84156807e-01 -4.67004471e-01 1.31743554e-02
 2.39957280e-01 4.29076030e-01 -8.70812416e-01 4.01017116e-01 7.73097838e-01 4.91431587e-01 8.84084711e-01 -4.67133271e-01 1.34436222e-02
 2.40267532e-01 4.28992042e-01 -8.70768248e-01 4.00996027e-01 7.73063847e-01 4.91502263e-01 8.84010011e-01 -4.67266644e-01 1.37180379e-02
 2.40576918e-01 4.28907677e-01 -8.70724383e-01 4.00967248e-01 7.73034354e-01 4.91572124e-01 8.83938919e-01 -4.67392866e-01 1.39962911e-02
 2.40887163e-01 4.28810517e-01 -8.70686462e-01 4.00943708e-01 7.73009023e-01 4.91631156e-01 8.83865102e-01 -4.67523893e-01 1.42790722e-02
 2.41196971e-01 4.28705626e-01 -8.70652346e-01 4.00919154e-01 7.72988689e-01 4.91683148e-01 8.83791747e-01 -4.67653688e-01 1.45662334e-02
 2.41511824e-01 4.28611394e-01 -8.70611459e-01 4.00881718e-01 7.72967613e-01 4.91746802e-01 8.83722743e-01 -4.67774884e-01 1.48583466e-02
 2.41829026e-01 4.28513587e-01 -8.70571553e-01 4.00841380e-01 7.72949357e-01 4.91808377e-01 8.83654293e-01 -4.67894644e-01 1.51556127e-02
 2.42141617e-01 4.28409383e-01 -8.70535949e-01 4.00793042e-01 7.72940302e-01 4.91862000e-01 8.83590615e-01 -4.68005011e-01 1.54575146e-02
 2.42467415e-01 4.28316824e-01 -8.70490810e-01 4.00734839e-01 7.72925912e-01 4.91932031e-01 8.83527669e-01 -4.68113482e-01 1.57678749e-02
 2.42782124e-01 4.28206415e-01 -8.70457412e-01 4.00681690e-01 7.72922226e-01 4.91981114e-01 8.83465349e-01 -4.68220567e-01 1.60772302e-02
 2.43101053e-01 4.28089320e-01 -8.70425995e-01 4.00624706e-01 7.72923063e-01 4.92026202e-01 8.83403488e-01 -4.68326246e-01 1.63952524e-02
 2.43428163e-01 4.27980996e-01 -8.70387843e-01 4.00551754e-01 7.72924934e-01 4.92082655e-01 8.83346490e-01 -4.68422154e-01 1.67231582e-02
 2.43746658e-01 4.27861021e-01 -8.70357693e-01 4.00482848e-01 7.72933808e-01 4.92124798e-01 8.83289904e-01 -4.68517102e-01 1.70490329e-02
 2.44074956e-01 4.27754166e-01 -8.70318211e-01 4.00396638e-01 7.72941483e-01 4.92182889e-01 8.83238330e-01 -4.68602003e-01 1.73843282e-02
 2.44393561e-01 4.27626225e-01 -8.70291675e-01 4.00306122e-01 7.72966260e-01 4.92217604e-01 8.83191257e-01 -4.68677899e-01 1.77265810e-02
 2.44722413e-01 4.27498742e-01 -8.70261895e-01 4.00215206e-01 7.72987901e-01 4.92257548e-01 8.83141398e-01 -4.68758499e-01 1.80759672e-02
 2.45059856e-01 4.27369072e-01 -8.70230627e-01 4.00125288e-01 7.73007655e-01 4.92299623e-01 8.83088569e-01 -4.68844155e-01 1.84319719e-02
 2.45393202e-01 4.27237577e-01 -8.70201258e-01 4.00018744e-01 7.73038485e-01 4.92337796e-01 8.83044269e-01 -4.68913163e-01 1.87953502e-02
 2.45725570e-01 4.27094375e-01 -8.70177763e-01 3.99910687e-01 7.73077024e-01 4.92365064e-01 8.83000785e-01 -4.68980073e-01 1.91651876e-02
 2.46064630e-01 4.26960733e-01 -8.70147534e-01 3.99786706e-01 7.73116593e-01 4.92403619e-01 8.82962506e-01 -4.69036530e-01 1.95434237e-02
 2.46410933e-01 4.26810476e-01 -8.70123250e-01 3.99672568e-01 7.73158147e-01 4.92431029e-01 8.82917601e-01 -4.69104783e-01 1.99301812e-02
 2.46756947e-01 4.26674059e-01 -8.70092096e-01 3.99529452e-01 7.73207343e-01 4.92469919e-01 8.82885738e-01 -4.69147792e-01 2.03254303e-02
 2.47095681e-01 4.26510262e-01 -8.70076273e-01 3.99388926e-01 7.73272846e-01 4.92481057e-01 8.82854581e-01 -4.69188770e-01 2.07289051e-02
 2.47444541e-01 4.26352371e-01 -8.70054512e-01 3.99237769e-01 7.73337605e-01 4.92501932e-01 8.82825239e-01 -4.69225537e-01 2.11421991e-02
 2.47802098e-01 4.26185473e-01 -8.70034518e-01 3.99087365e-01 7.73404442e-01 4.92518877e-01 8.82792951e-01 -4.69266995e-01 2.15660063e-02
 2.48162155e-01 4.26019473e-01 -8.70013191e-01 3.98922222e-01 7.73477849e-01 4.92537387e-01 8.82766450e-01 -4.69296735e-01 2.19992955e-02
 2.48524017e-01 4.25849143e-01 -8.69993288e-01 3.98744241e-01 7.73559988e-01 4.92552510e-01 8.82745061e-01 -4.69315941e-01 2.24433421e-02
 2.48886194e-01 4.25671936e-01 -8.69976474e-01 3.98553400e-01 7.73652760e-01 4.92561259e-01 8.82729205e-01 -4.69323778e-01 2.28984934e-02
 -2.05946305e-01 -4.39122732e-01 -8.74504047e-01 -4.14578953e-01 -7.70343561e-01 4.84453336e-01 8.86403066e-01 -4.62322364e-01 2.34016338e-02
 -2.05535159e-01 -4.39253374e-01 -8.74535175e-01 -4.14794612e-01 -7.70277544e-01 4.84373756e-01 8.86397613e-01 -4.62308315e-01 2.38808150e-02
 -2.05098657e-01 -4.39383308e-01 -8.74572381e-01 -4.15001169e-01 -7.70223933e-01 4.84282069e-01 8.86402036e-01 -4.62274163e-01 2.43726920e-02
 -2.04641143e-01 -4.39512517e-01 -8.74614630e-01 -4.15205048e-01 -7.70178173e-01 4.84180081e-01 8.86412303e-01 -4.62227574e-01 2.48776741e-02
 -2.04176165e-01 -4.39641232e-01 -8.74658608e-01 -4.15426022e-01 -7.70125906e-01 4.84073661e-01 8.86415994e-01 -4.62192250e-01 2.53970544e-02
 -2.03692581e-01 -4.39786399e-01 -8.74698380e-01 -4.15635241e-01 -7.70076015e-01 4.83973427e-01 8.86429173e-01 -4.62137268e-01 2.59319543e-02
 -2.03180547e-01 -4.39903244e-01 -8.74758710e-01 -4.15861563e-01 -7.70041058e-01 4.83834610e-01 8.86440537e-01 -4.62084305e-01 2.64814875e-02
 -2.02656469e-01 -4.40040376e-01 -8.74811307e-01 -4.16079904e-01 -7.70002481e-01 4.83708272e-01 8.86458047e-01 -4.62018015e-01 2.70459735e-02
 -2.02108124e-01 -4.40174838e-01 -8.74870515e-01 -4.16304743e-01 -7.69968954e-01 4.83568165e-01 8.86477675e-01 -4.61945799e-01 2.76298919e-02
 -2.01546374e-01 -4.40302671e-01 -8.74935779e-01 -4.16549814e-01 -7.69932370e-01 4.83415348e-01 8.86490447e-01 -4.61884946e-01 2.82309186e-02
 -2.00946734e-01 -4.40430643e-01 -8.75009291e-01 -4.16777865e-01 -7.69915436e-01 4.83245727e-01 8.86519386e-01 -4.61791155e-01 2.88497506e-02
 -2.00324822e-01 -4.40562822e-01 -8.75085347e-01 -4.17011406e-01 -7.69899666e-01 4.83069345e-01 8.86550311e-01 -4.61691351e-01 2.94897081e-02
 -1.99685366e-01 -4.40699299e-01 -8.75162775e-01 -4.17257202e-01 -7.69880122e-01 4.82888211e-01 8.86578920e-01 -4.61593680e-01 3.01511622e-02
 -1.99022181e-01 -4.40836412e-01 -8.75244783e-01 -4.17505716e-01 -7.69865561e-01 4.82696587e-01 8.86611047e-01 -4.61487027e-01 3.08313991e-02
 -1.98322405e-01 -4.40962841e-01 -8.75339932e-01 -4.17764251e-01 -7.69862097e-01 4.82478375e-01 8.86646071e-01 -4.61372002e-01 3.15376085e-02
 -1.97602287e-01 -4.41103372e-01 -8.75431980e-01 -4.18027587e-01 -7.69854103e-01 4.82262995e-01 8.86682735e-01 -4.61250989e-01 3.22684473e-02
 -1.96838500e-01 -4.41232800e-01 -8.75538818e-01 -4.18292646e-01 -7.69863738e-01 4.82017726e-01 8.86727617e-01 -4.61111095e-01 3.30256115e-02
 -1.96048763e-01 -4.41375489e-01 -8.75644083e-01 -4.18561303e-01 -7.69871506e-01 4.81772042e-01 8.86775799e-01 -4.60961541e-01 3.38103432e-02
 -1.95220652e-01 -4.41512960e-01 -8.75759786e-01 -4.18838622e-01 -7.69888479e-01 4.81503829e-01 8.86827551e-01 -4.60801514e-01 3.46245486e-02
 -1.94373630e-01 -4.41661360e-01 -8.75873356e-01 -4.19137632e-01 -7.69893431e-01 4.81235649e-01 8.86872334e-01 -4.60651004e-01 3.54699153e-02
