%%MatrixMarket matrix coordinate real general
1359 1359 34947
1 1 4.316115016381431e-06
4 1 3.426024724779231e-07
7 1 -2.477649122502103e-07
22 1 -2.403648491566089e-07
25 1 3.322114739426698e-07
28 1 2.425641826083816e-06
31 1 -1.83022865681199e-06
40 1 -1.062255112036124e-07
46 1 -4.955397095226072e-08
49 1 4.463729631778116e-07
52 1 -2.854138905334682e-07
55 1 -9.984762375757817e-08
70 1 -1.120493069553953e-05
76 1 -1.588604547484253e-06
79 1 -1.275299922493727e-06
82 1 -4.51301662935719e-06
85 1 -1.312544001317241e-06
91 1 -4.852754853228486e-06
94 1 -9.80367697635139e-06
2 2 4.316115016381431e-06
5 2 3.426024724779231e-07
8 2 -2.477649122502103e-07
23 2 -2.403648491566089e-07
26 2 3.322114739426698e-07
29 2 2.425641826083816e-06
32 2 -1.83022865681199e-06
41 2 -1.062255112036124e-07
47 2 -4.955397095226072e-08
50 2 4.463729631778116e-07
53 2 -2.854138905334682e-07
56 2 -9.984762375757817e-08
71 2 -1.120493069553953e-05
77 2 -1.588604547484253e-06
80 2 -1.275299922493727e-06
83 2 -4.51301662935719e-06
86 2 -1.312544001317241e-06
92 2 -4.852754853228486e-06
95 2 -9.80367697635139e-06
3 3 4.316115016381431e-06
6 3 3.426024724779231e-07
9 3 -2.477649122502103e-07
24 3 -2.403648491566089e-07
27 3 3.322114739426698e-07
30 3 2.425641826083816e-06
33 3 -1.83022865681199e-06
42 3 -1.062255112036124e-07
48 3 -4.955397095226072e-08
51 3 4.463729631778116e-07
54 3 -2.854138905334682e-07
57 3 -9.984762375757817e-08
72 3 -1.120493069553953e-05
78 3 -1.588604547484253e-06
81 3 -1.275299922493727e-06
84 3 -4.51301662935719e-06
87 3 -1.312544001317241e-06
93 3 -4.852754853228486e-06
96 3 -9.80367697635139e-06
1 4 3.426024724779231e-07
4 4 4.51106198761181e-06
7 4 -2.48027862174719e-07
10 4 3.63124664691376e-07
13 4 -2.625531104675513e-07
28 4 4.788224764886412e-07
31 4 -1.061128388765306e-07
34 4 2.611045744241488e-06
37 4 -5.691893708468928e-08
40 4 -3.091738354984881e-07
43 4 -2.001775711698536e-06
64 4 -1.193248122308317e-07
85 4 -1.163784867243725e-05
91 4 -1.708426890398778e-06
94 4 -1.311659419197909e-06
100 4 -4.867450911179593e-06
103 4 -1.384931057085067e-06
109 4 -5.284550144269178e-06
112 4 -1.022213113909105e-05
2 5 3.426024724779231e-07
5 5 4.51106198761181e-06
8 5 -2.48027862174719e-07
11 5 3.63124664691376e-07
14 5 -2.625531104675513e-07
29 5 4.788224764886412e-07
32 5 -1.061128388765306e-07
35 5 2.611045744241488e-06
38 5 -5.691893708468928e-08
41 5 -3.091738354984881e-07
44 5 -2.001775711698536e-06
65 5 -1.193248122308317e-07
86 5 -1.163784867243725e-05
92 5 -1.708426890398778e-06
95 5 -1.311659419197909e-06
101 5 -4.867450911179593e-06
104 5 -1.384931057085067e-06
110 5 -5.284550144269178e-06
113 5 -1.022213113909105e-05
3 6 3.426024724779231e-07
6 6 4.51106198761181e-06
9 6 -2.48027862174719e-07
12 6 3.63124664691376e-07
15 6 -2.625531104675513e-07
30 6 4.788224764886412e-07
33 6 -1.061128388765306e-07
36 6 2.611045744241488e-06
39 6 -5.691893708468928e-08
42 6 -3.091738354984881e-07
45 6 -2.001775711698536e-06
66 6 -1.193248122308317e-07
87 6 -1.163784867243725e-05
93 6 -1.708426890398778e-06
96 6 -1.311659419197909e-06
102 6 -4.867450911179593e-06
105 6 -1.384931057085067e-06
111 6 -5.284550144269178e-06
114 6 -1.022213113909105e-05
1 7 -2.477649122502103e-07
4 7 -2.48027862174719e-07
7 7 1.914437132986317e-07
28 7 -1.158293068094588e-07
31 7 6.856744809573878e-08
40 7 6.879279274990253e-08
85 7 1.01951200131828e-06
91 7  3.7531684327624e-07
94 7 1.017742837079616e-06
2 8 -2.477649122502103e-07
5 8 -2.48027862174719e-07
8 8 1.914437132986317e-07
29 8 -1.158293068094588e-07
32 8 6.856744809573878e-08
41 8 6.879279274990253e-08
86 8 1.01951200131828e-06
92 8  3.7531684327624e-07
95 8 1.017742837079616e-06
3 9 -2.477649122502103e-07
6 9 -2.48027862174719e-07
9 9 1.914437132986317e-07
30 9 -1.158293068094588e-07
33 9 6.856744809573878e-08
42 9 6.879279274990253e-08
87 9 1.01951200131828e-06
93 9  3.7531684327624e-07
96 9 1.017742837079616e-06
4 10 3.63124664691376e-07
10 10 4.85438172890071e-06
13 10 -2.630822953144626e-07
16 10 3.973811951970185e-07
19 10 -2.873062920763092e-07
34 10 5.447671192491791e-07
43 10 -1.190844801504915e-07
58 10 2.938348275590328e-06
61 10 -7.304743547865458e-08
64 10 -3.582821700407564e-07
67 10 -2.317509462835054e-06
103 10 -1.242024344819579e-05
109 10 -1.953681378933457e-06
112 10 -1.383164014933392e-06
118 10 -1.428358490271201e-07
121 10 -5.524253792717549e-06
124 10 -1.504012699928411e-06
130 10 -6.04131291658406e-06
133 10 -1.091831837958644e-05
5 11 3.63124664691376e-07
11 11 4.85438172890071e-06
14 11 -2.630822953144626e-07
17 11 3.973811951970185e-07
20 11 -2.873062920763092e-07
35 11 5.447671192491791e-07
44 11 -1.190844801504915e-07
59 11 2.938348275590328e-06
62 11 -7.304743547865458e-08
65 11 -3.582821700407564e-07
68 11 -2.317509462835054e-06
104 11 -1.242024344819579e-05
110 11 -1.953681378933457e-06
113 11 -1.383164014933392e-06
119 11 -1.428358490271201e-07
122 11 -5.524253792717549e-06
125 11 -1.504012699928411e-06
131 11 -6.04131291658406e-06
134 11 -1.091831837958644e-05
6 12 3.63124664691376e-07
12 12 4.85438172890071e-06
15 12 -2.630822953144626e-07
18 12 3.973811951970185e-07
21 12 -2.873062920763092e-07
36 12 5.447671192491791e-07
45 12 -1.190844801504915e-07
60 12 2.938348275590328e-06
63 12 -7.304743547865458e-08
66 12 -3.582821700407564e-07
69 12 -2.317509462835054e-06
105 12 -1.242024344819579e-05
111 12 -1.953681378933457e-06
114 12 -1.383164014933392e-06
120 12 -1.428358490271201e-07
123 12 -5.524253792717549e-06
126 12 -1.504012699928411e-06
132 12 -6.04131291658406e-06
135 12 -1.091831837958644e-05
4 13 -2.625531104675513e-07
10 13 -2.630822953144626e-07
13 13 2.030120366690173e-07
34 13 -1.284391142382866e-07
43 13 7.691554471285358e-08
64 13 7.739620887353409e-08
103 13 1.077389023791284e-06
109 13 4.181316440647025e-07
112 13 1.073854939487932e-06
5 14 -2.625531104675513e-07
11 14 -2.630822953144626e-07
14 14 2.030120366690173e-07
35 14 -1.284391142382866e-07
44 14 7.691554471285358e-08
65 14 7.739620887353409e-08
104 14 1.077389023791284e-06
110 14 4.181316440647025e-07
113 14 1.073854939487932e-06
6 15 -2.625531104675513e-07
12 15 -2.630822953144626e-07
15 15 2.030120366690173e-07
36 15 -1.284391142382866e-07
45 15 7.691554471285358e-08
66 15 7.739620887353409e-08
105 15 1.077389023791284e-06
111 15 4.181316440647025e-07
114 15 1.073854939487932e-06
10 16 3.973811951970185e-07
16 16 5.410579819675849e-06
19 16 -2.882168679562346e-07
58 16 6.636233639837498e-07
67 16 -1.423834313277285e-07
118 16 -4.50022372795769e-07
124 16 -1.368522540200358e-05
130 16 -2.399875420233818e-06
133 16 -1.501008565230114e-06
139 16 3.474314599933861e-06
142 16 -1.068205092157129e-07
145 16 -2.873133027678092e-06
148 16 4.527313452008079e-07
151 16 -3.274228215108589e-07
154 16 -1.851515164078376e-07
157 16 -6.651989055515203e-06
160 16 -1.692165382267434e-06
166 16 -7.305835581424767e-06
169 16 -1.199467493695802e-05
11 17 3.973811951970185e-07
17 17 5.410579819675849e-06
20 17 -2.882168679562346e-07
59 17 6.636233639837498e-07
68 17 -1.423834313277285e-07
119 17 -4.50022372795769e-07
125 17 -1.368522540200358e-05
131 17 -2.399875420233818e-06
134 17 -1.501008565230114e-06
140 17 3.474314599933861e-06
143 17 -1.068205092157129e-07
146 17 -2.873133027678092e-06
149 17 4.527313452008079e-07
152 17 -3.274228215108589e-07
155 17 -1.851515164078376e-07
158 17 -6.651989055515203e-06
161 17 -1.692165382267434e-06
167 17 -7.305835581424767e-06
170 17 -1.199467493695802e-05
12 18 3.973811951970185e-07
18 18 5.410579819675849e-06
21 18 -2.882168679562346e-07
60 18 6.636233639837498e-07
69 18 -1.423834313277285e-07
120 18 -4.50022372795769e-07
126 18 -1.368522540200358e-05
132 18 -2.399875420233818e-06
135 18 -1.501008565230114e-06
141 18 3.474314599933861e-06
144 18 -1.068205092157129e-07
147 18 -2.873133027678092e-06
150 18 4.527313452008079e-07
153 18 -3.274228215108589e-07
156 18 -1.851515164078376e-07
159 18 -6.651989055515203e-06
162 18 -1.692165382267434e-06
168 18 -7.305835581424767e-06
171 18 -1.199467493695802e-05
10 19 -2.873062920763092e-07
16 19 -2.882168679562346e-07
19 19 2.223735271425845e-07
58 19 -1.50460375119074e-07
67 19 9.195072603645372e-08
118 19 9.285556143523667e-08
124 19 1.172838294964758e-06
130 19 4.937368868571509e-07
133 19 1.166830025568168e-06
11 20 -2.873062920763092e-07
17 20 -2.882168679562346e-07
20 20 2.223735271425845e-07
59 20 -1.50460375119074e-07
68 20 9.195072603645372e-08
119 20 9.285556143523667e-08
125 20 1.172838294964758e-06
131 20 4.937368868571509e-07
134 20 1.166830025568168e-06
12 21 -2.873062920763092e-07
18 21 -2.882168679562346e-07
21 21 2.223735271425845e-07
60 21 -1.50460375119074e-07
69 21 9.195072603645372e-08
120 21 9.285556143523667e-08
126 21 1.172838294964758e-06
132 21 4.937368868571509e-07
135 21 1.166830025568168e-06
1 22 -2.403648491566089e-07
22 22 1.855844728408255e-07
25 22 -2.403150601157066e-07
49 22 -1.096257783755111e-07
52 22 6.459737451159833e-08
55 22 6.455602198746026e-08
70 22 9.897435788385562e-07
76 22 3.543907822787185e-07
79 22 9.894070975184223e-07
2 23 -2.403648491566089e-07
23 23 1.855844728408255e-07
26 23 -2.403150601157066e-07
50 23 -1.096257783755111e-07
53 23 6.459737451159833e-08
56 23 6.455602198746026e-08
71 23 9.897435788385562e-07
77 23 3.543907822787185e-07
80 23 9.894070975184223e-07
3 24 -2.403648491566089e-07
24 24 1.855844728408255e-07
27 24 -2.403150601157066e-07
51 24 -1.096257783755111e-07
54 24 6.459737451159833e-08
57 24 6.455602198746026e-08
72 24 9.897435788385562e-07
78 24 3.543907822787185e-07
81 24 9.894070975184223e-07
1 25 3.322114739426698e-07
22 25 -2.403150601157066e-07
25 25 3.446565367487722e-06
49 25 2.167980079864324e-06
52 25 -9.986830001964714e-08
55 25 -1.645220129102189e-06
70 25 -1.275468163153792e-06
76 25 -4.656612839249957e-06
79 25 -9.608863040449172e-06
178 25 -3.729257007618107e-06
181 25 -7.545831332864656e-06
2 26 3.322114739426698e-07
23 26 -2.403150601157066e-07
26 26 3.446565367487722e-06
50 26 2.167980079864324e-06
53 26 -9.986830001964714e-08
56 26 -1.645220129102189e-06
71 26 -1.275468163153792e-06
77 26 -4.656612839249957e-06
80 26 -9.608863040449172e-06
179 26 -3.729257007618107e-06
182 26 -7.545831332864656e-06
3 27 3.322114739426698e-07
24 27 -2.403150601157066e-07
27 27 3.446565367487722e-06
51 27 2.167980079864324e-06
54 27 -9.986830001964714e-08
57 27 -1.645220129102189e-06
72 27 -1.275468163153792e-06
78 27 -4.656612839249957e-06
81 27 -9.608863040449172e-06
180 27 -3.729257007618107e-06
183 27 -7.545831332864656e-06
1 28 2.425641826083816e-06
4 28 4.788224764886412e-07
7 28 -1.158293068094588e-07
28 28 1.21372257715826e-05
31 28 -1.591142481980975e-06
34 28 6.325691559910873e-07
37 28 -3.053759188988313e-07
40 28 -2.585468354438943e-07
43 28 -6.205582386153546e-08
46 28 -2.395155316920812e-07
49 28 5.108439712913869e-07
52 28 -5.426189533938665e-08
70 28 -5.031250635203741e-06
76 28 -1.67352305303903e-06
82 28 -1.80968324040748e-05
85 28 -1.881268228624644e-06
91 28 -2.656993721363706e-05
94 28 -5.394006498206921e-06
100 28 -2.003972597284436e-06
187 28 2.754771633873419e-09
190 28 -3.095895358102303e-10
199 28 -9.047238551856543e-12
205 28 -4.546546431672359e-14
208 28 5.265185124303707e-12
211 28 -2.782903946236196e-13
214 28 -7.7180030858997e-14
217 28 -9.252464652796666e-06
223 28 -2.086319367726924e-11
226 28 -3.407886949395217e-07
229 28 -2.97905168767154e-09
235 28 -5.077227582827343e-07
241 28 -7.965147825941294e-09
244 28 -3.948878373183271e-06
2 29 2.425641826083816e-06
5 29 4.788224764886412e-07
8 29 -1.158293068094588e-07
29 29 1.21372257715826e-05
32 29 -1.591142481980975e-06
35 29 6.325691559910873e-07
38 29 -3.053759188988313e-07
41 29 -2.585468354438943e-07
44 29 -6.205582386153546e-08
47 29 -2.395155316920812e-07
50 29 5.108439712913869e-07
53 29 -5.426189533938665e-08
71 29 -5.031250635203741e-06
77 29 -1.67352305303903e-06
83 29 -1.80968324040748e-05
86 29 -1.881268228624644e-06
92 29 -2.656993721363706e-05
95 29 -5.394006498206921e-06
101 29 -2.003972597284436e-06
188 29 2.754771633873419e-09
191 29 -3.095895358102303e-10
200 29 -9.047238551856543e-12
206 29 -4.546546431672359e-14
209 29 5.265185124303707e-12
212 29 -2.782903946236196e-13
215 29 -7.7180030858997e-14
218 29 -9.252464652796666e-06
224 29 -2.086319367726924e-11
227 29 -3.407886949395217e-07
230 29 -2.97905168767154e-09
236 29 -5.077227582827343e-07
242 29 -7.965147825941294e-09
245 29 -3.948878373183271e-06
3 30 2.425641826083816e-06
6 30 4.788224764886412e-07
9 30 -1.158293068094588e-07
30 30 1.21372257715826e-05
33 30 -1.591142481980975e-06
36 30 6.325691559910873e-07
39 30 -3.053759188988313e-07
42 30 -2.585468354438943e-07
45 30 -6.205582386153546e-08
48 30 -2.395155316920812e-07
51 30 5.108439712913869e-07
54 30 -5.426189533938665e-08
72 30 -5.031250635203741e-06
78 30 -1.67352305303903e-06
84 30 -1.80968324040748e-05
87 30 -1.881268228624644e-06
93 30 -2.656993721363706e-05
96 30 -5.394006498206921e-06
102 30 -2.003972597284436e-06
189 30 2.754771633873419e-09
192 30 -3.095895358102303e-10
201 30 -9.047238551856543e-12
207 30 -4.546546431672359e-14
210 30 5.265185124303707e-12
213 30 -2.782903946236196e-13
216 30 -7.7180030858997e-14
219 30 -9.252464652796666e-06
225 30 -2.086319367726924e-11
228 30 -3.407886949395217e-07
231 30 -2.97905168767154e-09
237 30 -5.077227582827343e-07
243 30 -7.965147825941294e-09
246 30 -3.948878373183271e-06
1 31 -1.83022865681199e-06
4 31 -1.061128388765306e-07
7 31 6.856744809573878e-08
28 31 -1.591142481980975e-06
31 31 1.231886701886398e-06
40 31 4.935985688404591e-08
46 31 2.255363518966268e-08
49 31 -5.434876566634146e-08
52 31 3.196948396391476e-08
70 31 4.127886767259632e-06
76 31 1.852518380475415e-07
82 31 3.091418755566524e-06
85 31 3.753168432762401e-07
91 31 3.317377350758247e-06
94 31 4.399880640715139e-06
2 32 -1.83022865681199e-06
5 32 -1.061128388765306e-07
8 32 6.856744809573878e-08
29 32 -1.591142481980975e-06
32 32 1.231886701886398e-06
41 32 4.935985688404591e-08
47 32 2.255363518966268e-08
50 32 -5.434876566634146e-08
53 32 3.196948396391476e-08
71 32 4.127886767259632e-06
77 32 1.852518380475415e-07
83 32 3.091418755566524e-06
86 32 3.753168432762401e-07
92 32 3.317377350758247e-06
95 32 4.399880640715139e-06
3 33 -1.83022865681199e-06
6 33 -1.061128388765306e-07
9 33 6.856744809573878e-08
30 33 -1.591142481980975e-06
33 33 1.231886701886398e-06
42 33 4.935985688404591e-08
48 33 2.255363518966268e-08
51 33 -5.434876566634146e-08
54 33 3.196948396391476e-08
72 33 4.127886767259632e-06
78 33 1.852518380475415e-07
84 33 3.091418755566524e-06
87 33 3.753168432762401e-07
93 33 3.317377350758247e-06
96 33 4.399880640715139e-06
4 34 2.611045744241488e-06
10 34 5.447671192491791e-07
13 34 -1.284391142382866e-07
28 34 6.325691559910873e-07
34 34 1.523167734952482e-05
37 34 -3.095240331109185e-07
40 34 -6.186194391266021e-08
43 34 -1.783889461464134e-06
58 34 9.434907082829875e-07
61 34 -4.916411001560617e-07
64 34 -3.103116296841524e-07
67 34 -7.86881612776422e-08
85 34 -5.363876516934411e-06
91 34 -1.994317110057037e-06
100 34 -2.052217283710106e-05
103 34 -2.122381592634783e-06
109 34 -3.224775759956834e-05
112 34 -5.792410860349563e-06
121 34 -2.749174761604535e-06
187 34 2.828526021795657e-10
190 34 -9.018668025940303e-12
193 34 4.148927209641159e-08
196 34 -6.038076896485924e-12
199 34 -3.397389991058165e-11
202 34 -9.149946304589342e-09
235 34 -1.349684971745544e-05
241 34 -1.107756429025489e-09
244 34 -5.048209894788607e-07
256 34 -4.343263028173778e-10
259 34 -5.074741106477414e-08
262 34 -1.029470893917608e-06
268 34 -1.133871567154236e-07
271 34 -7.519953970010072e-06
5 35 2.611045744241488e-06
11 35 5.447671192491791e-07
14 35 -1.284391142382866e-07
29 35 6.325691559910873e-07
35 35 1.523167734952482e-05
38 35 -3.095240331109185e-07
41 35 -6.186194391266021e-08
44 35 -1.783889461464134e-06
59 35 9.434907082829875e-07
62 35 -4.916411001560617e-07
65 35 -3.103116296841524e-07
68 35 -7.86881612776422e-08
86 35 -5.363876516934411e-06
92 35 -1.994317110057037e-06
101 35 -2.052217283710106e-05
104 35 -2.122381592634783e-06
110 35 -3.224775759956834e-05
113 35 -5.792410860349563e-06
122 35 -2.749174761604535e-06
188 35 2.828526021795657e-10
191 35 -9.018668025940303e-12
194 35 4.148927209641159e-08
197 35 -6.038076896485924e-12
200 35 -3.397389991058165e-11
203 35 -9.149946304589342e-09
236 35 -1.349684971745544e-05
242 35 -1.107756429025489e-09
245 35 -5.048209894788607e-07
257 35 -4.343263028173778e-10
260 35 -5.074741106477414e-08
263 35 -1.029470893917608e-06
269 35 -1.133871567154236e-07
272 35 -7.519953970010072e-06
6 36 2.611045744241488e-06
12 36 5.447671192491791e-07
15 36 -1.284391142382866e-07
30 36 6.325691559910873e-07
36 36 1.523167734952482e-05
39 36 -3.095240331109185e-07
42 36 -6.186194391266021e-08
45 36 -1.783889461464134e-06
60 36 9.434907082829875e-07
63 36 -4.916411001560617e-07
66 36 -3.103116296841524e-07
69 36 -7.86881612776422e-08
87 36 -5.363876516934411e-06
93 36 -1.994317110057037e-06
102 36 -2.052217283710106e-05
105 36 -2.122381592634783e-06
111 36 -3.224775759956834e-05
114 36 -5.792410860349563e-06
123 36 -2.749174761604535e-06
189 36 2.828526021795657e-10
192 36 -9.018668025940303e-12
195 36 4.148927209641159e-08
198 36 -6.038076896485924e-12
201 36 -3.397389991058165e-11
204 36 -9.149946304589342e-09
237 36 -1.349684971745544e-05
243 36 -1.107756429025489e-09
246 36 -5.048209894788607e-07
258 36 -4.343263028173778e-10
261 36 -5.074741106477414e-08
264 36 -1.029470893917608e-06
270 36 -1.133871567154236e-07
273 36 -7.519953970010072e-06
4 37 -5.691893708468928e-08
28 37 -3.053759188988313e-07
34 37 -3.095240331109185e-07
37 37 1.481245250120534e-07
40 37 2.651835867776352e-08
43 37 2.690611857551426e-08
85 37 2.110434033169354e-07
91 37 1.051125934837912e-06
100 37 1.070436909292706e-06
187 37 -9.148668035185008e-12
190 37 8.953619495937264e-13
199 37 9.525030014262176e-13
235 37 2.194231290540929e-07
241 37 3.543931017265691e-11
244 37 2.13619591446344e-07
5 38 -5.691893708468928e-08
29 38 -3.053759188988313e-07
35 38 -3.095240331109185e-07
38 38 1.481245250120534e-07
41 38 2.651835867776352e-08
44 38 2.690611857551426e-08
86 38 2.110434033169354e-07
92 38 1.051125934837912e-06
101 38 1.070436909292706e-06
188 38 -9.148668035185008e-12
191 38 8.953619495937264e-13
200 38 9.525030014262176e-13
236 38 2.194231290540929e-07
242 38 3.543931017265691e-11
245 38 2.13619591446344e-07
6 39 -5.691893708468928e-08
30 39 -3.053759188988313e-07
36 39 -3.095240331109185e-07
39 39 1.481245250120534e-07
42 39 2.651835867776352e-08
45 39 2.690611857551426e-08
87 39 2.110434033169354e-07
93 39 1.051125934837912e-06
102 39 1.070436909292706e-06
189 39 -9.148668035185008e-12
192 39 8.953619495937264e-13
201 39 9.525030014262176e-13
237 39 2.194231290540929e-07
243 39 3.543931017265691e-11
246 39 2.13619591446344e-07
1 40 -1.062255112036124e-07
4 40 -3.091738354984881e-07
7 40 6.879279274990253e-08
28 40 -2.585468354438943e-07
31 40 4.935985688404591e-08
34 40 -6.186194391266021e-08
37 40 2.651835867776352e-08
40 40 1.718421915920551e-07
43 40 3.67921322314561e-08
85 40 1.317583323585558e-06
91 40 9.71900647133822e-07
94 40 3.753168432762401e-07
100 40 2.110434033169354e-07
2 41 -1.062255112036124e-07
5 41 -3.091738354984881e-07
8 41 6.879279274990253e-08
29 41 -2.585468354438943e-07
32 41 4.935985688404591e-08
35 41 -6.186194391266021e-08
38 41 2.651835867776352e-08
41 41 1.718421915920551e-07
44 41 3.67921322314561e-08
86 41 1.317583323585558e-06
92 41 9.71900647133822e-07
95 41 3.753168432762401e-07
101 41 2.110434033169354e-07
3 42 -1.062255112036124e-07
6 42 -3.091738354984881e-07
9 42 6.879279274990253e-08
30 42 -2.585468354438943e-07
33 42 4.935985688404591e-08
36 42 -6.186194391266021e-08
39 42 2.651835867776352e-08
42 42 1.718421915920551e-07
45 42 3.67921322314561e-08
87 42 1.317583323585558e-06
93 42 9.71900647133822e-07
96 42 3.753168432762401e-07
102 42 2.110434033169354e-07
4 43 -2.001775711698536e-06
10 43 -1.190844801504915e-07
13 43 7.691554471285358e-08
28 43 -6.205582386153546e-08
34 43 -1.783889461464134e-06
37 43 2.690611857551426e-08
40 43 3.67921322314561e-08
43 43 1.409353130588055e-06
64 43 5.868694069794402e-08
85 43 4.461714119262154e-06
91 43 2.110434033169354e-07
100 43 3.468862907752503e-06
103 43 4.181316440647025e-07
109 43 3.78499803489605e-06
112 43 4.800719467056806e-06
5 44 -2.001775711698536e-06
11 44 -1.190844801504915e-07
14 44 7.691554471285358e-08
29 44 -6.205582386153546e-08
35 44 -1.783889461464134e-06
38 44 2.690611857551426e-08
41 44 3.67921322314561e-08
44 44 1.409353130588055e-06
65 44 5.868694069794402e-08
86 44 4.461714119262154e-06
92 44 2.110434033169354e-07
101 44 3.468862907752503e-06
104 44 4.181316440647025e-07
110 44 3.78499803489605e-06
113 44 4.800719467056806e-06
6 45 -2.001775711698536e-06
12 45 -1.190844801504915e-07
15 45 7.691554471285358e-08
30 45 -6.205582386153546e-08
36 45 -1.783889461464134e-06
39 45 2.690611857551426e-08
42 45 3.67921322314561e-08
45 45 1.409353130588055e-06
66 45 5.868694069794402e-08
87 45 4.461714119262154e-06
93 45 2.110434033169354e-07
102 45 3.468862907752503e-06
105 45 4.181316440647025e-07
111 45 3.78499803489605e-06
114 45 4.800719467056806e-06
1 46 -4.955397095226072e-08
28 46 -2.395155316920812e-07
31 46 2.255363518966268e-08
46 46 1.09991364741324e-07
49 46 -2.379615744389557e-07
52 46 2.237989453575337e-08
70 46 1.852518380475415e-07
76 46 8.437987141051366e-07
82 46 8.512644578840388e-07
208 46 -7.767081139173109e-14
211 46 3.536046837577363e-15
214 46 3.427209228533507e-15
217 46 1.408898747206753e-07
223 46 3.062744752729224e-13
226 46 1.391712708588178e-07
2 47 -4.955397095226072e-08
29 47 -2.395155316920812e-07
32 47 2.255363518966268e-08
47 47 1.09991364741324e-07
50 47 -2.379615744389557e-07
53 47 2.237989453575337e-08
71 47 1.852518380475415e-07
77 47 8.437987141051366e-07
83 47 8.512644578840388e-07
209 47 -7.767081139173109e-14
212 47 3.536046837577363e-15
215 47 3.427209228533507e-15
218 47 1.408898747206753e-07
224 47 3.062744752729224e-13
227 47 1.391712708588178e-07
3 48 -4.955397095226072e-08
30 48 -2.395155316920812e-07
33 48 2.255363518966268e-08
48 48 1.09991364741324e-07
51 48 -2.379615744389557e-07
54 48 2.237989453575337e-08
72 48 1.852518380475415e-07
78 48 8.437987141051366e-07
84 48 8.512644578840388e-07
210 48 -7.767081139173109e-14
213 48 3.536046837577363e-15
216 48 3.427209228533507e-15
219 48 1.408898747206753e-07
225 48 3.062744752729224e-13
228 48 1.391712708588178e-07
1 49 4.463729631778116e-07
22 49 -1.096257783755111e-07
25 49 2.167980079864324e-06
28 49 5.108439712913869e-07
31 49 -5.434876566634146e-08
46 49 -2.379615744389557e-07
49 49 1.01646138187466e-05
52 49 -2.34157265120708e-07
55 49 -1.41854101050263e-06
70 49 -1.761035704907461e-06
76 49 -2.403423122178583e-05
79 49 -5.210305655143009e-06
82 49 -1.677255924928479e-06
178 49 -1.443784425237982e-05
181 49 -4.183513575028459e-06
208 49 1.26675347854319e-10
211 49 -7.723444966351887e-14
214 49 -6.356248242713486e-12
217 49 -3.416479968704497e-07
223 49 -3.455722157191089e-10
226 49 -2.708756413998434e-06
286 49 -1.594700913902619e-10
289 49 -7.271923356841427e-06
2 50 4.463729631778116e-07
23 50 -1.096257783755111e-07
26 50 2.167980079864324e-06
29 50 5.108439712913869e-07
32 50 -5.434876566634146e-08
47 50 -2.379615744389557e-07
50 50 1.01646138187466e-05
53 50 -2.34157265120708e-07
56 50 -1.41854101050263e-06
71 50 -1.761035704907461e-06
77 50 -2.403423122178583e-05
80 50 -5.210305655143009e-06
83 50 -1.677255924928479e-06
179 50 -1.443784425237982e-05
182 50 -4.183513575028459e-06
209 50 1.26675347854319e-10
212 50 -7.723444966351887e-14
215 50 -6.356248242713486e-12
218 50 -3.416479968704497e-07
224 50 -3.455722157191089e-10
227 50 -2.708756413998434e-06
287 50 -1.594700913902619e-10
290 50 -7.271923356841427e-06
3 51 4.463729631778116e-07
24 51 -1.096257783755111e-07
27 51 2.167980079864324e-06
30 51 5.108439712913869e-07
33 51 -5.434876566634146e-08
48 51 -2.379615744389557e-07
51 51 1.01646138187466e-05
54 51 -2.34157265120708e-07
57 51 -1.41854101050263e-06
72 51 -1.761035704907461e-06
78 51 -2.403423122178583e-05
81 51 -5.210305655143009e-06
84 51 -1.677255924928479e-06
180 51 -1.443784425237982e-05
183 51 -4.183513575028459e-06
210 51 1.26675347854319e-10
213 51 -7.723444966351887e-14
216 51 -6.356248242713486e-12
219 51 -3.416479968704497e-07
225 51 -3.455722157191089e-10
228 51 -2.708756413998434e-06
288 51 -1.594700913902619e-10
291 51 -7.271923356841427e-06
1 52 -2.854138905334682e-07
22 52 6.459737451159833e-08
25 52 -9.986830001964714e-08
28 52 -5.426189533938665e-08
31 52 3.196948396391476e-08
46 52 2.237989453575337e-08
49 52 -2.34157265120708e-07
52 52 1.536546894380839e-07
55 52 4.504106527573268e-08
70 52 1.221612245308975e-06
76 52 8.767499304625547e-07
79 52 3.543907822787186e-07
82 52 1.852518380475415e-07
2 53 -2.854138905334682e-07
23 53 6.459737451159833e-08
26 53 -9.986830001964714e-08
29 53 -5.426189533938665e-08
32 53 3.196948396391476e-08
47 53 2.237989453575337e-08
50 53 -2.34157265120708e-07
53 53 1.536546894380839e-07
56 53 4.504106527573268e-08
71 53 1.221612245308975e-06
77 53 8.767499304625547e-07
80 53 3.543907822787186e-07
83 53 1.852518380475415e-07
3 54 -2.854138905334682e-07
24 54 6.459737451159833e-08
27 54 -9.986830001964714e-08
30 54 -5.426189533938665e-08
33 54 3.196948396391476e-08
48 54 2.237989453575337e-08
51 54 -2.34157265120708e-07
54 54 1.536546894380839e-07
57 54 4.504106527573268e-08
72 54 1.221612245308975e-06
78 54 8.767499304625547e-07
81 54 3.543907822787186e-07
84 54 1.852518380475415e-07
1 55 -9.984762375757817e-08
22 55 6.455602198746026e-08
25 55 -1.645220129102189e-06
49 55 -1.41854101050263e-06
52 55 4.504106527573268e-08
55 55 1.099912893951047e-06
70 55 3.543907822787185e-07
76 55 3.113596538245501e-06
79 55 4.220982170031625e-06
178 55 2.596520330549252e-06
181 55 3.50503346536997e-06
2 56 -9.984762375757817e-08
23 56 6.455602198746026e-08
26 56 -1.645220129102189e-06
50 56 -1.41854101050263e-06
53 56 4.504106527573268e-08
56 56 1.099912893951047e-06
71 56 3.543907822787185e-07
77 56 3.113596538245501e-06
80 56 4.220982170031625e-06
179 56 2.596520330549252e-06
182 56 3.50503346536997e-06
3 57 -9.984762375757817e-08
24 57 6.455602198746026e-08
27 57 -1.645220129102189e-06
51 57 -1.41854101050263e-06
54 57 4.504106527573268e-08
57 57 1.099912893951047e-06
72 57 3.543907822787185e-07
78 57 3.113596538245501e-06
81 57 4.220982170031625e-06
180 57 2.596520330549252e-06
183 57 3.50503346536997e-06
10 58 2.938348275590328e-06
16 58 6.636233639837498e-07
19 58 -1.50460375119074e-07
34 58 9.434907082829875e-07
58 58 2.123195391623726e-05
61 58 -5.029464947387826e-07
64 58 -7.826795051552802e-08
67 58 -2.143069879481355e-06
103 58 -5.963988604443838e-06
109 58 -2.724821195985501e-06
118 58 -4.099484321780892e-07
121 58 -2.501875403015554e-05
124 58 -2.548361347082458e-06
130 58 -4.215604276973679e-05
133 58 -6.467385810468353e-06
139 58 1.708687588447864e-06
142 58 -1.042035271332099e-06
145 58 -1.127674717093484e-07
157 58 -4.324168034198106e-06
193 58 7.129082683561472e-09
202 58 -4.302940566470004e-10
256 58 -1.691078388741853e-09
262 58 -2.297980274109528e-05
268 58 -2.738517406229419e-08
271 58 -1.01781592896431e-06
301 58 3.394036949647216e-07
304 58 -3.429611309981399e-10
307 58 -1.30671922208086e-07
310 58 -9.227564362632046e-09
313 58 -4.633379581121476e-07
316 58 -2.620176979767269e-06
322 58 -8.775592500513538e-07
325 58 -1.604116582180902e-05
11 59 2.938348275590328e-06
17 59 6.636233639837498e-07
20 59 -1.50460375119074e-07
35 59 9.434907082829875e-07
59 59 2.123195391623726e-05
62 59 -5.029464947387826e-07
65 59 -7.826795051552802e-08
68 59 -2.143069879481355e-06
104 59 -5.963988604443838e-06
110 59 -2.724821195985501e-06
119 59 -4.099484321780892e-07
122 59 -2.501875403015554e-05
125 59 -2.548361347082458e-06
131 59 -4.215604276973679e-05
134 59 -6.467385810468353e-06
140 59 1.708687588447864e-06
143 59 -1.042035271332099e-06
146 59 -1.127674717093484e-07
158 59 -4.324168034198106e-06
194 59 7.129082683561472e-09
203 59 -4.302940566470004e-10
257 59 -1.691078388741853e-09
263 59 -2.297980274109528e-05
269 59 -2.738517406229419e-08
272 59 -1.01781592896431e-06
302 59 3.394036949647216e-07
305 59 -3.429611309981399e-10
308 59 -1.30671922208086e-07
311 59 -9.227564362632046e-09
314 59 -4.633379581121476e-07
317 59 -2.620176979767269e-06
323 59 -8.775592500513538e-07
326 59 -1.604116582180902e-05
12 60 2.938348275590328e-06
18 60 6.636233639837498e-07
21 60 -1.50460375119074e-07
36 60 9.434907082829875e-07
60 60 2.123195391623726e-05
63 60 -5.029464947387825e-07
66 60 -7.826795051552802e-08
69 60 -2.143069879481355e-06
105 60 -5.963988604443838e-06
111 60 -2.724821195985501e-06
120 60 -4.099484321780892e-07
123 60 -2.501875403015554e-05
126 60 -2.548361347082458e-06
132 60 -4.215604276973679e-05
135 60 -6.467385810468353e-06
141 60 1.708687588447864e-06
144 60 -1.042035271332099e-06
147 60 -1.127674717093484e-07
159 60 -4.324168034198106e-06
195 60 7.129082683561472e-09
204 60 -4.302940566470004e-10
258 60 -1.691078388741853e-09
264 60 -2.297980274109528e-05
270 60 -2.738517406229419e-08
273 60 -1.01781592896431e-06
303 60 3.394036949647216e-07
306 60 -3.429611309981399e-10
309 60 -1.30671922208086e-07
312 60 -9.227564362632046e-09
315 60 -4.633379581121476e-07
318 60 -2.620176979767269e-06
324 60 -8.775592500513538e-07
327 60 -1.604116582180902e-05
10 61 -7.304743547865458e-08
34 61 -4.916411001560617e-07
58 61 -5.029464947387826e-07
61 61 2.61370579960848e-07
64 61 3.606188492234321e-08
67 61 3.690230644657149e-08
103 61 2.665688870660221e-07
109 61 1.570883228125663e-06
121 61 1.619590359363754e-06
193 61 -4.419649336564467e-10
202 61 8.381280634369058e-11
256 61 9.187729868444468e-11
262 61 5.002012666219943e-07
268 61 1.660705174263204e-09
271 61 4.768913367153942e-07
11 62 -7.304743547865458e-08
35 62 -4.916411001560617e-07
59 62 -5.029464947387826e-07
62 62 2.61370579960848e-07
65 62 3.606188492234321e-08
68 62 3.690230644657149e-08
104 62 2.665688870660221e-07
110 62 1.570883228125663e-06
122 62 1.619590359363754e-06
194 62 -4.419649336564467e-10
203 62 8.381280634369058e-11
257 62 9.187729868444468e-11
263 62 5.002012666219943e-07
269 62 1.660705174263204e-09
272 62 4.768913367153942e-07
12 63 -7.304743547865458e-08
36 63 -4.916411001560617e-07
60 63 -5.029464947387826e-07
63 63 2.61370579960848e-07
66 63 3.606188492234321e-08
69 63 3.690230644657149e-08
105 63 2.665688870660221e-07
111 63 1.570883228125663e-06
123 63 1.619590359363754e-06
195 63 -4.419649336564467e-10
204 63 8.381280634369058e-11
258 63 9.187729868444468e-11
264 63 5.002012666219943e-07
270 63 1.660705174263204e-09
273 63 4.768913367153942e-07
4 64 -1.193248122308317e-07
10 64 -3.582821700407564e-07
13 64 7.739620887353409e-08
34 64 -3.103116296841524e-07
43 64 5.868694069794402e-08
58 64 -7.826795051552802e-08
61 64 3.606188492234321e-08
64 64 2.112570019067671e-07
67 64 4.734333652031852e-08
103 64 1.51332883636395e-06
109 64  1.1759284089613e-06
112 64 4.181316440647025e-07
121 64 2.665688870660222e-07
5 65 -1.193248122308317e-07
11 65 -3.582821700407564e-07
14 65 7.739620887353409e-08
35 65 -3.103116296841524e-07
44 65 5.868694069794402e-08
59 65 -7.826795051552802e-08
62 65 3.606188492234321e-08
65 65 2.112570019067671e-07
68 65 4.734333652031852e-08
104 65 1.51332883636395e-06
110 65  1.1759284089613e-06
113 65 4.181316440647025e-07
122 65 2.665688870660222e-07
6 66 -1.193248122308317e-07
12 66 -3.582821700407564e-07
15 66 7.739620887353409e-08
36 66 -3.103116296841524e-07
45 66 5.868694069794402e-08
60 66 -7.826795051552802e-08
63 66 3.606188492234321e-08
66 66 2.112570019067671e-07
69 66 4.734333652031852e-08
105 66 1.51332883636395e-06
111 66  1.1759284089613e-06
114 66 4.181316440647025e-07
123 66 2.665688870660222e-07
10 67 -2.317509462835054e-06
16 67 -1.423834313277285e-07
19 67 9.195072603645372e-08
34 67 -7.86881612776422e-08
58 67 -2.143069879481355e-06
61 67 3.690230644657149e-08
64 67 4.734333652031852e-08
67 67 1.755842723078565e-06
103 67 5.083481973029641e-06
109 67 2.665688870660222e-07
118 67 7.670167385254602e-08
121 67 4.204012349577028e-06
124 67 4.937368868571509e-07
130 67 4.659656137648779e-06
133 67 5.511801925417405e-06
11 68 -2.317509462835054e-06
17 68 -1.423834313277285e-07
20 68 9.195072603645372e-08
35 68 -7.86881612776422e-08
59 68 -2.143069879481355e-06
62 68 3.690230644657149e-08
65 68 4.734333652031852e-08
68 68 1.755842723078565e-06
104 68 5.083481973029641e-06
110 68 2.665688870660222e-07
119 68 7.670167385254602e-08
122 68 4.204012349577028e-06
125 68 4.937368868571509e-07
131 68 4.659656137648779e-06
134 68 5.511801925417405e-06
12 69 -2.317509462835054e-06
18 69 -1.423834313277285e-07
21 69 9.195072603645372e-08
36 69 -7.86881612776422e-08
60 69 -2.143069879481355e-06
63 69 3.690230644657149e-08
66 69 4.734333652031852e-08
69 69 1.755842723078565e-06
105 69 5.083481973029641e-06
111 69 2.665688870660222e-07
120 69 7.670167385254602e-08
123 69 4.204012349577028e-06
126 69 4.937368868571509e-07
132 69 4.659656137648779e-06
135 69 5.511801925417405e-06
1 70 -1.120493069553953e-05
22 70 9.897435788385562e-07
25 70 -1.275468163153792e-06
28 70 -5.031250635203741e-06
31 70 4.127886767259632e-06
46 70 1.852518380475415e-07
49 70 -1.761035704907461e-06
52 70 1.221612245308975e-06
55 70 3.543907822787185e-07
70 70 4.417046779206986e-05
76 70 6.159637884457164e-06
79 70 4.747145389016323e-06
82 70 1.345933580666603e-05
91 70 5.443946884408281e-06
94 70 1.38363388761098e-05
2 71 -1.120493069553953e-05
23 71 9.897435788385562e-07
26 71 -1.275468163153792e-06
29 71 -5.031250635203741e-06
32 71 4.127886767259632e-06
47 71 1.852518380475415e-07
50 71 -1.761035704907461e-06
53 71 1.221612245308975e-06
56 71 3.543907822787185e-07
71 71 4.417046779206986e-05
77 71 6.159637884457164e-06
80 71 4.747145389016323e-06
83 71 1.345933580666603e-05
92 71 5.443946884408281e-06
95 71 1.38363388761098e-05
3 72 -1.120493069553953e-05
24 72 9.897435788385562e-07
27 72 -1.275468163153792e-06
30 72 -5.031250635203741e-06
33 72 4.127886767259632e-06
48 72 1.852518380475415e-07
51 72 -1.761035704907461e-06
54 72 1.221612245308975e-06
57 72 3.543907822787185e-07
72 72 4.417046779206986e-05
78 72 6.159637884457164e-06
81 72 4.747145389016323e-06
84 72 1.345933580666603e-05
93 72 5.443946884408281e-06
96 72 1.38363388761098e-05
73 73   0.1919196310414974
74 73 -0.01491185996753082
88 73 0.002047897865960008
89 73 -0.0001062665124011475
97 73 -0.04083123331639109
98 73  0.01378228075203189
175 73  -0.0176220898400725
176 73 0.001391913010965202
184 73 0.002233700351093779
185 73 -0.00017464553317413
220 73  0.03451053276784922
221 73 -0.006103312726007674
222 73  -0.0105999479679479
232 73  -0.1364149846825873
233 73  0.02070005645923407
234 73  0.01467283221271647
250 73  0.02312223018928162
251 73  -0.0145855276826954
252 73 -0.007093347388668362
283 73  0.03329283879646693
284 73 -0.0002155951508659654
285 73 -0.01405276433333409
293 73 0.006542369502928618
294 73 -0.004405875511996349
295 73 -0.04025438222748259
296 73 -0.004357563694726471
297 73 0.002965650683761269
298 73 0.006961543431015653
299 73 -0.00196184845775815
73 74 -0.01491185996753082
74 74   0.1999123043742532
75 74 -0.02270510080874164
88 74 -7.084434160076479e-05
89 74 0.007167642530860041
90 74 -0.001977053524359243
97 74  0.01312893571728146
98 74 -0.07174569310978313
99 74   0.0218372046973997
175 74 0.002087869516447799
176 74 -0.06167731444025365
177 74 0.005959685957785225
184 74 -0.0002619682997611924
185 74 0.007817951228828186
186 74 -0.003088582226879477
220 74 -0.00566306878806956
221 74 0.009860152219385507
222 74 0.002869548547315967
232 74   0.0203648512660641
233 74 -0.06009705867413175
234 74 -0.001960035104251272
250 74 -0.01366443367105715
251 74  0.02772770024747291
252 74  0.00709334738866836
283 74 -0.0001437301005773027
284 74 0.009512239656133355
292 74 0.006141991327729312
294 74 -0.003204740986398405
295 74 -0.004064969972288627
296 74 -0.03387764166468819
297 74 0.002087869516447799
298 74 -0.002942772686637207
299 74  0.02436540200855483
300 74 -0.007499542459886275
74 75 -0.02270510080874163
75 75   0.2892020988996828
89 75 -0.002965580286538855
90 75 0.002047897865960008
98 75  0.02377404800481305
99 75 -0.04697250575118356
176 75 0.003973123971856827
177 75  -0.0176220898400725
185 75 -0.002059054817919649
186 75 0.002233700351093779
220 75 -0.007066631978631913
221 75 0.001913032364877311
222 75 0.009860152219385507
232 75  0.00978188814181098
233 75 -0.001306690069500851
234 75  -0.0436693429681598
250 75 -0.004728898259112237
251 75 0.004728898259112236
252 75  0.01129998454150098
283 75 -0.009368509555556122
285 75 0.009512239656133355
292 75 -0.002937250341330908
293 75 -0.00213649399093227
295 75 0.001977100455840829
296 75 0.001391913010965202
297 75 -0.01647378308714901
299 75 -0.004999694973257516
300 75 0.006961543431015653
1 76 -1.588604547484253e-06
22 76 3.543907822787185e-07
25 76 -4.656612839249957e-06
28 76 -1.67352305303903e-06
31 76 1.852518380475415e-07
46 76 8.437987141051366e-07
49 76 -2.403423122178583e-05
52 76 8.767499304625547e-07
55 76 3.113596538245501e-06
70 76 6.159637884457164e-06
76 76 7.58829709432816e-05
79 76 1.409908272850661e-05
82 76 5.660743184049096e-06
178 76 2.110768247738692e-05
181 76 5.280363478000601e-06
217 76 8.555629338383777e-07
226 76 6.359352065631259e-06
289 76 1.29925315370915e-05
2 77 -1.588604547484253e-06
23 77 3.543907822787185e-07
26 77 -4.656612839249957e-06
29 77 -1.67352305303903e-06
32 77 1.852518380475415e-07
47 77 8.437987141051366e-07
50 77 -2.403423122178583e-05
53 77 8.767499304625547e-07
56 77 3.113596538245501e-06
71 77 6.159637884457164e-06
77 77 7.58829709432816e-05
80 77 1.409908272850661e-05
83 77 5.660743184049096e-06
179 77 2.110768247738692e-05
182 77 5.280363478000601e-06
218 77 8.555629338383777e-07
227 77 6.359352065631259e-06
290 77 1.29925315370915e-05
3 78 -1.588604547484253e-06
24 78 3.543907822787185e-07
27 78 -4.656612839249957e-06
30 78 -1.67352305303903e-06
33 78 1.852518380475415e-07
48 78 8.437987141051366e-07
51 78 -2.403423122178583e-05
54 78 8.767499304625547e-07
57 78 3.113596538245501e-06
72 78 6.159637884457164e-06
78 78 7.58829709432816e-05
81 78 1.409908272850661e-05
84 78 5.660743184049096e-06
180 78 2.110768247738692e-05
183 78 5.280363478000601e-06
219 78 8.555629338383777e-07
228 78 6.359352065631259e-06
291 78 1.29925315370915e-05
1 79 -1.275299922493727e-06
22 79 9.894070975184223e-07
25 79 -9.608863040449172e-06
49 79 -5.210305655143009e-06
52 79 3.543907822787186e-07
55 79 4.220982170031625e-06
70 79 4.747145389016323e-06
76 79 1.409908272850661e-05
79 79 3.677591310884021e-05
178 79 5.280363478000599e-06
181 79 1.363301500237401e-05
2 80 -1.275299922493727e-06
23 80 9.894070975184223e-07
26 80 -9.608863040449172e-06
50 80 -5.210305655143009e-06
53 80 3.543907822787186e-07
56 80 4.220982170031625e-06
71 80 4.747145389016323e-06
77 80 1.409908272850661e-05
80 80 3.677591310884021e-05
179 80 5.280363478000599e-06
182 80 1.363301500237401e-05
3 81 -1.275299922493727e-06
24 81 9.894070975184223e-07
27 81 -9.608863040449172e-06
51 81 -5.210305655143009e-06
54 81 3.543907822787186e-07
57 81 4.220982170031625e-06
72 81 4.747145389016323e-06
78 81 1.409908272850661e-05
81 81 3.677591310884021e-05
180 81 5.280363478000599e-06
183 81 1.363301500237401e-05
1 82 -4.51301662935719e-06
28 82 -1.80968324040748e-05
31 82 3.091418755566524e-06
46 82 8.512644578840388e-07
49 82 -1.677255924928479e-06
52 82 1.852518380475415e-07
70 82 1.345933580666603e-05
76 82 5.660743184049096e-06
82 82 5.555324125384852e-05
91 82 2.23676501956231e-05
94 82 5.443946884408281e-06
217 82 1.088954403386905e-05
226 82 8.555629338383777e-07
2 83 -4.51301662935719e-06
29 83 -1.80968324040748e-05
32 83 3.091418755566524e-06
47 83 8.512644578840388e-07
50 83 -1.677255924928479e-06
53 83 1.852518380475415e-07
71 83 1.345933580666603e-05
77 83 5.660743184049096e-06
