%%MatrixMarket matrix coordinate real general
1359 1359 35167
1 1 5.19403459845493e-06
4 1 4.687678002864068e-07
7 1 -3.765634944837759e-07
22 1 -3.650565770579542e-07
25 1 4.542334071351889e-07
28 1 3.007156931287235e-06
31 1 -2.460763947558116e-06
40 1 -1.625345866643387e-07
46 1 -7.337666172244698e-08
49 1 6.088811523496673e-07
52 1 -4.237127802668322e-07
55 1 -1.525384322234267e-07
70 1 -1.367874408955434e-05
76 1 -2.141317866850831e-06
79 1 -1.744530552870937e-06
82 1 -5.559731794455742e-06
85 1 -1.796292669976642e-06
91 1 -6.022414349823687e-06
94 1 -1.182718873144758e-05
2 2 5.19403459845493e-06
5 2 4.687678002864068e-07
8 2 -3.765634944837759e-07
23 2 -3.650565770579542e-07
26 2 4.542334071351889e-07
29 2 3.007156931287235e-06
32 2 -2.460763947558116e-06
41 2 -1.625345866643387e-07
47 2 -7.337666172244698e-08
50 2 6.088811523496673e-07
53 2 -4.237127802668322e-07
56 2 -1.525384322234267e-07
71 2 -1.367874408955434e-05
77 2 -2.141317866850831e-06
80 2 -1.744530552870937e-06
83 2 -5.559731794455742e-06
86 2 -1.796292669976642e-06
92 2 -6.022414349823687e-06
95 2 -1.182718873144758e-05
3 3 5.19403459845493e-06
6 3 4.687678002864068e-07
9 3 -3.765634944837759e-07
24 3 -3.650565770579542e-07
27 3 4.542334071351889e-07
30 3 3.007156931287235e-06
33 3 -2.460763947558116e-06
42 3 -1.625345866643387e-07
48 3 -7.337666172244698e-08
51 3 6.088811523496673e-07
54 3 -4.237127802668322e-07
57 3 -1.525384322234267e-07
72 3 -1.367874408955434e-05
78 3 -2.141317866850831e-06
81 3 -1.744530552870937e-06
84 3 -5.559731794455742e-06
87 3 -1.796292669976642e-06
93 3 -6.022414349823687e-06
96 3 -1.182718873144758e-05
1 4 4.687678002864068e-07
4 4 5.434752045752665e-06
7 4 -3.769653794068929e-07
10 4 4.977145642391208e-07
13 4 -3.997493782365995e-07
28 4 6.537826375632641e-07
31 4 -1.623182376662171e-07
34 4 3.238308581505765e-06
37 4  -8.466357176613e-08
40 4 -4.599674416031377e-07
43 4 -2.698018247327604e-06
64 4 -1.832358298356761e-07
85 4 -1.421482754176536e-05
91 4 -2.305635091627712e-06
94 4 -1.794785612506836e-06
100 4 -6.004155744514503e-06
103 4 -1.897425993521974e-06
109 4 -6.56576284351536e-06
112 4 -1.233630348578853e-05
2 5 4.687678002864068e-07
5 5 5.434752045752665e-06
8 5 -3.769653794068929e-07
11 5 4.977145642391208e-07
14 5 -3.997493782365995e-07
29 5 6.537826375632641e-07
32 5 -1.623182376662171e-07
35 5 3.238308581505765e-06
38 5  -8.466357176613e-08
41 5 -4.599674416031377e-07
44 5 -2.698018247327604e-06
65 5 -1.832358298356761e-07
86 5 -1.421482754176536e-05
92 5 -2.305635091627712e-06
95 5 -1.794785612506836e-06
101 5 -6.004155744514503e-06
104 5 -1.897425993521974e-06
110 5 -6.56576284351536e-06
113 5 -1.233630348578853e-05
3 6 4.687678002864068e-07
6 6 5.434752045752665e-06
9 6 -3.769653794068929e-07
12 6 4.977145642391208e-07
15 6 -3.997493782365995e-07
30 6 6.537826375632641e-07
33 6 -1.623182376662171e-07
36 6 3.238308581505765e-06
39 6  -8.466357176613e-08
42 6 -4.599674416031377e-07
45 6 -2.698018247327604e-06
66 6 -1.832358298356761e-07
87 6 -1.421482754176536e-05
93 6 -2.305635091627712e-06
96 6 -1.794785612506836e-06
102 6 -6.004155744514503e-06
105 6 -1.897425993521974e-06
111 6 -6.56576284351536e-06
114 6 -1.233630348578853e-05
1 7 -3.765634944837759e-07
4 7 -3.769653794068929e-07
7 7 3.315768546591169e-07
28 7 -1.795474483022654e-07
31 7 1.168654627570368e-07
40 7 1.172981607532794e-07
85 7 1.557271698018755e-06
91 7 5.668659091799291e-07
94 7 1.554257583079149e-06
2 8 -3.765634944837759e-07
5 8 -3.769653794068929e-07
8 8 3.315768546591169e-07
29 8 -1.795474483022654e-07
32 8 1.168654627570368e-07
41 8 1.172981607532794e-07
86 8 1.557271698018755e-06
92 8 5.668659091799291e-07
95 8 1.554257583079149e-06
3 9 -3.765634944837759e-07
6 9 -3.769653794068929e-07
9 9 3.315768546591169e-07
30 9 -1.795474483022654e-07
33 9 1.168654627570368e-07
42 9 1.172981607532794e-07
87 9 1.557271698018755e-06
93 9 5.668659091799291e-07
96 9 1.554257583079149e-06
4 10 4.977145642391208e-07
10 10 5.861430548037614e-06
13 10 -4.005604832058233e-07
16 10 5.463414642054966e-07
19 10 -4.388152325053422e-07
34 10 7.455570441254106e-07
43 10 -1.827721720239791e-07
58 10 3.646395515230051e-06
61 10 -1.096307391326419e-07
64 10 -5.355376994423968e-07
67 10 -3.137568439333415e-06
103 10 -1.518961344110692e-05
109 10 -2.644183972259474e-06
112 10 -1.894410416002608e-06
118 10 -2.207131596195254e-07
121 10 -6.831319017019425e-06
124 10 -2.06444222833811e-06
130 10 -7.519814412786454e-06
133 10 -1.318414993451972e-05
5 11 4.977145642391208e-07
11 11 5.861430548037614e-06
14 11 -4.005604832058233e-07
17 11 5.463414642054966e-07
20 11 -4.388152325053422e-07
35 11 7.455570441254106e-07
44 11 -1.827721720239791e-07
59 11 3.646395515230051e-06
62 11 -1.096307391326419e-07
65 11 -5.355376994423968e-07
68 11 -3.137568439333415e-06
104 11 -1.518961344110692e-05
110 11 -2.644183972259474e-06
113 11 -1.894410416002608e-06
119 11 -2.207131596195254e-07
122 11 -6.831319017019425e-06
125 11 -2.06444222833811e-06
131 11 -7.519814412786454e-06
134 11 -1.318414993451972e-05
6 12 4.977145642391208e-07
12 12 5.861430548037614e-06
15 12 -4.005604832058233e-07
18 12 5.463414642054966e-07
21 12 -4.388152325053422e-07
36 12 7.455570441254106e-07
45 12 -1.827721720239791e-07
60 12 3.646395515230051e-06
63 12 -1.096307391326419e-07
66 12 -5.355376994423968e-07
69 12 -3.137568439333415e-06
105 12 -1.518961344110692e-05
111 12 -2.644183972259474e-06
114 12 -1.894410416002608e-06
120 12 -2.207131596195254e-07
123 12 -6.831319017019425e-06
126 12 -2.06444222833811e-06
132 12 -7.519814412786454e-06
135 12 -1.318414993451972e-05
4 13 -3.997493782365995e-07
10 13 -4.005604832058233e-07
13 13 3.522514638119196e-07
34 13 -1.995002911714023e-07
43 13 1.315339213296264e-07
64 13 1.324612369530206e-07
103 13 1.647765618734157e-06
109 13 6.330110050611357e-07
112 13 1.641734463695424e-06
5 14 -3.997493782365995e-07
11 14 -4.005604832058233e-07
14 14 3.522514638119196e-07
35 14 -1.995002911714023e-07
44 14 1.315339213296264e-07
65 14 1.324612369530206e-07
104 14 1.647765618734157e-06
110 14 6.330110050611357e-07
113 14 1.641734463695424e-06
6 15 -3.997493782365995e-07
12 15 -4.005604832058233e-07
15 15 3.522514638119196e-07
36 15 -1.995002911714023e-07
45 15 1.315339213296264e-07
66 15 1.324612369530206e-07
105 15 1.647765618734157e-06
111 15 6.330110050611357e-07
114 15 1.641734463695424e-06
10 16 5.463414642054966e-07
16 16 6.556868412687819e-06
19 16 -4.40218144924841e-07
58 16 9.117495623564567e-07
67 16 -2.19832833844492e-07
118 16 -6.781493673464875e-07
124 16 -1.677133761687027e-05
130 16 -3.26367224651843e-06
133 16 -2.059298649724723e-06
139 16 4.311856796023756e-06
142 16 -1.626997979550391e-07
145 16 -3.917389977873589e-06
148 16 6.255207178406241e-07
151 16 -5.026539638508186e-07
154 16 -2.889621383325252e-07
157 16 -8.256377808614157e-06
160 16 -2.329335394797167e-06
166 16 -9.114433651569089e-06
169 16 -1.449361751097772e-05
11 17 5.463414642054966e-07
17 17 6.556868412687819e-06
20 17 -4.40218144924841e-07
59 17 9.117495623564567e-07
68 17 -2.19832833844492e-07
119 17 -6.781493673464875e-07
125 17 -1.677133761687027e-05
131 17 -3.26367224651843e-06
134 17 -2.059298649724723e-06
140 17 4.311856796023756e-06
143 17 -1.626997979550391e-07
146 17 -3.917389977873589e-06
149 17 6.255207178406241e-07
152 17 -5.026539638508186e-07
155 17 -2.889621383325252e-07
158 17 -8.256377808614157e-06
161 17 -2.329335394797167e-06
167 17 -9.114433651569089e-06
170 17 -1.449361751097772e-05
12 18 5.463414642054966e-07
18 18 6.556868412687819e-06
21 18 -4.40218144924841e-07
60 18 9.117495623564567e-07
69 18 -2.19832833844492e-07
120 18 -6.781493673464875e-07
126 18 -1.677133761687027e-05
132 18 -3.26367224651843e-06
135 18 -2.059298649724723e-06
141 18 4.311856796023756e-06
144 18 -1.626997979550391e-07
147 18 -3.917389977873589e-06
150 18 6.255207178406241e-07
153 18 -5.026539638508186e-07
156 18 -2.889621383325252e-07
159 18 -8.256377808614157e-06
162 18 -2.329335394797167e-06
168 18 -9.114433651569089e-06
171 18 -1.449361751097772e-05
10 19 -4.388152325053422e-07
16 19 -4.40218144924841e-07
19 19 3.870920898221154e-07
58 19 -2.345229121208685e-07
67 19 1.581921836626034e-07
118 19 1.599528352126697e-07
124 19 1.797692981918991e-06
130 19 7.505193082681175e-07
133 19 1.78740582469222e-06
11 20 -4.388152325053422e-07
17 20 -4.40218144924841e-07
20 20 3.870920898221154e-07
59 20 -2.345229121208685e-07
68 20 1.581921836626034e-07
119 20 1.599528352126697e-07
125 20 1.797692981918991e-06
131 20 7.505193082681175e-07
134 20 1.78740582469222e-06
12 21 -4.388152325053422e-07
18 21 -4.40218144924841e-07
21 21 3.870920898221154e-07
60 21 -2.345229121208685e-07
69 21 1.581921836626034e-07
120 21 1.599528352126697e-07
126 21 1.797692981918991e-06
132 21 7.505193082681175e-07
135 21 1.78740582469222e-06
1 22 -3.650565770579542e-07
22 22 3.211938839840174e-07
25 22 -3.649805614611334e-07
49 22 -1.698059081035989e-07
52 22 1.099694311508615e-07
55 22 1.098901555245602e-07
70 22 1.511027940832005e-06
76 22 5.347985251294909e-07
79 22 1.510454834620831e-06
2 23 -3.650565770579542e-07
23 23 3.211938839840174e-07
26 23 -3.649805614611334e-07
50 23 -1.698059081035989e-07
53 23 1.099694311508615e-07
56 23 1.098901555245602e-07
71 23 1.511027940832005e-06
77 23 5.347985251294909e-07
80 23 1.510454834620831e-06
3 24 -3.650565770579542e-07
24 24 3.211938839840174e-07
27 24 -3.649805614611334e-07
51 24 -1.698059081035989e-07
54 24 1.099694311508615e-07
57 24 1.098901555245602e-07
72 24 1.511027940832005e-06
78 24 5.347985251294909e-07
81 24 1.510454834620831e-06
1 25 4.542334071351889e-07
22 25 -3.649805614611334e-07
25 25 4.05650619229971e-06
49 25 2.667732934238583e-06
52 25 -1.525780700365772e-07
55 25 -2.195776086545759e-06
70 25 -1.744817105976524e-06
76 25 -5.776885314331961e-06
79 25 -1.159112411664991e-05
178 25 -4.522852182241049e-06
181 25 -8.849340309085715e-06
2 26 4.542334071351889e-07
23 26 -3.649805614611334e-07
26 26 4.05650619229971e-06
50 26 2.667732934238583e-06
53 26 -1.525780700365772e-07
56 26 -2.195776086545759e-06
71 26 -1.744817105976524e-06
77 26 -5.776885314331961e-06
80 26 -1.159112411664991e-05
179 26 -4.522852182241049e-06
182 26 -8.849340309085715e-06
3 27 4.542334071351889e-07
24 27 -3.649805614611334e-07
27 27 4.05650619229971e-06
51 27 2.667732934238583e-06
54 27 -1.525780700365772e-07
57 27 -2.195776086545759e-06
72 27 -1.744817105976524e-06
78 27 -5.776885314331961e-06
81 27 -1.159112411664991e-05
180 27 -4.522852182241049e-06
183 27 -8.849340309085715e-06
1 28 3.007156931287235e-06
4 28 6.537826375632641e-07
7 28 -1.795474483022654e-07
28 28 1.441668329340501e-05
31 28 -2.17445972881495e-06
34 28 8.273664134283863e-07
37 28 -4.321685488499541e-07
40 28 -3.884945422135384e-07
43 28 -9.351051674965653e-08
46 28 -3.382854320690117e-07
49 28 6.682053771758181e-07
52 28 -8.14282123829744e-08
70 28 -6.283824446344739e-06
76 28 -2.168158048706851e-06
82 28 -2.13618021795374e-05
85 28 -2.573877985142347e-06
91 28 -3.162014237713799e-05
94 28 -6.784613754796571e-06
100 28 -2.594072079626979e-06
187 28 6.012193199101675e-09
190 28 -8.160591472160493e-10
199 28 -2.513371458870535e-11
205 28 -2.780376041353204e-13
208 28 2.38479336997683e-11
211 28 -1.729927797280453e-12
214 28 -4.837314183493224e-13
217 28 -1.136016108894631e-05
223 28 -9.415115380851274e-11
226 28 -4.622440190557884e-07
229 28 -7.172031937786165e-09
235 28 -6.890571167363857e-07
241 28 -1.667307459016321e-08
244 28 -5.098025731271754e-06
2 29 3.007156931287235e-06
5 29 6.537826375632641e-07
8 29 -1.795474483022654e-07
29 29 1.441668329340501e-05
32 29 -2.17445972881495e-06
35 29 8.273664134283863e-07
38 29 -4.321685488499541e-07
41 29 -3.884945422135384e-07
44 29 -9.351051674965653e-08
47 29 -3.382854320690117e-07
50 29 6.682053771758181e-07
53 29 -8.14282123829744e-08
71 29 -6.283824446344739e-06
77 29 -2.168158048706851e-06
83 29 -2.13618021795374e-05
86 29 -2.573877985142347e-06
92 29 -3.162014237713799e-05
95 29 -6.784613754796571e-06
101 29 -2.594072079626979e-06
188 29 6.012193199101675e-09
191 29 -8.160591472160493e-10
200 29 -2.513371458870535e-11
206 29 -2.780376041353204e-13
209 29 2.38479336997683e-11
212 29 -1.729927797280453e-12
215 29 -4.837314183493224e-13
218 29 -1.136016108894631e-05
224 29 -9.415115380851274e-11
227 29 -4.622440190557884e-07
230 29 -7.172031937786165e-09
236 29 -6.890571167363857e-07
242 29 -1.667307459016321e-08
245 29 -5.098025731271754e-06
3 30 3.007156931287235e-06
6 30 6.537826375632641e-07
9 30 -1.795474483022654e-07
30 30 1.441668329340501e-05
33 30 -2.17445972881495e-06
36 30 8.273664134283863e-07
39 30 -4.321685488499541e-07
42 30 -3.884945422135384e-07
45 30 -9.351051674965653e-08
48 30 -3.382854320690117e-07
51 30 6.682053771758181e-07
54 30 -8.14282123829744e-08
72 30 -6.283824446344739e-06
78 30 -2.168158048706851e-06
84 30 -2.13618021795374e-05
87 30 -2.573877985142347e-06
93 30 -3.162014237713799e-05
96 30 -6.784613754796571e-06
102 30 -2.594072079626979e-06
189 30 6.012193199101675e-09
192 30 -8.160591472160493e-10
201 30 -2.513371458870535e-11
207 30 -2.780376041353204e-13
210 30 2.38479336997683e-11
213 30 -1.729927797280453e-12
216 30 -4.837314183493224e-13
219 30 -1.136016108894631e-05
225 30 -9.415115380851274e-11
228 30 -4.622440190557884e-07
231 30 -7.172031937786165e-09
237 30 -6.890571167363857e-07
243 30 -1.667307459016321e-08
246 30 -5.098025731271754e-06
1 31 -2.460763947558116e-06
4 31 -1.623182376662171e-07
7 31 1.168654627570368e-07
28 31 -2.17445972881495e-06
31 31 1.867095719098821e-06
40 31 8.283973948118302e-08
46 31 3.66269476319262e-08
49 31 -8.157619245354289e-08
52 31 5.273004895298112e-08
70 31 5.645308696405046e-06
76 31 2.732787607200534e-07
82 31 4.197123392627051e-06
85 31 5.668659091799291e-07
91 31 4.532716608040586e-06
94 31 6.05711541798639e-06
2 32 -2.460763947558116e-06
5 32 -1.623182376662171e-07
8 32 1.168654627570368e-07
29 32 -2.17445972881495e-06
32 32 1.867095719098821e-06
41 32 8.283973948118302e-08
47 32 3.66269476319262e-08
50 32 -8.157619245354289e-08
53 32 5.273004895298112e-08
71 32 5.645308696405046e-06
77 32 2.732787607200534e-07
83 32 4.197123392627051e-06
86 32 5.668659091799291e-07
92 32 4.532716608040586e-06
95 32 6.05711541798639e-06
3 33 -2.460763947558116e-06
6 33 -1.623182376662171e-07
9 33 1.168654627570368e-07
30 33 -2.17445972881495e-06
33 33 1.867095719098821e-06
42 33 8.283973948118302e-08
48 33 3.66269476319262e-08
51 33 -8.157619245354289e-08
54 33 5.273004895298112e-08
72 33 5.645308696405046e-06
78 33 2.732787607200534e-07
84 33 4.197123392627051e-06
87 33 5.668659091799291e-07
93 33 4.532716608040586e-06
96 33 6.05711541798639e-06
4 34 3.238308581505765e-06
10 34 7.455570441254106e-07
13 34 -1.995002911714023e-07
28 34 8.273664134283863e-07
34 34 1.794556033357268e-05
37 34 -4.381334594839268e-07
40 34 -9.317135373103678e-08
43 34 -2.440665696436377e-06
58 34 1.229416143952543e-06
61 34 -6.971141432635194e-07
64 34 -4.68006347367639e-07
67 34 -1.19480103017893e-07
85 34 -6.699706384943142e-06
91 34 -2.579662909441675e-06
100 34 -2.411543651669698e-05
103 34 -2.907890586028141e-06
109 34 -3.8053591507481e-05
112 34 -7.282940862701626e-06
121 34 -3.545822321204995e-06
187 34 6.500630686090755e-10
190 34 -2.503328218763231e-11
193 34 6.687077738124148e-08
196 34 -1.645225119822066e-11
199 34 -9.368125390734365e-11
202 34 -1.676802905946684e-08
235 34 -1.637140273183261e-05
241 34 -2.534419656683836e-09
244 34 -6.844766500542873e-07
256 34 -8.511383549953672e-10
259 34 -8.519730724028727e-08
262 34 -1.381848731430987e-06
268 34 -1.78841717194002e-07
271 34 -9.441794451796039e-06
5 35 3.238308581505765e-06
11 35 7.455570441254106e-07
14 35 -1.995002911714023e-07
29 35 8.273664134283863e-07
35 35 1.794556033357268e-05
38 35 -4.381334594839268e-07
41 35 -9.317135373103678e-08
44 35 -2.440665696436377e-06
59 35 1.229416143952543e-06
62 35 -6.971141432635194e-07
65 35 -4.68006347367639e-07
68 35 -1.19480103017893e-07
86 35 -6.699706384943142e-06
92 35 -2.579662909441675e-06
101 35 -2.411543651669698e-05
104 35 -2.907890586028141e-06
110 35 -3.8053591507481e-05
113 35 -7.282940862701626e-06
122 35 -3.545822321204995e-06
188 35 6.500630686090755e-10
191 35 -2.503328218763231e-11
194 35 6.687077738124148e-08
197 35 -1.645225119822066e-11
200 35 -9.368125390734365e-11
203 35 -1.676802905946684e-08
236 35 -1.637140273183261e-05
242 35 -2.534419656683836e-09
245 35 -6.844766500542873e-07
257 35 -8.511383549953672e-10
260 35 -8.519730724028727e-08
263 35 -1.381848731430987e-06
269 35 -1.78841717194002e-07
272 35 -9.441794451796039e-06
6 36 3.238308581505765e-06
12 36 7.455570441254106e-07
15 36 -1.995002911714023e-07
30 36 8.273664134283863e-07
36 36 1.794556033357268e-05
39 36 -4.381334594839269e-07
42 36 -9.317135373103678e-08
45 36 -2.440665696436377e-06
60 36 1.229416143952543e-06
63 36 -6.971141432635194e-07
66 36 -4.68006347367639e-07
69 36 -1.19480103017893e-07
87 36 -6.699706384943142e-06
93 36 -2.579662909441675e-06
102 36 -2.411543651669698e-05
105 36 -2.907890586028141e-06
111 36 -3.8053591507481e-05
114 36 -7.282940862701626e-06
123 36 -3.545822321204995e-06
189 36 6.500630686090755e-10
192 36 -2.503328218763231e-11
195 36 6.687077738124148e-08
198 36 -1.645225119822066e-11
201 36 -9.368125390734365e-11
204 36 -1.676802905946684e-08
237 36 -1.637140273183261e-05
243 36 -2.534419656683836e-09
246 36 -6.844766500542873e-07
258 36 -8.511383549953672e-10
261 36 -8.519730724028727e-08
264 36 -1.381848731430987e-06
270 36 -1.78841717194002e-07
273 36 -9.441794451796039e-06
4 37  -8.466357176613e-08
28 37 -4.321685488499541e-07
34 37 -4.381334594839268e-07
37 37 2.29603232247567e-07
40 37 4.32812621934803e-08
43 37 4.395958823071991e-08
85 37 3.123885888008535e-07
91 37 1.478596692782656e-06
100 37 1.507415033153282e-06
187 37 -2.548600234506451e-11
190 37 2.990556428529103e-12
199 37 3.191421230675165e-12
235 37 3.236245900906806e-07
241 37 9.804801263686466e-11
244 37 3.144636567264868e-07
5 38  -8.466357176613e-08
29 38 -4.321685488499541e-07
35 38 -4.381334594839268e-07
38 38 2.29603232247567e-07
41 38 4.32812621934803e-08
44 38 4.395958823071991e-08
86 38 3.123885888008535e-07
92 38 1.478596692782656e-06
101 38 1.507415033153282e-06
188 38 -2.548600234506451e-11
191 38 2.990556428529103e-12
200 38 3.191421230675165e-12
236 38 3.236245900906806e-07
242 38 9.804801263686466e-11
245 38 3.144636567264868e-07
6 39  -8.466357176613e-08
30 39 -4.321685488499541e-07
36 39 -4.381334594839268e-07
39 39 2.29603232247567e-07
42 39 4.32812621934803e-08
45 39 4.395958823071991e-08
87 39 3.123885888008535e-07
93 39 1.478596692782656e-06
102 39 1.507415033153282e-06
189 39 -2.548600234506451e-11
192 39 2.990556428529103e-12
201 39 3.191421230675165e-12
237 39 3.236245900906806e-07
243 39 9.804801263686466e-11
246 39 3.144636567264868e-07
1 40 -1.625345866643387e-07
4 40 -4.599674416031377e-07
7 40 1.172981607532794e-07
28 40 -3.884945422135384e-07
31 40 8.283973948118302e-08
34 40 -9.317135373103678e-08
37 40 4.32812621934803e-08
40 40 2.868745028576256e-07
43 40 6.097515216053323e-08
85 40 1.982261454601966e-06
91 40 1.445775667572693e-06
94 40 5.668659091799291e-07
100 40 3.123885888008535e-07
2 41 -1.625345866643387e-07
5 41 -4.599674416031377e-07
8 41 1.172981607532794e-07
29 41 -3.884945422135384e-07
32 41 8.283973948118302e-08
35 41 -9.317135373103678e-08
38 41 4.32812621934803e-08
41 41 2.868745028576256e-07
44 41 6.097515216053323e-08
86 41 1.982261454601966e-06
92 41 1.445775667572693e-06
95 41 5.668659091799291e-07
101 41 3.123885888008535e-07
3 42 -1.625345866643387e-07
6 42 -4.599674416031377e-07
9 42 1.172981607532794e-07
30 42 -3.884945422135384e-07
33 42 8.283973948118302e-08
36 42 -9.317135373103678e-08
39 42 4.32812621934803e-08
42 42 2.868745028576256e-07
45 42 6.097515216053323e-08
87 42 1.982261454601966e-06
93 42 1.445775667572693e-06
96 42 5.668659091799291e-07
102 42 3.123885888008535e-07
4 43 -2.698018247327604e-06
10 43 -1.827721720239791e-07
13 43 1.315339213296264e-07
28 43 -9.351051674965653e-08
34 43 -2.440665696436377e-06
37 43 4.395958823071991e-08
40 43 6.097515216053323e-08
43 43 2.143957557628851e-06
64 43 9.900499865817436e-08
85 43 6.111414404502435e-06
91 43 3.123885888008535e-07
100 43 4.720313123645179e-06
103 43 6.330110050611358e-07
109 43 5.18325750421117e-06
112 43 6.617613542583712e-06
5 44 -2.698018247327604e-06
11 44 -1.827721720239791e-07
14 44 1.315339213296264e-07
29 44 -9.351051674965653e-08
35 44 -2.440665696436377e-06
38 44 4.395958823071991e-08
41 44 6.097515216053323e-08
44 44 2.143957557628851e-06
65 44 9.900499865817436e-08
86 44 6.111414404502435e-06
92 44 3.123885888008535e-07
101 44 4.720313123645179e-06
104 44 6.330110050611358e-07
110 44 5.18325750421117e-06
113 44 6.617613542583712e-06
6 45 -2.698018247327604e-06
12 45 -1.827721720239791e-07
15 45 1.315339213296264e-07
30 45 -9.351051674965653e-08
36 45 -2.440665696436377e-06
39 45 4.395958823071991e-08
42 45 6.097515216053323e-08
45 45 2.143957557628851e-06
66 45 9.900499865817436e-08
87 45 6.111414404502435e-06
93 45 3.123885888008535e-07
102 45 4.720313123645179e-06
105 45 6.330110050611358e-07
111 45 5.18325750421117e-06
114 45 6.617613542583712e-06
1 46 -7.337666172244698e-08
28 46 -3.382854320690117e-07
31 46 3.66269476319262e-08
46 46 1.696789417060993e-07
49 46 -3.360820043788784e-07
52 46 3.633098749078931e-08
70 46 2.732787607200534e-07
76 46 1.186207563184176e-06
82 46 1.197154904363043e-06
208 46 -4.881362787762859e-13
211 46 3.055784372103401e-14
214 46 2.957372551963022e-14
217 46 2.068849281001182e-07
223 46 1.914161668731586e-12
226 46 2.042148029946103e-07
2 47 -7.337666172244698e-08
29 47 -3.382854320690117e-07
32 47 3.66269476319262e-08
47 47 1.696789417060993e-07
50 47 -3.360820043788784e-07
53 47 3.633098749078931e-08
71 47 2.732787607200534e-07
77 47 1.186207563184176e-06
83 47 1.197154904363043e-06
209 47 -4.881362787762859e-13
212 47 3.055784372103401e-14
215 47 2.957372551963022e-14
218 47 2.068849281001182e-07
224 47 1.914161668731586e-12
227 47 2.042148029946103e-07
3 48 -7.337666172244698e-08
30 48 -3.382854320690117e-07
33 48 3.66269476319262e-08
48 48 1.696789417060993e-07
51 48 -3.360820043788784e-07
54 48 3.633098749078931e-08
72 48 2.732787607200534e-07
78 48 1.186207563184176e-06
84 48 1.197154904363043e-06
210 48 -4.881362787762859e-13
213 48 3.055784372103401e-14
216 48 2.957372551963022e-14
219 48 2.068849281001182e-07
225 48 1.914161668731586e-12
228 48 2.042148029946103e-07
1 49 6.088811523496673e-07
22 49 -1.698059081035989e-07
25 49 2.667732934238583e-06
28 49 6.682053771758181e-07
31 49 -8.157619245354289e-08
46 49 -3.360820043788784e-07
49 49 1.202918824205773e-05
52 49 -3.512757167149326e-07
55 49 -1.926987444951014e-06
70 49 -2.407956607974011e-06
76 49 -2.870269336086861e-05
79 49 -6.55561355743366e-06
82 49 -2.173631719296289e-06
178 49 -1.680280671325629e-05
181 49 -5.147007543118756e-06
208 49 5.402307541873199e-10
211 49 -4.842234774500243e-13
214 49 -3.840535150068342e-11
217 49 -4.635790816085421e-07
223 49 -1.363599942114396e-09
226 49 -3.533607709123856e-06
286 49 -7.870084223291751e-10
289 49 -8.902036584703453e-06
2 50 6.088811523496673e-07
23 50 -1.698059081035989e-07
26 50 2.667732934238583e-06
29 50 6.682053771758181e-07
32 50 -8.157619245354289e-08
47 50 -3.360820043788784e-07
50 50 1.202918824205773e-05
53 50 -3.512757167149326e-07
56 50 -1.926987444951014e-06
71 50 -2.407956607974011e-06
77 50 -2.870269336086861e-05
80 50 -6.55561355743366e-06
83 50 -2.173631719296289e-06
179 50 -1.680280671325629e-05
182 50 -5.147007543118756e-06
209 50 5.402307541873199e-10
212 50 -4.842234774500243e-13
215 50 -3.840535150068342e-11
218 50 -4.635790816085421e-07
224 50 -1.363599942114396e-09
227 50 -3.533607709123856e-06
287 50 -7.870084223291751e-10
290 50 -8.902036584703453e-06
3 51 6.088811523496673e-07
24 51 -1.698059081035989e-07
27 51 2.667732934238583e-06
30 51 6.682053771758181e-07
33 51 -8.157619245354289e-08
48 51 -3.360820043788784e-07
51 51 1.202918824205773e-05
54 51 -3.512757167149326e-07
57 51 -1.926987444951014e-06
72 51 -2.407956607974011e-06
78 51 -2.870269336086861e-05
81 51 -6.55561355743366e-06
84 51 -2.173631719296289e-06
180 51 -1.680280671325629e-05
183 51 -5.147007543118756e-06
210 51 5.402307541873199e-10
213 51 -4.842234774500243e-13
216 51 -3.840535150068342e-11
219 51 -4.635790816085421e-07
225 51 -1.363599942114396e-09
228 51 -3.533607709123856e-06
288 51 -7.870084223291751e-10
291 51 -8.902036584703453e-06
1 52 -4.237127802668322e-07
22 52 1.099694311508615e-07
25 52 -1.525780700365772e-07
28 52 -8.14282123829744e-08
31 52 5.273004895298112e-08
46 52 3.633098749078931e-08
49 52 -3.512757167149326e-07
52 52 2.557126414040052e-07
55 52 7.543447939051697e-08
70 52 1.834905712124652e-06
76 52 1.301628229878289e-06
79 52 5.347985251294909e-07
82 52 2.732787607200535e-07
2 53 -4.237127802668322e-07
23 53 1.099694311508615e-07
26 53 -1.525780700365772e-07
29 53 -8.14282123829744e-08
32 53 5.273004895298112e-08
47 53 3.633098749078931e-08
50 53 -3.512757167149326e-07
53 53 2.557126414040052e-07
56 53 7.543447939051697e-08
71 53 1.834905712124652e-06
77 53 1.301628229878289e-06
80 53 5.347985251294909e-07
83 53 2.732787607200535e-07
3 54 -4.237127802668322e-07
24 54 1.099694311508615e-07
27 54 -1.525780700365772e-07
30 54 -8.14282123829744e-08
33 54 5.273004895298112e-08
48 54 3.633098749078931e-08
51 54 -3.512757167149326e-07
54 54 2.557126414040052e-07
57 54 7.543447939051697e-08
72 54 1.834905712124652e-06
78 54 1.301628229878289e-06
81 54 5.347985251294909e-07
84 54 2.732787607200535e-07
1 55 -1.525384322234267e-07
22 55 1.098901555245602e-07
25 55 -2.195776086545759e-06
49 55 -1.926987444951014e-06
52 55 7.543447939051697e-08
55 55 1.656933928008845e-06
70 55 5.347985251294908e-07
76 55 4.251285729879426e-06
79 55 5.808742216082849e-06
178 55 3.481574513034075e-06
181 55 4.729885234789478e-06
2 56 -1.525384322234267e-07
23 56 1.098901555245602e-07
26 56 -2.195776086545759e-06
50 56 -1.926987444951014e-06
53 56 7.543447939051697e-08
56 56 1.656933928008845e-06
71 56 5.347985251294908e-07
77 56 4.251285729879426e-06
80 56 5.808742216082849e-06
179 56 3.481574513034075e-06
182 56 4.729885234789478e-06
3 57 -1.525384322234267e-07
24 57 1.098901555245602e-07
27 57 -2.195776086545759e-06
51 57 -1.926987444951014e-06
54 57 7.543447939051697e-08
57 57 1.656933928008845e-06
72 57 5.347985251294908e-07
78 57 4.251285729879426e-06
81 57 5.808742216082849e-06
180 57 3.481574513034075e-06
183 57 4.729885234789478e-06
10 58 3.646395515230051e-06
16 58 9.117495623564567e-07
19 58 -2.345229121208685e-07
34 58 1.229416143952543e-06
58 58 2.454184843314046e-05
61 58 -7.132287672924456e-07
64 58 -1.187281766253528e-07
67 58 -2.93747575490373e-06
103 58 -7.450901560418199e-06
109 58 -3.509359950714208e-06
118 58 -6.220136080220422e-07
121 58 -2.914265723935166e-05
124 58 -3.499190304812696e-06
130 58 -4.893028296874688e-05
133 58 -8.125046658110161e-06
139 58 2.191321965170625e-06
142 58 -1.466509653762007e-06
145 58 -1.733536312110899e-07
157 58 -5.523298261103034e-06
193 58 1.222655133348639e-08
202 58  -8.416752419105e-10
256 58 -3.288752505296233e-09
262 58 -2.71461373516267e-05
268 58 -4.668922536450137e-08
271 58 -1.363573536906342e-06
301 58 4.739573776057449e-07
304 58 -6.638337412303652e-10
307 58 -2.020406941125288e-07
310 58 -1.540678444608576e-08
313 58 -6.590041870148512e-07
316 58 -3.41241052403464e-06
322 58 -1.21036224481443e-06
325 58 -1.930527182258552e-05
11 59 3.646395515230051e-06
17 59 9.117495623564567e-07
20 59 -2.345229121208685e-07
35 59 1.229416143952543e-06
59 59 2.454184843314046e-05
62 59 -7.132287672924456e-07
65 59 -1.187281766253528e-07
68 59 -2.93747575490373e-06
104 59 -7.450901560418199e-06
110 59 -3.509359950714208e-06
119 59 -6.220136080220422e-07
122 59 -2.914265723935166e-05
125 59 -3.499190304812696e-06
131 59 -4.893028296874688e-05
134 59 -8.125046658110161e-06
140 59 2.191321965170625e-06
143 59 -1.466509653762007e-06
146 59 -1.733536312110899e-07
158 59 -5.523298261103034e-06
194 59 1.222655133348639e-08
203 59  -8.416752419105e-10
257 59 -3.288752505296233e-09
263 59 -2.71461373516267e-05
269 59 -4.668922536450137e-08
272 59 -1.363573536906342e-06
302 59 4.739573776057449e-07
305 59 -6.638337412303652e-10
308 59 -2.020406941125288e-07
311 59 -1.540678444608576e-08
314 59 -6.590041870148512e-07
317 59 -3.41241052403464e-06
323 59 -1.21036224481443e-06
326 59 -1.930527182258552e-05
12 60 3.646395515230051e-06
18 60 9.117495623564567e-07
21 60 -2.345229121208685e-07
36 60 1.229416143952543e-06
60 60 2.454184843314046e-05
63 60 -7.132287672924456e-07
66 60 -1.187281766253528e-07
69 60 -2.93747575490373e-06
105 60 -7.450901560418199e-06
111 60 -3.509359950714208e-06
120 60 -6.220136080220422e-07
123 60 -2.914265723935166e-05
126 60 -3.499190304812696e-06
132 60 -4.893028296874688e-05
135 60 -8.125046658110161e-06
141 60 2.191321965170625e-06
144 60 -1.466509653762007e-06
147 60 -1.733536312110899e-07
159 60 -5.523298261103034e-06
195 60 1.222655133348639e-08
204 60  -8.416752419105e-10
258 60 -3.288752505296233e-09
264 60 -2.71461373516267e-05
270 60 -4.668922536450137e-08
273 60 -1.363573536906342e-06
303 60 4.739573776057449e-07
306 60 -6.638337412303652e-10
309 60 -2.020406941125288e-07
312 60 -1.540678444608576e-08
315 60 -6.590041870148512e-07
318 60 -3.41241052403464e-06
324 60 -1.21036224481443e-06
327 60 -1.930527182258552e-05
10 61 -1.096307391326419e-07
34 61 -6.971141432635194e-07
58 61 -7.132287672924456e-07
61 61 4.085948316564868e-07
64 61 5.949818789336217e-08
67 61 6.100204067844274e-08
103 61 3.972196436226271e-07
109 61 2.210390983465086e-06
121 61 2.283315724446655e-06
193 61 -8.688609612309908e-10
202 61 1.865960222339278e-10
256 61 2.055222484036592e-10
262 61 7.368379701358194e-07
268 61 3.234476384049057e-09
271 61 7.002875810865348e-07
11 62 -1.096307391326419e-07
35 62 -6.971141432635194e-07
59 62 -7.132287672924456e-07
62 62 4.085948316564868e-07
65 62 5.949818789336217e-08
68 62 6.100204067844274e-08
104 62 3.972196436226271e-07
110 62 2.210390983465086e-06
122 62 2.283315724446655e-06
194 62 -8.688609612309908e-10
203 62 1.865960222339278e-10
257 62 2.055222484036592e-10
263 62 7.368379701358194e-07
269 62 3.234476384049057e-09
272 62 7.002875810865348e-07
12 63 -1.096307391326419e-07
36 63 -6.971141432635194e-07
60 63 -7.132287672924456e-07
63 63 4.085948316564868e-07
66 63 5.949818789336217e-08
69 63 6.100204067844274e-08
105 63 3.972196436226271e-07
111 63 2.210390983465086e-06
123 63 2.283315724446655e-06
195 63 -8.688609612309908e-10
204 63 1.865960222339278e-10
258 63 2.055222484036592e-10
264 63 7.368379701358194e-07
270 63 3.234476384049057e-09
273 63 7.002875810865348e-07
4 64 -1.832358298356761e-07
10 64 -5.355376994423968e-07
13 64 1.324612369530206e-07
34 64 -4.68006347367639e-07
43 64 9.900499865817436e-08
58 64 -1.187281766253528e-07
61 64 5.949818789336217e-08
64 64 3.550642286704031e-07
67 64 7.919691566386449e-08
103 64 2.284715548434788e-06
109 64 1.757302320897446e-06
112 64 6.330110050611358e-07
121 64 3.972196436226272e-07
5 65 -1.832358298356761e-07
11 65 -5.355376994423968e-07
14 65 1.324612369530206e-07
35 65 -4.68006347367639e-07
44 65 9.900499865817436e-08
59 65 -1.187281766253528e-07
62 65 5.949818789336217e-08
65 65 3.550642286704031e-07
68 65 7.919691566386449e-08
104 65 2.284715548434788e-06
110 65 1.757302320897446e-06
113 65 6.330110050611358e-07
122 65 3.972196436226272e-07
6 66 -1.832358298356761e-07
12 66 -5.355376994423968e-07
15 66 1.324612369530206e-07
36 66 -4.68006347367639e-07
45 66 9.900499865817436e-08
60 66 -1.187281766253528e-07
63 66 5.949818789336217e-08
66 66 3.550642286704031e-07
69 66 7.919691566386449e-08
105 66 2.284715548434788e-06
111 66 1.757302320897446e-06
114 66 6.330110050611358e-07
123 66 3.972196436226272e-07
10 67 -3.137568439333415e-06
16 67 -2.19832833844492e-07
19 67 1.581921836626034e-07
34 67 -1.19480103017893e-07
58 67 -2.93747575490373e-06
61 67 6.100204067844274e-08
64 67 7.919691566386449e-08
67 67 2.68912516131972e-06
103 67 6.984256531616277e-06
109 67 3.972196436226272e-07
118 67 1.305726786599171e-07
121 67 5.745091444818672e-06
124 67 7.505193082681174e-07
130 67 6.405212759592995e-06
133 67 7.615677250240359e-06
11 68 -3.137568439333415e-06
17 68 -2.19832833844492e-07
20 68 1.581921836626034e-07
35 68 -1.19480103017893e-07
59 68 -2.93747575490373e-06
62 68 6.100204067844274e-08
65 68 7.919691566386449e-08
68 68 2.68912516131972e-06
104 68 6.984256531616277e-06
110 68 3.972196436226272e-07
119 68 1.305726786599171e-07
122 68 5.745091444818672e-06
125 68 7.505193082681174e-07
131 68 6.405212759592995e-06
134 68 7.615677250240359e-06
12 69 -3.137568439333415e-06
18 69 -2.19832833844492e-07
21 69 1.581921836626034e-07
36 69 -1.19480103017893e-07
60 69 -2.93747575490373e-06
63 69 6.100204067844274e-08
66 69 7.919691566386449e-08
69 69 2.68912516131972e-06
105 69 6.984256531616277e-06
111 69 3.972196436226272e-07
120 69 1.305726786599171e-07
123 69 5.745091444818672e-06
126 69 7.505193082681174e-07
132 69 6.405212759592995e-06
135 69 7.615677250240359e-06
1 70 -1.367874408955434e-05
22 70 1.511027940832005e-06
25 70 -1.744817105976524e-06
28 70 -6.283824446344739e-06
31 70 5.645308696405046e-06
46 70 2.732787607200534e-07
49 70 -2.407956607974011e-06
52 70 1.834905712124652e-06
55 70 5.347985251294908e-07
70 70 5.615929617452355e-05
76 70 8.290471663800133e-06
79 70 6.443896792565431e-06
82 70 1.676334759696546e-05
91 70 6.650486123915401e-06
94 70 1.690011520092342e-05
2 71 -1.367874408955434e-05
23 71 1.511027940832005e-06
26 71 -1.744817105976524e-06
29 71 -6.283824446344739e-06
32 71 5.645308696405046e-06
47 71 2.732787607200534e-07
50 71 -2.407956607974011e-06
53 71 1.834905712124652e-06
56 71 5.347985251294908e-07
71 71 5.615929617452355e-05
77 71 8.290471663800133e-06
80 71 6.443896792565431e-06
83 71 1.676334759696546e-05
92 71 6.650486123915401e-06
95 71 1.690011520092342e-05
3 72 -1.367874408955434e-05
24 72 1.511027940832005e-06
27 72 -1.744817105976524e-06
30 72 -6.283824446344739e-06
33 72 5.645308696405046e-06
48 72 2.732787607200534e-07
51 72 -2.407956607974011e-06
54 72 1.834905712124652e-06
57 72 5.347985251294908e-07
72 72 5.615929617452355e-05
78 72 8.290471663800133e-06
81 72 6.443896792565431e-06
84 72 1.676334759696546e-05
93 72 6.650486123915401e-06
96 72 1.690011520092342e-05
73 73   0.1794724931998515
74 73 -0.01368112257515138
88 73 0.001207231368217228
89 73 0.0003036435079105507
97 73 -0.03739326586668201
98 73  0.01231752212840716
175 73 -0.01556431667354292
176 73 0.0009299955500461326
184 73 0.001394198461816383
185 73 0.0001058643839702963
220 73  0.03133972377493221
221 73 -0.005232157160214876
222 73 -0.009812516457673443
232 73  -0.1269178101995072
233 73  0.01845619314286655
234 73  0.01232483841697343
250 73  0.02167200684442652
251 73 -0.01375491887892538
252 73 -0.006618738136840365
283 73  0.03216041798079056
284 73 -0.0002151077351853813
285 73 -0.01356792854229628
293 73 0.005666293851652453
294 73 -0.003833901466768558
295 73 -0.03878641878231794
296 73 -0.002957949446521981
297 73  0.00202795389647585
298 73 0.006626000801527377
299 73 -0.00193825676885419
73 74 -0.01368112257515138
74 74   0.1856380663515353
75 74 -0.02088044211824621
88 74 0.0002024290052737002
89 74 0.004225309788760331
90 74 -0.001409660373490929
97 74   0.0118887581616272
98 74  -0.0639416787525556
99 74  0.02013836667350678
175 74 0.001394993325069207
176 74 -0.05447510835740028
177 74 0.004414841458704841
184 74 0.0001587965759554408
185 74 0.004879694616357341
186 74 -0.002250094268680016
220 74 -0.004832574297336334
221 74 0.008954206792837788
222 74 0.002420045142947544
232 74  0.01820897247748792
233 74 -0.05628171745921309
234 74 -0.001286291900339909
250 74 -0.01284702266197267
251 74  0.02621148792918997
252 74 0.006618738136840364
283 74 -0.000143405156790257
284 74 0.009188690851654475
292 74 0.005304522888504888
294 74 -0.002748588577325841
295 74 -0.002746962589386444
296 74 -0.03237969365700032
297 74 0.001394993325069207
298 74 -0.002907385153281282
299 74  0.02319100280534584
300 74  -0.0070316160490098
74 75 -0.02088044211824621
75 75   0.2709710741571285
89 75 -0.00211449056023637
90 75 0.001207231368217228
98 75   0.0215604421329957
99 75 -0.04365625139314342
176 75 0.002943227639136591
177 75 -0.01556431667354292
185 75 -0.00150006284578668
186 75 0.001394198461816383
220 75 -0.006541677638448996
221 75 0.001613363428631698
222 75 0.008954206792837788
232 75 0.008216558944648943
233 75 -0.0008575279335599396
234 75 -0.04071100614638233
250 75 -0.004412492091226909
251 75 0.004412492091226909
252 75  0.01064077661635921
283 75 -0.009045285694864239
285 75 0.009188690851654475
292 75 -0.002555934311179048
293 75 -0.001832392384883894
295 75 0.001351969264317237
296 75 0.0009299955500461324
297 75 -0.01581469165318185
299 75 -0.004687744032673191
300 75 0.006626000801527377
1 76 -2.141317866850831e-06
22 76 5.347985251294909e-07
25 76 -5.776885314331961e-06
28 76 -2.168158048706851e-06
31 76 2.732787607200534e-07
46 76 1.186207563184176e-06
49 76 -2.870269336086861e-05
52 76 1.301628229878289e-06
55 76 4.251285729879426e-06
70 76 8.290471663800133e-06
76 76 9.203476716959877e-05
79 76 1.767750658938394e-05
82 76 7.280262577299768e-06
178 76 2.498230063363122e-05
181 76 6.452692629017816e-06
217 76 1.130038197986457e-06
226 76 8.093263342392537e-06
289 76 1.584812800485316e-05
2 77 -2.141317866850831e-06
23 77 5.347985251294909e-07
26 77 -5.776885314331961e-06
29 77 -2.168158048706851e-06
32 77 2.732787607200534e-07
47 77 1.186207563184176e-06
50 77 -2.870269336086861e-05
53 77 1.301628229878289e-06
56 77 4.251285729879426e-06
71 77 8.290471663800133e-06
77 77 9.203476716959877e-05
80 77 1.767750658938394e-05
83 77 7.280262577299768e-06
179 77 2.498230063363122e-05
182 77 6.452692629017816e-06
218 77 1.130038197986457e-06
227 77 8.093263342392537e-06
290 77 1.584812800485316e-05
3 78 -2.141317866850831e-06
24 78 5.347985251294909e-07
27 78 -5.776885314331961e-06
30 78 -2.168158048706851e-06
33 78 2.732787607200534e-07
48 78 1.186207563184176e-06
51 78 -2.870269336086861e-05
54 78 1.301628229878289e-06
57 78 4.251285729879426e-06
72 78 8.290471663800133e-06
78 78 9.203476716959877e-05
81 78 1.767750658938394e-05
84 78 7.280262577299768e-06
180 78 2.498230063363122e-05
183 78 6.452692629017816e-06
219 78 1.130038197986457e-06
228 78 8.093263342392537e-06
291 78 1.584812800485316e-05
1 79 -1.744530552870937e-06
22 79 1.510454834620831e-06
25 79 -1.159112411664991e-05
49 79 -6.55561355743366e-06
52 79 5.347985251294909e-07
55 79 5.808742216082849e-06
70 79 6.443896792565431e-06
76 79 1.767750658938394e-05
79 79 4.621631106739822e-05
178 79 6.452692629017816e-06
181 79 1.665572140549613e-05
2 80 -1.744530552870937e-06
23 80 1.510454834620831e-06
26 80 -1.159112411664991e-05
50 80 -6.55561355743366e-06
53 80 5.347985251294909e-07
56 80 5.808742216082849e-06
71 80 6.443896792565431e-06
77 80 1.767750658938394e-05
80 80 4.621631106739822e-05
179 80 6.452692629017816e-06
182 80 1.665572140549613e-05
3 81 -1.744530552870937e-06
24 81 1.510454834620831e-06
27 81 -1.159112411664991e-05
51 81 -6.55561355743366e-06
54 81 5.347985251294909e-07
57 81 5.808742216082849e-06
72 81 6.443896792565431e-06
78 81 1.767750658938394e-05
81 81 4.621631106739822e-05
180 81 6.452692629017816e-06
183 81 1.665572140549613e-05
1 82 -5.559731794455742e-06
28 82 -2.13618021795374e-05
31 82 4.197123392627051e-06
46 82 1.197154904363043e-06
49 82 -2.173631719296289e-06
52 82 2.732787607200535e-07
70 82 1.676334759696546e-05
76 82 7.280262577299768e-06
82 82 6.687665132741106e-05
91 82 2.643270918377461e-05
94 82 6.650486123915401e-06
217 82 1.324476921872096e-05
226 82 1.130038197986457e-06
2 83 -5.559731794455742e-06
29 83 -2.13618021795374e-05
32 83 4.197123392627051e-06
47 83 1.197154904363043e-06
50 83 -2.173631719296289e-06
53 83 2.732787607200535e-07
71 83 1.676334759696546e-05
77 83 7.280262577299768e-06
