%%MatrixMarket matrix coordinate real general
308 308 3484
1 1 0.007199999999999999
2 1              -0.0023
3 1 0.0001333333333333333
4 1 -0.0007666666666666666
5 1              -0.0023
6 1 -0.0007666666666666666
7 1 0.0001333333333333333
1 2              -0.0023
2 2  0.01659999999999999
3 2               0.0004
4 2 0.0001333333333333333
5 2 0.0002666666666666667
7 2              -0.0023
8 2              -0.0023
9 2 0.0002666666666666667
10 2              -0.0046
11 2              -0.0023
12 2 0.0001333333333333333
1 3 0.0001333333333333333
2 3               0.0004
3 3 0.009399999999999997
4 3 -0.001533333333333334
5 3              -0.0023
8 3 0.0001333333333333333
9 3              -0.0023
10 3 0.0002666666666666666
13 3 -0.001533333333333334
1 4 -0.0007666666666666666
2 4 0.0001333333333333333
3 4 -0.001533333333333334
4 4 0.003599999999999999
8 4 -0.0007666666666666665
1 5              -0.0023
2 5 0.0002666666666666667
3 5              -0.0023
5 5               0.0166
6 5 0.0001333333333333333
7 5               0.0004
10 5 -0.004599999999999999
13 5 0.0001333333333333333
14 5              -0.0023
15 5              -0.0023
16 5 0.0002666666666666666
1 6 -0.0007666666666666666
5 6 0.0001333333333333333
6 6               0.0072
7 6              -0.0023
15 6 -0.002300000000000001
17 6 -0.0007666666666666664
18 6 0.0001333333333333334
1 7 0.0001333333333333333
2 7              -0.0023
5 7               0.0004
6 7              -0.0023
7 7  0.01659999999999999
10 7 0.0002666666666666667
12 7              -0.0023
15 7 0.0002666666666666667
16 7 -0.004600000000000001
18 7 -0.002299999999999999
19 7 0.0001333333333333334
2 8              -0.0023
3 8 0.0001333333333333333
4 8 -0.0007666666666666665
8 8 0.007199999999999998
9 8              -0.0023
11 8 0.0001333333333333333
20 8 -0.0007666666666666665
2 9 0.0002666666666666667
3 9              -0.0023
8 9              -0.0023
9 9               0.1816
10 9 -0.004599999999999999
11 9               0.0004
13 9 0.0001333333333333333
20 9 0.0001333333333333333
21 9              -0.0023
22 9 0.0002666666666666666
23 9  -0.1672999999999999
2 10              -0.0046
3 10 0.0002666666666666666
5 10 -0.004599999999999999
7 10 0.0002666666666666667
9 10 -0.004599999999999999
10 10               0.1982
11 10 0.0002666666666666667
12 10               0.0004
13 10               0.0004
14 10 0.0002666666666666667
16 10 -0.004599999999999999
21 10 0.0002666666666666667
22 10              -0.1696
24 10              -0.0046
25 10 0.0002666666666666666
2 11              -0.0023
8 11 0.0001333333333333333
9 11               0.0004
10 11 0.0002666666666666667
11 11               1.0066
12 11  -0.1672999999999999
20 11  -0.1672999999999999
22 11  -0.4171000000000001
23 11 0.0002666666666666667
26 11  -0.2497999999999999
27 11 0.0001333333333333334
2 12 0.0001333333333333333
7 12              -0.0023
10 12               0.0004
11 12  -0.1672999999999999
12 12               1.0066
16 12 0.0002666666666666667
19 12  -0.1672999999999999
22 12 0.0002666666666666667
25 12  -0.4171000000000001
27 12  -0.2497999999999999
28 12 0.0001333333333333334
3 13 -0.001533333333333334
5 13 0.0001333333333333333
9 13 0.0001333333333333333
10 13               0.0004
13 13 0.009399999999999997
14 13              -0.0023
21 13              -0.0023
24 13 0.0002666666666666667
29 13 -0.001533333333333333
5 14              -0.0023
10 14 0.0002666666666666667
13 14              -0.0023
14 14               0.0166
15 14 0.0001333333333333333
16 14               0.0004
24 14 -0.004600000000000001
29 14 0.0001333333333333334
30 14 -0.002299999999999999
31 14              -0.0023
32 14 0.0002666666666666667
5 15              -0.0023
6 15 -0.002300000000000001
7 15 0.0002666666666666667
14 15 0.0001333333333333333
15 15               0.0166
16 15              -0.0046
17 15 0.0001333333333333334
18 15 0.0004000000000000001
31 15 -0.002300000000000001
33 15 -0.002299999999999999
34 15 0.0002666666666666667
5 16 0.0002666666666666666
7 16 -0.004600000000000001
10 16 -0.004599999999999999
12 16 0.0002666666666666667
14 16               0.0004
15 16              -0.0046
16 16               0.1982
18 16 0.0002666666666666668
19 16 0.0004000000000000001
24 16 0.0002666666666666667
25 16              -0.1696
31 16 0.0002666666666666667
32 16 -0.004600000000000001
34 16 -0.004599999999999998
35 16 0.0002666666666666667
6 17 -0.0007666666666666664
15 17 0.0001333333333333334
17 17 0.007199999999999999
18 17              -0.0023
33 17              -0.0023
36 17 -0.0007666666666666665
37 17 0.0001333333333333333
6 18 0.0001333333333333334
7 18 -0.002299999999999999
15 18 0.0004000000000000001
16 18 0.0002666666666666668
17 18              -0.0023
18 18               0.0166
19 18              -0.0023
33 18 0.0002666666666666667
34 18 -0.004600000000000001
37 18 -0.002299999999999999
38 18 0.0001333333333333333
7 19 0.0001333333333333334
12 19  -0.1672999999999999
16 19 0.0004000000000000001
18 19              -0.0023
19 19               1.0066
25 19 0.0002666666666666668
28 19  -0.2497999999999999
34 19 0.0002666666666666667
35 19  -0.4171000000000001
38 19  -0.1672999999999999
39 19 0.0001333333333333333
8 20 -0.0007666666666666665
9 20 0.0001333333333333333
11 20  -0.1672999999999999
20 20   0.5022000000000001
23 20  -0.2498000000000001
26 20 0.0001333333333333334
40 20 -0.08326666666666663
9 21              -0.0023
10 21 0.0002666666666666667
13 21              -0.0023
21 21               0.1816
22 21               0.0004
23 21 0.0001333333333333333
24 21 -0.004600000000000001
29 21 0.0001333333333333334
41 21 -0.002299999999999999
42 21 0.0002666666666666667
43 21  -0.1672999999999999
9 22 0.0002666666666666666
10 22              -0.1696
11 22  -0.4171000000000001
12 22 0.0002666666666666667
21 22               0.0004
22 22    2.343200000000001
23 22  -0.4170999999999999
24 22 0.0002666666666666667
25 22  -0.4170999999999999
26 22 0.0002666666666666667
27 22 0.0004000000000000001
42 22  -0.4171000000000001
43 22 0.0002666666666666667
44 22  -0.4995999999999997
45 22 0.0002666666666666667
9 23  -0.1672999999999999
11 23 0.0002666666666666667
20 23  -0.2498000000000001
21 23 0.0001333333333333333
22 23  -0.4170999999999999
23 23               1.3366
26 23 0.0004000000000000001
40 23 0.0001333333333333334
43 23  -0.2498000000000001
44 23 0.0002666666666666667
46 23  -0.2497999999999999
10 24              -0.0046
13 24 0.0002666666666666667
14 24 -0.004600000000000001
16 24 0.0002666666666666667
21 24 -0.004600000000000001
22 24 0.0002666666666666667
24 24               0.1982
25 24               0.0004
29 24 0.0004000000000000002
30 24 0.0002666666666666668
32 24 -0.004600000000000001
41 24 0.0002666666666666668
42 24              -0.1696
47 24 -0.004599999999999998
48 24 0.0002666666666666667
10 25 0.0002666666666666666
12 25  -0.4171000000000001
16 25              -0.1696
19 25 0.0002666666666666668
22 25  -0.4170999999999999
24 25               0.0004
25 25    2.343200000000001
27 25 0.0002666666666666668
28 25 0.0004000000000000002
32 25 0.0002666666666666667
35 25  -0.4170999999999999
42 25 0.0002666666666666667
45 25  -0.4995999999999998
48 25  -0.4171000000000001
49 25 0.0002666666666666668
11 26  -0.2497999999999999
20 26 0.0001333333333333334
22 26 0.0002666666666666667
23 26 0.0004000000000000001
26 26    1.336221232256498
27 26  -0.2494181127524057
40 26  -0.2494269036609474
44 26  -0.4158291767553889
46 26 0.0002905149131721048
226 26  -0.1598404526169071
227 26 0.005295984549635462
11 27 0.0001333333333333334
12 27  -0.2497999999999999
22 27 0.0004000000000000001
25 27 0.0002666666666666668
26 27  -0.2494181127524057
27 27    1.335744499968698
28 27  -0.2494020016921959
44 27 0.0002916739808646736
45 27  -0.4157324378773216
227 27  -0.1607701359855777
228 27 0.004596711989683889
12 28 0.0001333333333333334
19 28  -0.2497999999999999
25 28 0.0004000000000000002
27 28  -0.2494020016921959
28 28    1.336106314128847
35 28 0.0002666666666666667
39 28   -0.249376164773833
45 28 0.0002943094736572773
49 28  -0.4156453607433158
228 28  -0.1594042107707959
229 28 0.005558677972025626
13 29 -0.001533333333333333
14 29 0.0001333333333333334
21 29 0.0001333333333333334
24 29 0.0004000000000000002
29 29 0.009400000000000002
30 29 -0.002300000000000001
41 29 -0.002300000000000001
47 29 0.0002666666666666668
54 29 -0.001533333333333334
14 30 -0.002299999999999999
24 30 0.0002666666666666668
29 30 -0.002300000000000001
30 30               0.0166
31 30 0.0001333333333333334
32 30 0.0004000000000000002
47 30 -0.004600000000000003
54 30 0.0001333333333333334
55 30 -0.002300000000000001
56 30 -0.002300000000000001
57 30 0.0002666666666666668
14 31              -0.0023
15 31 -0.002300000000000001
16 31 0.0002666666666666667
30 31 0.0001333333333333334
31 31               0.0166
32 31 -0.004600000000000002
33 31 0.0001333333333333334
34 31 0.0004000000000000001
56 31 -0.002299999999999999
58 31 -0.002299999999999999
59 31 0.0002666666666666668
14 32 0.0002666666666666667
16 32 -0.004600000000000001
24 32 -0.004600000000000001
25 32 0.0002666666666666667
30 32 0.0004000000000000002
31 32 -0.004600000000000002
32 32               0.1982
34 32 0.0002666666666666668
35 32 0.0004000000000000001
47 32 0.0002666666666666668
48 32              -0.1696
56 32 0.0002666666666666668
57 32 -0.004599999999999998
59 32 -0.004599999999999998
60 32 0.0002666666666666668
15 33 -0.002299999999999999
17 33              -0.0023
18 33 0.0002666666666666667
31 33 0.0001333333333333334
33 33  0.01659999999999999
34 33              -0.0046
36 33 0.0001333333333333333
37 33 0.0003999999999999999
58 33              -0.0023
61 33              -0.0023
62 33 0.0002666666666666666
15 34 0.0002666666666666667
16 34 -0.004599999999999998
18 34 -0.004600000000000001
19 34 0.0002666666666666667
31 34 0.0004000000000000001
32 34 0.0002666666666666668
33 34              -0.0046
34 34   0.1981999999999999
35 34  -0.1695999999999999
37 34 0.0002666666666666666
38 34 0.0003999999999999999
58 34 0.0002666666666666667
59 34 -0.004600000000000001
62 34 -0.004599999999999998
63 34 0.0002666666666666666
16 35 0.0002666666666666667
19 35  -0.4171000000000001
25 35  -0.4170999999999999
28 35 0.0002666666666666667
32 35 0.0004000000000000001
34 35  -0.1695999999999999
35 35    2.343200000000001
38 35 0.0002666666666666666
39 35 0.0004000000000000001
48 35 0.0002666666666666668
49 35  -0.4995999999999997
59 35 0.0002666666666666667
60 35  -0.4171000000000001
63 35  -0.4170999999999999
64 35 0.0002666666666666667
17 36 -0.0007666666666666665
33 36 0.0001333333333333333
36 36 0.007199999999999997
37 36 -0.002299999999999999
61 36              -0.0023
65 36 -0.0007666666666666665
66 36 0.0001333333333333333
17 37 0.0001333333333333333
18 37 -0.002299999999999999
33 37 0.0003999999999999999
34 37 0.0002666666666666666
36 37 -0.002299999999999999
37 37  0.01659999999999999
38 37 -0.002299999999999999
61 37 0.0002666666666666666
62 37 -0.004599999999999999
66 37 -0.002299999999999999
67 37 0.0001333333333333333
18 38 0.0001333333333333333
19 38  -0.1672999999999999
34 38 0.0003999999999999999
35 38 0.0002666666666666666
37 38 -0.002299999999999999
38 38               1.0066
39 38  -0.2497999999999998
62 38 0.0002666666666666666
63 38  -0.4170999999999999
67 38  -0.1672999999999999
68 38 0.0001333333333333333
19 39 0.0001333333333333333
28 39   -0.249376164773833
35 39 0.0004000000000000001
38 39  -0.2497999999999998
39 39    1.334848029178719
49 39 0.0002984796380840136
63 39 0.0002666666666666667
64 39  -0.4159047346435469
68 39  -0.2493371966357424
229 39  -0.1634904866917762
232 39 0.002819219081171438
20 40 -0.08326666666666663
23 40 0.0001333333333333334
26 40  -0.2494269036609474
40 40   0.5020341073975393
46 40  -0.1666754985760814
226 40 0.002483974408158701
233 40 0.001412634661587191
21 41 -0.002299999999999999
24 41 0.0002666666666666668
29 41 -0.002300000000000001
41 41   0.1816000000000001
42 41 0.0004000000000000002
43 41 0.0001333333333333334
47 41 -0.004600000000000003
54 41 0.0001333333333333334
71 41 -0.002300000000000001
72 41 0.0002666666666666668
73 41  -0.1673000000000001
21 42 0.0002666666666666667
22 42  -0.4171000000000001
24 42              -0.1696
25 42 0.0002666666666666667
41 42 0.0004000000000000002
42 42    2.343200000000001
43 42              -0.4171
44 42 0.0002666666666666667
45 42 0.0004000000000000001
47 42 0.0002666666666666668
48 42              -0.4171
72 42  -0.4170999999999999
73 42 0.0002666666666666668
74 42  -0.4995999999999998
75 42 0.0002666666666666668
21 43  -0.1672999999999999
22 43 0.0002666666666666667
23 43  -0.2498000000000001
41 43 0.0001333333333333334
42 43              -0.4171
43 43               1.3366
44 43 0.0004000000000000001
46 43 0.0001333333333333334
73 43  -0.2497999999999999
74 43 0.0002666666666666668
76 43  -0.2497999999999999
22 44  -0.4995999999999997
23 44 0.0002666666666666667
26 44  -0.4158291767553889
27 44 0.0002916739808646736
42 44 0.0002666666666666667
43 44 0.0004000000000000001
44 44    2.343682838714389
45 44  -0.4167509591475214
46 44   -0.416774479278343
74 44  -0.4171000000000002
76 44 0.0002666666666666667
77 44  -0.1663352427893147
78 44  0.00148752978566879
226 44 0.008129326622201559
227 44  0.01032221796448029
22 45 0.0002666666666666667
25 45  -0.4995999999999998
27 45  -0.4157324378773216
28 45 0.0002943094736572773
42 45 0.0004000000000000001
44 45  -0.4167509591475214
45 45    2.344416692096095
48 45 0.0002666666666666668
49 45  -0.4166061010138847
74 45 0.0002666666666666667
75 45  -0.4170995611111463
78 45  -0.1647872950329704
227 45 0.008886088353910186
228 45  0.01424457965226885
237 45 0.003606426955366873
23 46  -0.2497999999999999
26 46 0.0002905149131721048
40 46  -0.1666754985760814
43 46 0.0001333333333333334
44 46   -0.416774479278343
46 46    1.007067693827123
76 46              -0.1673
77 46 0.001117656765269777
80 46 0.0003586748946055109
226 46 0.007899982427222479
233 46 0.004772827831052882
24 47 -0.004599999999999998
29 47 0.0002666666666666668
30 47 -0.004600000000000003
32 47 0.0002666666666666668
41 47 -0.004600000000000003
42 47 0.0002666666666666668
47 47   0.1982000000000001
48 47 0.0004000000000000002
54 47 0.0004000000000000001
55 47 0.0002666666666666667
57 47 -0.004600000000000003
71 47 0.0002666666666666668
72 47  -0.1696000000000001
81 47 -0.004600000000000002
82 47 0.0002666666666666668
24 48 0.0002666666666666667
25 48  -0.4171000000000001
32 48              -0.1696
35 48 0.0002666666666666668
42 48              -0.4171
45 48 0.0002666666666666668
47 48 0.0004000000000000002
48 48    2.343200000000001
49 48 0.0004000000000000002
57 48 0.0002666666666666668
60 48              -0.4171
72 48 0.0002666666666666668
75 48  -0.4995999999999999
82 48              -0.4171
83 48 0.0002666666666666669
25 49 0.0002666666666666668
28 49  -0.4156453607433158
35 49  -0.4995999999999997
39 49 0.0002984796380840136
45 49  -0.4166061010138847
48 49 0.0004000000000000002
49 49    2.345404196448522
60 49 0.0002666666666666667
64 49  -0.4165418277160257
75 49 0.0002666758956278065
83 49  -0.4170409659655637
228 49  0.01153934990348738
229 49   0.0144557873590594
237 49  -0.1605431914829957
240 49 0.005700056691878936
50 50     7431221.28397158
51 50    1064298.206851016
70 50    1053023.426881099
85 50    1999114.501303014
86 50    1333291.791107802
217 50    26236.83617397595
221 50    24241.20463199582
222 50    78746.57106179494
224 50    97511.66706308268
235 50    2269564.386759243
238 50    1564583.613416811
50 51    1064298.206851016
51 51    7572952.481271389
52 51     1089315.21424255
86 51    1999709.444455331
87 51    1333331.174699177
217 51    24660.11957432428
218 51    27026.29168119379
222 51    108221.0868038376
223 51    89348.86292335414
235 51     1616573.53968521
236 51    2353703.782704172
51 52     1089315.21424255
52 52    7826815.602498815
53 52     1128012.44324836
79 52    2498728.357552918
87 52    1999991.682493446
88 52    1333333.333333332
218 52    25513.77975197243
219 52    28381.67335324804
223 52    134061.7888756998
225 52    110090.5757872805
236 52    1722802.997466501
52 53     1128012.44324836
53 53    8191954.116409825
69 53    1180205.255133579
79 53    1873886.119997944
84 53    2697942.991612919
88 53    1999999.999999998
89 53    1333333.333333332
219 53    26891.67139426514
220 53    30469.66213638116
225 53    187269.5240539886
230 53    147310.3534551495
29 54 -0.001533333333333334
30 54 0.0001333333333333334
41 54 0.0001333333333333334
47 54 0.0004000000000000001
54 54 0.009400000000000002
55 54 -0.002300000000000001
71 54 -0.002300000000000001
81 54 0.0002666666666666667
90 54 -0.001533333333333334
30 55 -0.002300000000000001
47 55 0.0002666666666666667
54 55 -0.002300000000000001
55 55               0.0166
56 55 0.0001333333333333334
57 55 0.0004000000000000001
81 55 -0.004600000000000002
90 55 0.0001333333333333334
91 55 -0.002300000000000001
92 55 -0.002300000000000001
93 55 0.0002666666666666667
30 56 -0.002300000000000001
31 56 -0.002299999999999999
32 56 0.0002666666666666668
55 56 0.0001333333333333334
56 56               0.0166
57 56 -0.004600000000000003
58 56 0.0001333333333333334
59 56 0.0004000000000000002
92 56 -0.002300000000000001
94 56 -0.002299999999999999
95 56 0.0002666666666666668
30 57 0.0002666666666666668
32 57 -0.004599999999999998
47 57 -0.004600000000000003
48 57 0.0002666666666666668
55 57 0.0004000000000000001
56 57 -0.004600000000000003
57 57   0.1982000000000002
59 57 0.0002666666666666668
60 57 0.0004000000000000002
81 57 0.0002666666666666668
82 57  -0.1696000000000001
92 57 0.0002666666666666668
93 57 -0.004600000000000003
95 57 -0.004599999999999998
96 57 0.0002666666666666668
31 58 -0.002299999999999999
33 58              -0.0023
34 58 0.0002666666666666667
56 58 0.0001333333333333334
58 58               0.0166
59 58 -0.004600000000000001
61 58 0.0001333333333333333
62 58 0.0003999999999999999
94 58 -0.002299999999999999
97 58              -0.0023
98 58 0.0002666666666666667
31 59 0.0002666666666666668
32 59 -0.004599999999999998
34 59 -0.004600000000000001
35 59 0.0002666666666666667
56 59 0.0004000000000000002
57 59 0.0002666666666666668
58 59 -0.004600000000000001
59 59   0.1981999999999999
60 59  -0.1695999999999999
62 59 0.0002666666666666666
63 59 0.0003999999999999999
94 59 0.0002666666666666668
95 59 -0.004599999999999998
98 59 -0.004600000000000001
99 59 0.0002666666666666667
32 60 0.0002666666666666668
35 60  -0.4171000000000001
48 60              -0.4171
49 60 0.0002666666666666667
57 60 0.0004000000000000002
59 60  -0.1695999999999999
60 60    2.343200000000001
63 60 0.0002666666666666666
64 60 0.0004000000000000001
82 60 0.0002666666666666669
83 60              -0.4996
95 60 0.0002666666666666668
96 60  -0.4170999999999999
99 60  -0.4171000000000001
100 60 0.0002666666666666667
33 61              -0.0023
36 61              -0.0023
37 61 0.0002666666666666666
58 61 0.0001333333333333333
61 61  0.01659999999999999
62 61 -0.004599999999999997
65 61 0.0001333333333333333
66 61 0.0003999999999999999
97 61              -0.0023
101 61              -0.0023
102 61 0.0002666666666666666
33 62 0.0002666666666666666
34 62 -0.004599999999999998
37 62 -0.004599999999999999
38 62 0.0002666666666666666
58 62 0.0003999999999999999
59 62 0.0002666666666666666
61 62 -0.004599999999999997
62 62   0.1981999999999999
63 62  -0.1695999999999999
66 62 0.0002666666666666666
67 62 0.0003999999999999999
97 62 0.0002666666666666666
98 62 -0.004599999999999999
102 62 -0.004599999999999998
103 62 0.0002666666666666666
34 63 0.0002666666666666666
35 63  -0.4170999999999999
38 63  -0.4170999999999999
39 63 0.0002666666666666667
59 63 0.0003999999999999999
60 63 0.0002666666666666666
62 63  -0.1695999999999999
63 63               2.3432
64 63  -0.4995999999999996
67 63 0.0002666666666666666
68 63 0.0004000000000000001
98 63 0.0002666666666666666
99 63  -0.4170999999999999
103 63  -0.4170999999999999
104 63 0.0002666666666666667
35 64 0.0002666666666666667
39 64  -0.4159047346435469
49 64  -0.4165418277160257
60 64 0.0004000000000000001
63 64  -0.4995999999999996
64 64    2.346688410012204
68 64 0.0003059072806642271
83 64 0.000268822859439316
99 64 0.0002666666666666667
100 64  -0.4165260537870034
104 64  -0.4159406207831191
229 64  0.00882664053416422
232 64  0.01545192521709239
240 64  -0.1561260316897785
246 64 0.009630630775771731
36 65 -0.0007666666666666665
61 65 0.0001333333333333333
65 65 0.003599999999999998
66 65 -0.001533333333333333
101 65 -0.0007666666666666665
36 66 0.0001333333333333333
37 66 -0.002299999999999999
61 66 0.0003999999999999999
62 66 0.0002666666666666666
65 66 -0.001533333333333333
66 66 0.009399999999999995
67 66 -0.001533333333333333
101 66 0.0001333333333333333
102 66              -0.0023
37 67 0.0001333333333333333
38 67  -0.1672999999999999
62 67 0.0003999999999999999
63 67 0.0002666666666666666
66 67 -0.001533333333333333
67 67   0.5043999999999997
68 67  -0.1665333333333332
102 67 0.0001333333333333333
103 67  -0.1672999999999999
38 68 0.0001333333333333333
39 68  -0.2493371966357424
63 68 0.0004000000000000001
64 68 0.0003059072806642271
67 68  -0.1665333333333332
68 68   0.8326957234832889
103 68 0.0001333333333333334
104 68  -0.2493371979630253
232 68  -0.1649831325327482
53 69    1180205.255133579
69 69     4865197.89487733
84 69    2049827.162096611
89 69    1333333.333333332
105 69    1180205.779963466
220 69    28960.95876472829
230 69    284785.9513880555
231 69    5399.036170561203
245 69    28959.07608556848
50 70    1053023.426881099
70 70    3438134.135644446
85 70    1333250.121642679
106 70    666653.3126759944
221 70    22033.19707910404
224 70    68882.67011069335
238 70    1502377.098829744
41 71 -0.002300000000000001
47 71 0.0002666666666666668
54 71 -0.002300000000000001
71 71               0.1816
72 71 0.0004000000000000001
73 71 0.0001333333333333334
81 71 -0.004600000000000002
90 71 0.0001333333333333334
107 71 -0.002300000000000001
108 71 0.0002666666666666667
109 71              -0.1673
41 72 0.0002666666666666668
42 72  -0.4170999999999999
47 72  -0.1696000000000001
48 72 0.0002666666666666668
71 72 0.0004000000000000001
72 72    2.343200000000001
73 72  -0.4171000000000001
74 72 0.0002666666666666668
75 72 0.0004000000000000002
81 72 0.0002666666666666667
82 72  -0.4171000000000001
108 72  -0.4171000000000001
109 72 0.0002666666666666668
110 72  -0.4995999999999999
111 72 0.0002666666666666668
41 73  -0.1673000000000001
42 73 0.0002666666666666668
43 73  -0.2497999999999999
71 73 0.0001333333333333334
72 73  -0.4171000000000001
73 73               1.3366
74 73 0.0004000000000000002
76 73 0.0001333333333333334
109 73  -0.2498000000000001
110 73 0.0002666666666666668
112 73  -0.2497999999999999
42 74  -0.4995999999999998
43 74 0.0002666666666666668
44 74  -0.4171000000000002
45 74 0.0002666666666666667
72 74 0.0002666666666666668
73 74 0.0004000000000000002
74 74    2.343200000000001
75 74              -0.4171
76 74              -0.4171
77 74 0.0002666666666666666
78 74 0.0003999999999999999
110 74  -0.4170999999999999
112 74 0.0002666666666666668
113 74  -0.1696000000000001
114 74 0.0002666666666666667
42 75 0.0002666666666666668
45 75  -0.4170995611111463
48 75  -0.4995999999999999
49 75 0.0002666758956278065
72 75 0.0004000000000000002
74 75              -0.4171
75 75    2.343198530650687
78 75 0.0002624977667745153
82 75 0.0002666666666666669
83 75   -0.417099639548239
110 75 0.0002666666666666668
111 75              -0.4171
114 75  -0.1696000286781333
115 75 0.0002673829442924409
237 75 0.0003862628946894221
43 76  -0.2497999999999999
44 76 0.0002666666666666667
46 76              -0.1673
73 76 0.0001333333333333334
74 76              -0.4171
76 76               1.0066
77 76 0.0003999999999999999
80 76 0.0001333333333333333
112 76  -0.1672999999999999
113 76 0.0002666666666666667
116 76              -0.0023
44 77  -0.1663352427893147
46 77 0.001117656765269777
74 77 0.0002666666666666666
76 77 0.0003999999999999999
77 77    0.342677320194542
78 77  0.02340421071176563
80 77  0.02273556364673934
85 77  0.03333333333333334
86 77  0.06666666666666668
113 77  0.01888599121751773
116 77  0.01641956236559862
117 77  0.06666666666666667
118 77  0.03333333333333333
226 77  0.02524815739668101
227 77  0.02412555593872232
241 77 0.0007087956671515279
242 77 0.0004502891330887244
252 77  0.01007812738305691
253 77  0.00488782063934003
44 78  0.00148752978566879
45 78  -0.1647872950329704
74 78 0.0003999999999999999
75 78 0.0002624977667745153
77 78  0.02340421071176564
78 78    0.344216796765489
86 78  0.03333333333333335
87 78  0.06666666666666668
113 78   0.0183111113224451
114 78  0.02094767879745223
118 78  0.06666666666666668
119 78  0.03333333333333334
227 78  0.02513561835137047
228 78  0.02258332029553924
237 78  0.02456813697061989
242 78 0.000199657689981028
243 78 -5.383227823767218e-05
253 78 0.007926553583377228
254 78 0.002646015915220942
52 79    2498728.357552918
53 79    1873886.119997944
79 79    16611876.79029503
84 79    2277353.166003206
87 79    2666623.653303288
88 79    4000000.066666663
119 79    3954122.025812569
120 79    2664019.131701185
223 79    16800.49466166067
225 79     86815.3898276632
234 79    28.80024255196262
236 79    1950290.961650663
239 79    2772.282993422174
249 79     907105.125249592
250 79    1737673.421714884
46 80 0.0003586748946055109
76 80 0.0001333333333333333
77 80  0.02273556364673934
80 80  0.09805866718204199
85 80  0.06666666666666668
106 80  0.03333333333333334
116 80  0.01308549834871772
117 80  0.03333333333333333
121 80  0.06666666666666667
226 80  0.02454769177057292
233 80  0.01210653301146216
241 80 0.000916405289405583
247 80 6.494100201797273e-05
252 80 0.005897266814323533
256 80 0.001287924188888809
47 81 -0.004600000000000002
54 81 0.0002666666666666667
55 81 -0.004600000000000002
57 81 0.0002666666666666668
71 81 -0.004600000000000002
72 81 0.0002666666666666667
81 81               0.1982
82 81 0.0004000000000000001
90 81 0.0004000000000000001
91 81 0.0002666666666666667
93 81 -0.004600000000000002
107 81 0.0002666666666666668
108 81              -0.1696
122 81 -0.004600000000000002
123 81 0.0002666666666666667
47 82 0.0002666666666666668
48 82              -0.4171
57 82  -0.1696000000000001
60 82 0.0002666666666666669
72 82  -0.4171000000000001
75 82 0.0002666666666666669
81 82 0.0004000000000000001
82 82    2.343200000000001
83 82 0.0004000000000000005
93 82 0.0002666666666666668
96 82              -0.4171
108 82 0.0002666666666666668
111 82              -0.4996
123 82  -0.4171000000000001
124 82 0.0002666666666666669
48 83 0.0002666666666666669
49 83  -0.4170409659655637
60 83              -0.4996
64 83 0.000268822859439316
75 83   -0.417099639548239
82 83 0.0004000000000000005
83 83    2.343187823091161
96 83 0.0002666666666666669
100 83  -0.4170422045827602
111 83 0.0002666666666666669
115 83  -0.1690962960729144
124 83  -0.4170996363106234
237 83 0.0006418186218578061
240 83 0.003052453378061557
258 83 0.001160145156854018
53 84    2697942.991612919
69 84    2049827.162096611
79 84    2277353.166003206
84 84    18943529.51022267
88 84    2666666.699999998
89 84    4000000.066666663
105 84    2697895.564395105
120 84    3997516.997618612
125 84     2277347.99646915
126 84    2666666.699999997
225 84    52209.92699374686
230 84    195507.7666631557
239 84    15809.93659150174
244 84    52209.09960809922
250 84     1322420.14453882
50 85    1999114.501303014
70 85    1333250.121642679
77 85  0.03333333333333334
80 85  0.06666666666666668
85 85    1015623179.896726
86 85    174724871.3201913
106 85    174724869.7808585
117 85    331086885.4479346
121 85    330420264.3914073
235 85    2660535.647805746
238 85    3992049.860240165
50 86    1333291.791107802
51 86    1999709.444455331
77 86  0.06666666666666668
78 86  0.03333333333333335
85 86    174724871.3201913
86 86     1015623474.14572
87 86    174724872.7392094
117 86     330420265.201389
118 86    331086918.7187124
235 86     3996057.13893799
236 86    2664639.880468959
51 87    1333331.174699177
52 87    1999991.682493446
78 87  0.06666666666666668
79 87    2666623.653303288
86 87    174724872.7392094
87 87    1015623607.120076
88 87    174724872.8049781
118 87    330420265.8725408
119 87    331086932.2649868
236 87     3999698.42981678
52 88    1333333.333333332
53 88    1999999.999999998
79 88    4000000.066666663
84 88    2666666.699999998
87 88    174724872.8049781
88 88    1015623610.874151
89 88    174724872.8049781
119 88     330420265.898764
120 88    331086932.5987641
53 89    1333333.333333332
69 89    1333333.333333332
84 89    4000000.066666663
88 89    174724872.8049781
89 89    666173865.2641947
105 89    1333333.333333333
120 89     330420265.898764
126 89     157028726.493786
54 90 -0.001533333333333334
55 90 0.0001333333333333334
71 90 0.0001333333333333334
81 90 0.0004000000000000001
90 90 0.005800000000000002
91 90 -0.001533333333333334
107 90 -0.001533333333333334
122 90 0.0001333333333333334
55 91 -0.002300000000000001
81 91 0.0002666666666666667
90 91 -0.001533333333333334
91 91 0.009400000000000002
92 91 0.0001333333333333334
93 91 0.0004000000000000001
122 91 -0.002300000000000001
127 91 -0.001533333333333334
128 91 0.0001333333333333334
55 92 -0.002300000000000001
56 92 -0.002300000000000001
57 92 0.0002666666666666668
91 92 0.0001333333333333334
92 92               0.0166
93 92 -0.004600000000000003
94 92 0.0001333333333333334
95 92 0.0004000000000000002
127 92 -0.002300000000000001
129 92 -0.002299999999999999
130 92 0.0002666666666666668
55 93 0.0002666666666666667
57 93 -0.004600000000000003
81 93 -0.004600000000000002
82 93 0.0002666666666666668
91 93 0.0004000000000000001
92 93 -0.004600000000000003
93 93   0.1982000000000001
95 93 0.0002666666666666668
96 93 0.0004000000000000002
122 93 0.0002666666666666668
123 93  -0.1696000000000001
127 93 0.0002666666666666668
128 93 -0.004600000000000003
130 93 -0.004599999999999998
131 93 0.0002666666666666668
56 94 -0.002299999999999999
58 94 -0.002299999999999999
59 94 0.0002666666666666668
92 94 0.0001333333333333334
94 94               0.0166
95 94 -0.004600000000000002
97 94 0.0001333333333333334
98 94 0.0004000000000000001
129 94              -0.0023
132 94 -0.002300000000000001
133 94 0.0002666666666666667
56 95 0.0002666666666666668
57 95 -0.004599999999999998
59 95 -0.004599999999999998
60 95 0.0002666666666666668
92 95 0.0004000000000000002
93 95 0.0002666666666666668
94 95 -0.004600000000000002
95 95               0.1982
96 95              -0.1696
98 95 0.0002666666666666668
99 95 0.0004000000000000001
129 95 0.0002666666666666667
130 95 -0.004600000000000001
133 95 -0.004600000000000002
134 95 0.0002666666666666667
57 96 0.0002666666666666668
60 96  -0.4170999999999999
82 96              -0.4171
83 96 0.0002666666666666669
93 96 0.0004000000000000002
95 96              -0.1696
96 96    2.343200000000001
99 96 0.0002666666666666668
100 96 0.0004000000000000002
123 96 0.0002666666666666668
124 96  -0.4995999999999999
130 96 0.0002666666666666667
131 96  -0.4171000000000001
134 96  -0.4171000000000001
135 96 0.0002666666666666668
58 97              -0.0023
61 97              -0.0023
62 97 0.0002666666666666666
94 97 0.0001333333333333334
97 97               0.0166
98 97 -0.004599999999999999
101 97 0.0001333333333333333
102 97 0.0003999999999999999
132 97 -0.002299999999999999
136 97              -0.0023
137 97 0.0002666666666666667
58 98 0.0002666666666666667
59 98 -0.004600000000000001
62 98 -0.004599999999999999
63 98 0.0002666666666666666
94 98 0.0004000000000000001
95 98 0.0002666666666666668
97 98 -0.004599999999999999
98 98   0.1981999999999999
99 98  -0.1695999999999999
102 98 0.0002666666666666666
103 98 0.0003999999999999999
132 98 0.0002666666666666667
133 98 -0.004599999999999998
137 98 -0.004600000000000001
138 98 0.0002666666666666667
59 99 0.0002666666666666667
60 99  -0.4171000000000001
63 99  -0.4170999999999999
64 99 0.0002666666666666667
95 99 0.0004000000000000001
96 99 0.0002666666666666668
98 99  -0.1695999999999999
99 99               2.3432
100 99  -0.4995999999999997
103 99 0.0002666666666666666
104 99 0.0004000000000000001
133 99 0.0002666666666666667
134 99  -0.4170999999999998
138 99  -0.4171000000000001
139 99 0.0002666666666666667
60 100 0.0002666666666666667
64 100  -0.4165260537870034
83 100  -0.4170422045827602
96 100 0.0004000000000000002
99 100  -0.4995999999999997
100 100    2.344783414837291
104 100 0.0002984969778007911
124 100 0.0002666758820616147
134 100 0.0002666666666666668
135 100  -0.4166912670143711
139 100  -0.4160636035118852
240 100 0.004947729111528638
246 100  0.01239623011767609
258 100  -0.1612704193623457
261 100 0.008075266199385681
61 101              -0.0023
65 101 -0.0007666666666666665
66 101 0.0001333333333333333
97 101 0.0001333333333333333
101 101 0.007199999999999997
102 101 -0.002299999999999999
136 101 -0.0007666666666666665
61 102 0.0002666666666666666
62 102 -0.004599999999999998
66 102              -0.0023
67 102 0.0001333333333333333
97 102 0.0003999999999999999
98 102 0.0002666666666666666
101 102 -0.002299999999999999
102 102  0.01659999999999999
103 102 -0.002299999999999999
136 102 0.0001333333333333333
137 102              -0.0023
62 103 0.0002666666666666666
63 103  -0.4170999999999999
67 103  -0.1672999999999999
68 103 0.0001333333333333334
98 103 0.0003999999999999999
99 103 0.0002666666666666666
102 103 -0.002299999999999999
103 103               1.0066
104 103  -0.2497999999999998
137 103 0.0001333333333333333
138 103  -0.1672999999999999
63 104 0.0002666666666666667
64 104  -0.4159406207831191
68 104  -0.2493371979630253
99 104 0.0004000000000000001
100 104 0.0002984969778007911
103 104  -0.2497999999999998
104 104    1.334614791805225
138 104 0.0001333333333333334
139 104  -0.2493761555687257
232 104 0.002135691702170272
246 104  -0.1640355999672677
69 105    1180205.779963466
84 105    2697895.564395105
89 105    1333333.333333333
105 105    8191876.860819662
125 105    1873865.936464206
126 105    1999999.999999998
140 105    1128014.937916677
230 105      147299.31004953
244 105    187261.1284504512
245 105     30470.7397933346
260 105    26891.29240047398
70 106    666653.3126759942
80 106  0.03333333333333334
85 106    174724869.7808585
106 106    349449739.5382934
121 106    174058205.4235295
238 106    1333097.473088366
71 107 -0.002300000000000001
81 107 0.0002666666666666668
90 107 -0.001533333333333334
107 107   0.1744000000000001
108 107 0.0004000000000000001
109 107 0.0001333333333333334
122 107 -0.002300000000000001
141 107  -0.1665333333333333
142 107 0.0001333333333333334
71 108 0.0002666666666666667
72 108  -0.4171000000000001
81 108              -0.1696
82 108 0.0002666666666666668
107 108 0.0004000000000000001
108 108    2.343200000000001
109 108  -0.4171000000000001
110 108 0.0002666666666666668
111 108 0.0004000000000000002
122 108 0.0002666666666666667
123 108  -0.4171000000000001
141 108 0.0002666666666666668
142 108  -0.4171000000000001
143 108  -0.4995999999999999
144 108 0.0002666666666666668
71 109              -0.1673
72 109 0.0002666666666666668
73 109  -0.2498000000000001
107 109 0.0001333333333333334
108 109  -0.4171000000000001
109 109    1.336600000000001
110 109 0.0004000000000000002
112 109 0.0001333333333333334
141 109  -0.2498000000000001
143 109 0.0002666666666666668
145 109  -0.2497999999999999
72 110  -0.4995999999999999
73 110 0.0002666666666666668
74 110  -0.4170999999999999
75 110 0.0002666666666666668
108 110 0.0002666666666666668
109 110 0.0004000000000000002
110 110    2.343200000000001
111 110  -0.4171000000000001
112 110  -0.4171000000000001
113 110 0.0002666666666666667
114 110 0.0004000000000000001
143 110  -0.4171000000000002
145 110 0.0002666666666666667
146 110              -0.1696
147 110 0.0002666666666666667
72 111 0.0002666666666666668
75 111              -0.4171
82 111              -0.4996
83 111 0.0002666666666666669
108 111 0.0004000000000000002
110 111  -0.4171000000000001
111 111    2.343200000000001
114 111 0.0002666666666666668
115 111 0.0004000000000000002
123 111 0.0002666666666666668
124 111              -0.4171
143 111 0.0002666666666666667
144 111  -0.4171000000000002
147 111              -0.1696
148 111 0.0002666666666666668
73 112  -0.2497999999999999
74 112 0.0002666666666666668
76 112  -0.1672999999999999
109 112 0.0001333333333333334
110 112  -0.4171000000000001
112 112               1.0066
113 112 0.0004000000000000001
116 112 0.0001333333333333334
145 112              -0.1673
146 112 0.0002666666666666667
149 112 -0.002300000000000001
74 113  -0.1696000000000001
76 113 0.0002666666666666667
77 113  0.01888599121751773
78 113   0.0183111113224451
110 113 0.0002666666666666667
112 113 0.0004000000000000001
113 113   0.3147960572674063
114 113  0.01477545800734566
116 113  0.01305477060691733
117 113  0.03333333333333334
118 113  0.06666666666666668
146 113  0.01088688758999767
149 113 0.007605246063938943
150 113  0.06666666666666667
151 113  0.03333333333333333
252 113 0.009621510461954126
253 113  0.01367109954682291
266 113  0.01955079396399945
267 113  0.01325513989601333
74 114 0.0002666666666666667
75 114  -0.1696000286781333
78 114  0.02094767879745223
110 114 0.0004000000000000001
111 114 0.0002666666666666668
113 114  0.01477545800734566
114 114   0.3238477506950308
115 114  0.01840383019575731
118 114  0.03333333333333335
119 114  0.06666666666666668
146 114 0.009394480678054297
147 114  0.01384708601574706
151 114  0.06666666666666668
152 114  0.03333333333333334
237 114  0.02262544921348939
253 114  0.00770552443296716
254 114 0.009253318781945432
267 114  0.01728771854376424
268 114   0.0101341041384226
75 115 0.0002673829442924409
83 115  -0.1690962960729144
111 115 0.0004000000000000002
114 115  0.01840383019575731
115 115   0.3383248282144073
119 115  0.03333333333333333
120 115  0.06666666666666665
124 115 0.0002659981987028986
147 115  0.01367868306308894
148 115  0.01905136632240665
152 115  0.06666666666666665
153 115  0.03333333333333332
237 115  0.02456648245389344
240 115  0.02714401063433372
254 115 0.004252297125903995
255 115 0.002193478128811775
258 115  0.02348885000500768
268 115  0.01270452903430357
269 115  0.00474592164531514
76 116              -0.0023
77 116  0.01641956236559862
80 116  0.01308549834871772
112 116 0.0001333333333333334
113 116  0.01305477060691733
116 116  0.09477276059836941
117 116  0.06666666666666668
121 116  0.03333333333333334
149 116 0.008742236598773222
150 116  0.03333333333333333
154 116  0.06666666666666667
252 116  0.01559175030883578
256 116 0.002616904863795423
266 116  0.01470135826389484
270 116 0.005777417789514456
77 117  0.06666666666666667
80 117  0.03333333333333333
85 117    331086885.4479346
86 117    330420265.2013891
113 117  0.03333333333333334
116 117  0.06666666666666668
117 117    1990410159.726646
118 117    331084863.9894843
121 117    331084048.2042015
150 117    331077352.8865079
154 117    330419115.7200357
235 117    3805207.318434676
238 117    2578027.864639568
248 117    2424340.683331955
251 117    3614462.150690755
77 118  0.03333333333333333
78 118  0.06666666666666668
86 118    331086918.7187124
87 118    330420265.8725408
113 118  0.06666666666666668
114 118  0.03333333333333335
117 118    331084863.9894843
118 118    1990453077.301006
119 118    331086214.8076717
150 118    330419499.3675876
151 118    331081616.5805745
235 118    2600332.487505497
236 118    3869683.045554617
248 118    3703130.239403921
249 118    2504415.881148284
78 119  0.03333333333333334
79 119    3954122.025812569
87 119    331086932.2649868
88 119     330420265.898764
114 119  0.06666666666666668
115 119  0.03333333333333333
118 119    331086214.8076717
119 119    1990501089.378408
120 119    331086884.4981033
151 119    330420043.5384378
152 119    331085624.5735825
236 119    2638412.728445075
249 119    3853932.430059546
250 119    2606652.583632468
