%%MatrixMarket matrix coordinate real general
1431 1431 40949
1 1 1.441421787667209e-06
4 1 6.150724409799195e-08
7 1 -2.700724712444164e-08
22 1 -2.629129866441912e-08
25 1 5.985415543285564e-08
28 1 7.212237695258153e-07
31 1 -3.556849291018449e-07
40 1 -1.146670106359337e-08
46 1 -6.145933968404482e-09
49 1 8.313022571480515e-08
52 1 -3.43760879158515e-08
55 1 -1.085907184743032e-08
70 1 -3.444753436825655e-06
76 1 -3.095944084781342e-07
79 1 -2.313708733661645e-07
82 1 -1.378341059649311e-06
85 1 -2.37488505334666e-07
91 1 -1.442280496470737e-06
94 1 -3.157575198064665e-06
2 2 1.441421787667209e-06
5 2 6.150724409799195e-08
8 2 -2.700724712444164e-08
23 2 -2.629129866441912e-08
26 2 5.985415543285564e-08
29 2 7.212237695258153e-07
32 2 -3.556849291018449e-07
41 2 -1.146670106359337e-08
47 2 -6.145933968404482e-09
50 2 8.313022571480515e-08
53 2 -3.43760879158515e-08
56 2 -1.085907184743032e-08
71 2 -3.444753436825655e-06
77 2 -3.095944084781342e-07
80 2 -2.313708733661645e-07
83 2 -1.378341059649311e-06
86 2 -2.37488505334666e-07
92 2 -1.442280496470737e-06
95 2 -3.157575198064665e-06
3 3 1.441421787667209e-06
6 3 6.150724409799195e-08
9 3 -2.700724712444164e-08
24 3 -2.629129866441912e-08
27 3 5.985415543285564e-08
30 3 7.212237695258153e-07
33 3 -3.556849291018449e-07
42 3 -1.146670106359337e-08
48 3 -6.145933968404482e-09
51 3 8.313022571480515e-08
54 3 -3.43760879158515e-08
57 3 -1.085907184743032e-08
72 3 -3.444753436825655e-06
78 3 -3.095944084781342e-07
81 3 -2.313708733661645e-07
84 3 -1.378341059649311e-06
87 3 -2.37488505334666e-07
93 3 -1.442280496470737e-06
96 3 -3.157575198064665e-06
1 4 6.150724409799195e-08
4 4 1.49820622903417e-06
7 4 -2.702843373246801e-08
10 4 6.466013337828956e-08
13 4 -2.83859720224822e-08
28 4 8.862661671081854e-08
31 4 -1.146268649562415e-08
34 4 7.727987317556266e-07
37 4 -6.916731762889724e-09
40 4 -3.685413390769969e-08
43 4 -3.844852146823666e-07
64 4 -1.266926951576265e-08
85 4 -3.564798564801845e-06
91 4 -3.305853335137318e-07
94 4 -2.374344256183735e-07
100 4 -1.475293189000218e-06
103 4 -2.490754100221003e-07
109 4 -1.55903911136418e-06
112 4 -3.282003237307886e-06
2 5 6.150724409799195e-08
5 5 1.49820622903417e-06
8 5 -2.702843373246801e-08
11 5 6.466013337828956e-08
14 5 -2.83859720224822e-08
29 5 8.862661671081854e-08
32 5 -1.146268649562415e-08
35 5 7.727987317556266e-07
38 5 -6.916731762889724e-09
41 5 -3.685413390769969e-08
44 5 -3.844852146823666e-07
65 5 -1.266926951576265e-08
86 5 -3.564798564801845e-06
92 5 -3.305853335137318e-07
95 5 -2.374344256183735e-07
101 5 -1.475293189000218e-06
104 5 -2.490754100221003e-07
110 5 -1.55903911136418e-06
113 5 -3.282003237307886e-06
3 6 6.150724409799195e-08
6 6 1.49820622903417e-06
9 6 -2.702843373246801e-08
12 6 6.466013337828956e-08
15 6 -2.83859720224822e-08
30 6 8.862661671081854e-08
33 6 -1.146268649562415e-08
36 6 7.727987317556266e-07
39 6 -6.916731762889724e-09
42 6 -3.685413390769969e-08
45 6 -3.844852146823666e-07
66 6 -1.266926951576265e-08
87 6 -3.564798564801845e-06
93 6 -3.305853335137318e-07
96 6 -2.374344256183735e-07
102 6 -1.475293189000218e-06
105 6 -2.490754100221003e-07
111 6 -1.55903911136418e-06
114 6 -3.282003237307886e-06
1 7 -2.700724712444164e-08
4 7 -2.702843373246801e-08
7 7 1.15887252269315e-08
28 7 -1.19820565437651e-08
31 7 4.43588226904268e-09
40 7 4.443911404981098e-09
85 7 1.094799103214208e-07
91 7 4.245360380973579e-08
94 7 1.093717508888353e-07
2 8 -2.700724712444164e-08
5 8 -2.702843373246801e-08
8 8 1.15887252269315e-08
29 8 -1.19820565437651e-08
32 8 4.43588226904268e-09
41 8 4.443911404981098e-09
86 8 1.094799103214208e-07
92 8 4.245360380973579e-08
95 8 1.093717508888353e-07
3 9 -2.700724712444164e-08
6 9 -2.702843373246801e-08
9 9 1.15887252269315e-08
30 9 -1.19820565437651e-08
33 9 4.43588226904268e-09
42 9 4.443911404981098e-09
87 9 1.094799103214208e-07
93 9 4.245360380973579e-08
96 9 1.093717508888353e-07
4 10 6.466013337828956e-08
10 10 1.595423776351441e-06
13 10 -2.842800970723884e-08
16 10 6.977369493211579e-08
19 10 -3.062616967281361e-08
34 10 9.949013903291337e-08
43 10 -1.266089735931692e-08
58 10 8.629274709414534e-07
61 10 -8.531215514130875e-09
64 10 -4.17917505144285e-08
67 10 -4.35895872854832e-07
103 10 -3.775724557390273e-06
109 10 -3.722400323826233e-07
112 10 -2.489685072525452e-07
118 10 -1.474471619663861e-08
121 10 -1.650717654256759e-06
124 10 -2.677357647961347e-07
130 10 -1.760523343263166e-06
133 10 -3.486835404064821e-06
5 11 6.466013337828956e-08
11 11 1.595423776351441e-06
14 11 -2.842800970723884e-08
17 11 6.977369493211579e-08
20 11 -3.062616967281361e-08
35 11 9.949013903291337e-08
44 11 -1.266089735931692e-08
59 11 8.629274709414534e-07
62 11 -8.531215514130875e-09
65 11 -4.17917505144285e-08
68 11 -4.35895872854832e-07
104 11 -3.775724557390273e-06
110 11 -3.722400323826233e-07
113 11 -2.489685072525452e-07
119 11 -1.474471619663861e-08
122 11 -1.650717654256759e-06
125 11 -2.677357647961347e-07
131 11 -1.760523343263166e-06
134 11 -3.486835404064821e-06
6 12 6.466013337828956e-08
12 12 1.595423776351441e-06
15 12 -2.842800970723884e-08
18 12 6.977369493211579e-08
21 12 -3.062616967281361e-08
36 12 9.949013903291337e-08
45 12 -1.266089735931692e-08
60 12 8.629274709414534e-07
63 12 -8.531215514130875e-09
66 12 -4.17917505144285e-08
69 12 -4.35895872854832e-07
105 12 -3.775724557390273e-06
111 12 -3.722400323826233e-07
114 12 -2.489685072525452e-07
120 12 -1.474471619663861e-08
123 12 -1.650717654256759e-06
126 12 -2.677357647961347e-07
132 12 -1.760523343263166e-06
135 12 -3.486835404064821e-06
4 13 -2.83859720224822e-08
10 13 -2.842800970723884e-08
13 13 1.218599006653705e-08
34 13 -1.314226869645107e-08
43 13 4.897949277538792e-09
64 13 4.914693590430279e-09
103 13 1.14921561918421e-07
109 13 4.670838283399724e-08
112 13 1.14707756379311e-07
5 14 -2.83859720224822e-08
11 14 -2.842800970723884e-08
14 14 1.218599006653705e-08
35 14 -1.314226869645107e-08
44 14 4.897949277538792e-09
65 14 4.914693590430279e-09
104 14 1.14921561918421e-07
110 14 4.670838283399724e-08
113 14 1.14707756379311e-07
6 15 -2.83859720224822e-08
12 15 -2.842800970723884e-08
15 15 1.218599006653705e-08
36 15 -1.314226869645107e-08
45 15 4.897949277538792e-09
66 15 4.914693590430279e-09
105 15 1.14921561918421e-07
111 15 4.670838283399724e-08
114 15 1.14707756379311e-07
10 16 6.977369493211579e-08
16 16 1.748471285085146e-06
19 16 -3.069669987297268e-08
58 16 1.185274033773637e-07
67 16 -1.472956860530699e-08
118 16 -5.060335212960838e-08
124 16 -4.109549902168529e-06
130 16 -4.456297099177441e-07
133 16 -2.675574749553586e-07
139 16 1.010188143013277e-06
142 16 -1.169554844112666e-08
145 16 -5.228819091639819e-07
148 16 7.774153585520744e-08
151 16 -3.41221121450406e-08
154 16 -1.828491543851158e-08
157 16 -1.944808446595729e-06
160 16 -2.965058343288387e-07
166 16 -2.091925419682677e-06
169 16 -3.800666199174899e-06
11 17 6.977369493211579e-08
17 17 1.748471285085146e-06
20 17 -3.069669987297268e-08
59 17 1.185274033773637e-07
68 17 -1.472956860530699e-08
119 17 -5.060335212960838e-08
125 17 -4.109549902168529e-06
131 17 -4.456297099177441e-07
134 17 -2.675574749553586e-07
140 17 1.010188143013277e-06
143 17 -1.169554844112666e-08
146 17 -5.228819091639819e-07
149 17 7.774153585520744e-08
152 17 -3.41221121450406e-08
155 17 -1.828491543851158e-08
158 17 -1.944808446595729e-06
161 17 -2.965058343288387e-07
167 17 -2.091925419682677e-06
170 17 -3.800666199174899e-06
12 18 6.977369493211579e-08
18 18 1.748471285085146e-06
21 18 -3.069669987297268e-08
60 18 1.185274033773637e-07
69 18 -1.472956860530699e-08
120 18 -5.060335212960838e-08
126 18 -4.109549902168529e-06
132 18 -4.456297099177441e-07
135 18 -2.675574749553586e-07
141 18 1.010188143013277e-06
144 18 -1.169554844112666e-08
147 18 -5.228819091639819e-07
150 18 7.774153585520744e-08
153 18 -3.41221121450406e-08
156 18 -1.828491543851158e-08
159 18 -1.944808446595729e-06
162 18 -2.965058343288387e-07
168 18 -2.091925419682677e-06
171 18 -3.800666199174899e-06
10 19 -3.062616967281361e-08
16 19 -3.069669987297268e-08
19 19 1.315576686363138e-08
58 19 -1.511495562813533e-08
67 19 5.697019164160258e-09
118 19 5.727314346823472e-09
124 19 1.23689827273369e-07
130 19 5.399202930272438e-08
133 19 1.233332475918173e-07
11 20 -3.062616967281361e-08
17 20 -3.069669987297268e-08
20 20 1.315576686363138e-08
59 20 -1.511495562813533e-08
68 20 5.697019164160258e-09
119 20 5.727314346823472e-09
125 20 1.23689827273369e-07
131 20 5.399202930272438e-08
134 20 1.233332475918173e-07
12 21 -3.062616967281361e-08
18 21 -3.069669987297268e-08
21 21 1.315576686363138e-08
60 21 -1.511495562813533e-08
69 21 5.697019164160258e-09
120 21 5.727314346823472e-09
126 21 1.23689827273369e-07
132 21 5.399202930272438e-08
135 21 1.233332475918173e-07
1 22 -2.629129866441912e-08
22 22 1.127540925531357e-08
25 22 -2.628726666541339e-08
49 22 -1.139178483286076e-08
52 22 4.205418851768651e-09
55 22 4.203932839047757e-09
70 22 1.066004732159308e-07
76 22 4.029778052153443e-08
79 22 1.065798447849623e-07
2 23 -2.629129866441912e-08
23 23 1.127540925531357e-08
26 23 -2.628726666541339e-08
50 23 -1.139178483286076e-08
53 23 4.205418851768651e-09
56 23 4.203932839047757e-09
71 23 1.066004732159308e-07
77 23 4.029778052153443e-08
80 23 1.065798447849623e-07
3 24 -2.629129866441912e-08
24 24 1.127540925531357e-08
27 24 -2.628726666541339e-08
51 24 -1.139178483286076e-08
54 24 4.205418851768651e-09
57 24 4.203932839047757e-09
72 24 1.066004732159308e-07
78 24 4.029778052153443e-08
81 24 1.065798447849623e-07
1 25 5.985415543285564e-08
22 25 -2.628726666541339e-08
25 25 1.250688059754983e-06
49 25 6.640511240081051e-07
52 25 -1.085981485379077e-08
55 25 -3.289926169930368e-07
70 25 -2.313811875816487e-07
76 25 -1.387870841182357e-06
79 25 -3.098174204949934e-06
178 25 -1.209689293930959e-06
181 25 -2.685855564662147e-06
2 26 5.985415543285564e-08
23 26 -2.628726666541339e-08
26 26 1.250688059754983e-06
50 26 6.640511240081051e-07
53 26 -1.085981485379077e-08
56 26 -3.289926169930368e-07
71 26 -2.313811875816487e-07
77 26 -1.387870841182357e-06
80 26 -3.098174204949934e-06
179 26 -1.209689293930959e-06
182 26 -2.685855564662147e-06
3 27 5.985415543285564e-08
24 27 -2.628726666541339e-08
27 27 1.250688059754983e-06
51 27 6.640511240081051e-07
54 27 -1.085981485379077e-08
57 27 -3.289926169930368e-07
72 27 -2.313811875816487e-07
78 27 -1.387870841182357e-06
81 27 -3.098174204949934e-06
180 27 -1.209689293930959e-06
183 27 -2.685855564662147e-06
1 28 7.212237695258153e-07
4 28 8.862661671081854e-08
7 28 -1.19820565437651e-08
28 28 4.511970902333512e-06
31 28 -2.982742538942443e-07
34 28 1.45831008393092e-07
37 28 -4.725548102909743e-08
40 28 -3.039593117115163e-08
43 28 -7.227053613025732e-09
46 28 -3.741474479955371e-08
49 28 1.181828021602349e-07
52 28 -6.439430230095629e-09
70 28 -1.462477094736025e-06
76 28 -4.042055401173071e-07
82 28 -6.946458143322868e-06
85 28 -3.475472948402006e-07
91 28 -9.774240672442807e-06
94 28 -1.527749322088519e-06
100 28 -4.853915573900858e-07
187 28 2.098911634754424e-12
190 28 -5.181330878366227e-14
199 28 -1.27148598366038e-15
205 28 -2.850628642156505e-06
208 28 3.063001763680314e-06
211 28 -6.457512237652497e-08
214 28 -5.507239984275107e-13
220 28 -9.502265409050947e-08
226 28 -7.834100293942255e-12
229 28 -9.142997009725262e-07
232 28 -1.737883012988141e-06
2 29 7.212237695258153e-07
5 29 8.862661671081854e-08
8 29 -1.19820565437651e-08
29 29 4.511970902333512e-06
32 29 -2.982742538942443e-07
35 29 1.45831008393092e-07
38 29 -4.725548102909743e-08
41 29 -3.039593117115163e-08
44 29 -7.227053613025732e-09
47 29 -3.741474479955371e-08
50 29 1.181828021602349e-07
53 29 -6.439430230095629e-09
71 29 -1.462477094736025e-06
77 29 -4.042055401173071e-07
83 29 -6.946458143322868e-06
86 29 -3.475472948402006e-07
92 29 -9.774240672442807e-06
95 29 -1.527749322088519e-06
101 29 -4.853915573900858e-07
188 29 2.098911634754424e-12
191 29 -5.181330878366227e-14
200 29 -1.27148598366038e-15
206 29 -2.850628642156505e-06
209 29 3.063001763680314e-06
212 29 -6.457512237652497e-08
215 29 -5.507239984275107e-13
221 29 -9.502265409050947e-08
227 29 -7.834100293942255e-12
230 29 -9.142997009725262e-07
233 29 -1.737883012988141e-06
3 30 7.212237695258153e-07
6 30 8.862661671081854e-08
9 30 -1.19820565437651e-08
30 30 4.511970902333512e-06
33 30 -2.982742538942443e-07
36 30 1.45831008393092e-07
39 30 -4.725548102909743e-08
42 30 -3.039593117115163e-08
45 30 -7.227053613025732e-09
48 30 -3.741474479955372e-08
51 30 1.181828021602349e-07
54 30 -6.439430230095629e-09
72 30 -1.462477094736025e-06
78 30 -4.042055401173071e-07
84 30 -6.946458143322868e-06
87 30 -3.475472948402006e-07
93 30 -9.774240672442807e-06
96 30 -1.527749322088519e-06
102 30 -4.853915573900858e-07
189 30 2.098911634754424e-12
192 30 -5.181330878366227e-14
201 30 -1.27148598366038e-15
207 30 -2.850628642156505e-06
210 30 3.063001763680314e-06
213 30 -6.457512237652497e-08
216 30 -5.507239984275107e-13
222 30 -9.502265409050947e-08
228 30 -7.834100293942255e-12
231 30 -9.142997009725262e-07
234 30 -1.737883012988141e-06
1 31 -3.556849291018449e-07
4 31 -1.146268649562415e-08
7 31 4.43588226904268e-09
28 31 -2.982742538942443e-07
31 31 1.393181877941631e-07
40 31 3.405171308699196e-09
46 31 1.789628268998213e-09
49 31 -6.444923776066723e-09
52 31 2.376620792380508e-09
70 31 7.587844688467504e-07
76 31 2.33920872199442e-08
82 31 5.905123986733162e-07
85 31 4.245360380973579e-08
91 31 6.188893938387352e-07
94 31 7.89827045074292e-07
2 32 -3.556849291018449e-07
5 32 -1.146268649562415e-08
8 32 4.43588226904268e-09
29 32 -2.982742538942443e-07
32 32 1.393181877941631e-07
41 32 3.405171308699196e-09
47 32 1.789628268998213e-09
50 32 -6.444923776066723e-09
53 32 2.376620792380508e-09
71 32 7.587844688467504e-07
77 32 2.33920872199442e-08
83 32 5.905123986733162e-07
86 32 4.245360380973579e-08
92 32 6.188893938387352e-07
95 32 7.89827045074292e-07
3 33 -3.556849291018449e-07
6 33 -1.146268649562415e-08
9 33 4.43588226904268e-09
30 33 -2.982742538942443e-07
33 33 1.393181877941631e-07
42 33 3.405171308699196e-09
48 33 1.789628268998213e-09
51 33 -6.444923776066723e-09
54 33 2.376620792380508e-09
72 33 7.587844688467504e-07
78 33 2.33920872199442e-08
84 33 5.905123986733162e-07
87 33 4.245360380973579e-08
93 33 6.188893938387352e-07
96 33 7.89827045074292e-07
4 34 7.727987317556266e-07
10 34 9.949013903291337e-08
13 34 -1.314226869645107e-08
28 34 1.45831008393092e-07
34 34 5.809358128268906e-06
37 34 -4.776634401966868e-08
40 34 -7.216241049936215e-09
43 34 -3.315336082850691e-07
58 34 2.186995390325815e-07
61 34 -7.476748241023157e-08
64 34 -3.576474118015572e-08
67 34 -8.851876762535004e-09
85 34 -1.55464333266987e-06
91 34 -4.843341263668476e-07
100 34 -8.019948502312878e-06
103 34 -3.882224915872891e-07
109 34 -1.227406396945165e-05
112 34 -1.637899108020931e-06
121 34 -6.747902909891015e-07
187 34 1.887110356536124e-13
190 34 -1.270804686366533e-15
193 34 1.893506209537418e-09
196 34 -9.192964583216249e-16
199 34 -4.912024817870309e-15
202 34 -1.978530019754166e-10
220 34 -4.333499144214719e-06
226 34 -7.515633503664293e-13
229 34 -9.477874128391475e-08
241 34 -7.200261717897927e-12
244 34 -1.517902761483838e-09
247 34 -1.992647946551449e-07
253 34 -6.02211995428989e-09
256 34 -1.973192887668775e-06
5 35 7.727987317556266e-07
11 35 9.949013903291337e-08
14 35 -1.314226869645107e-08
29 35 1.45831008393092e-07
35 35 5.809358128268906e-06
38 35 -4.776634401966868e-08
41 35 -7.216241049936215e-09
44 35 -3.315336082850691e-07
59 35 2.186995390325815e-07
62 35 -7.476748241023157e-08
65 35 -3.576474118015572e-08
68 35 -8.851876762535004e-09
86 35 -1.55464333266987e-06
92 35 -4.843341263668476e-07
101 35 -8.019948502312878e-06
104 35 -3.882224915872891e-07
110 35 -1.227406396945165e-05
113 35 -1.637899108020931e-06
122 35 -6.747902909891015e-07
188 35 1.887110356536124e-13
191 35 -1.270804686366533e-15
194 35 1.893506209537418e-09
197 35 -9.192964583216249e-16
200 35 -4.912024817870309e-15
203 35 -1.978530019754166e-10
221 35 -4.333499144214719e-06
227 35 -7.515633503664293e-13
230 35 -9.477874128391475e-08
242 35 -7.200261717897927e-12
245 35 -1.517902761483838e-09
248 35 -1.992647946551449e-07
254 35 -6.02211995428989e-09
257 35 -1.973192887668775e-06
6 36 7.727987317556266e-07
12 36 9.949013903291337e-08
15 36 -1.314226869645107e-08
30 36 1.45831008393092e-07
36 36 5.809358128268906e-06
39 36 -4.776634401966868e-08
42 36 -7.216241049936215e-09
45 36 -3.315336082850691e-07
60 36 2.186995390325815e-07
63 36 -7.476748241023157e-08
66 36 -3.576474118015572e-08
69 36 -8.851876762535004e-09
87 36 -1.55464333266987e-06
93 36 -4.843341263668476e-07
102 36 -8.019948502312878e-06
105 36 -3.882224915872891e-07
111 36 -1.227406396945165e-05
114 36 -1.637899108020931e-06
123 36 -6.747902909891015e-07
189 36 1.887110356536124e-13
192 36 -1.270804686366533e-15
195 36 1.893506209537418e-09
198 36 -9.192964583216249e-16
201 36 -4.912024817870309e-15
204 36 -1.978530019754166e-10
222 36 -4.333499144214719e-06
228 36 -7.515633503664293e-13
231 36 -9.477874128391475e-08
243 36 -7.200261717897927e-12
246 36 -1.517902761483838e-09
249 36 -1.992647946551449e-07
255 36 -6.02211995428989e-09
258 36 -1.973192887668775e-06
4 37 -6.916731762889724e-09
28 37 -4.725548102909743e-08
34 37 -4.776634401966868e-08
37 37 1.461482008891441e-08
40 37 2.056827949953311e-09
43 37 2.078453076132358e-09
85 37 2.620911767569856e-08
91 37 1.673369747255714e-07
100 37 1.694518367720472e-07
187 37 -1.274030377161748e-15
190 37 2.712744012380019e-17
199 37 2.849003471148993e-17
220 37 2.714782580633984e-08
226 37 5.062542686932771e-15
229 37 2.666000019315057e-08
5 38 -6.916731762889724e-09
29 38 -4.725548102909743e-08
35 38 -4.776634401966868e-08
38 38 1.461482008891441e-08
41 38 2.056827949953311e-09
44 38 2.078453076132358e-09
86 38 2.620911767569856e-08
92 38 1.673369747255714e-07
101 38 1.694518367720472e-07
188 38 -1.274030377161748e-15
191 38 2.712744012380019e-17
200 38 2.849003471148993e-17
221 38 2.714782580633984e-08
227 38 5.062542686932771e-15
230 38 2.666000019315057e-08
6 39 -6.916731762889724e-09
30 39 -4.725548102909743e-08
36 39 -4.776634401966868e-08
39 39 1.461482008891441e-08
42 39 2.056827949953311e-09
45 39 2.078453076132358e-09
87 39 2.620911767569856e-08
93 39 1.673369747255714e-07
102 39 1.694518367720472e-07
189 39 -1.274030377161748e-15
192 39 2.712744012380019e-17
201 39 2.849003471148993e-17
222 39 2.714782580633984e-08
228 39 5.062542686932771e-15
231 39 2.666000019315057e-08
1 40 -1.146670106359337e-08
4 40 -3.685413390769969e-08
7 40 4.443911404981098e-09
28 40 -3.039593117115163e-08
31 40 3.405171308699196e-09
34 40 -7.216241049936215e-09
37 40 2.056827949953311e-09
40 40 1.213281114808716e-08
43 40 2.677471650225324e-09
85 40 1.518786234099302e-07
91 40 1.179547007569928e-07
94 40 4.24536038097358e-08
100 40 2.620911767569856e-08
2 41 -1.146670106359337e-08
5 41 -3.685413390769969e-08
8 41 4.443911404981098e-09
29 41 -3.039593117115163e-08
32 41 3.405171308699196e-09
35 41 -7.216241049936215e-09
38 41 2.056827949953311e-09
41 41 1.213281114808716e-08
44 41 2.677471650225324e-09
86 41 1.518786234099302e-07
92 41 1.179547007569928e-07
95 41 4.24536038097358e-08
101 41 2.620911767569856e-08
3 42 -1.146670106359337e-08
6 42 -3.685413390769969e-08
9 42 4.443911404981098e-09
30 42 -3.039593117115163e-08
33 42 3.405171308699196e-09
36 42 -7.216241049936215e-09
39 42 2.056827949953311e-09
42 42 1.213281114808716e-08
45 42 2.677471650225324e-09
87 42 1.518786234099302e-07
93 42 1.179547007569928e-07
96 42 4.24536038097358e-08
102 42 2.620911767569856e-08
4 43 -3.844852146823666e-07
10 43 -1.266089735931692e-08
13 43 4.897949277538792e-09
28 43 -7.227053613025732e-09
34 43 -3.315336082850691e-07
37 43 2.078453076132358e-09
40 43 2.677471650225324e-09
43 43 1.565977370356139e-07
64 43 3.951950916161933e-09
85 43 8.131075398313799e-07
91 43 2.620911767569857e-08
100 43 6.544072524920684e-07
103 43 4.670838283399726e-08
109 43 6.970467386915861e-07
112 43 8.54766732005083e-07
5 44 -3.844852146823666e-07
11 44 -1.266089735931692e-08
14 44 4.897949277538792e-09
29 44 -7.227053613025732e-09
35 44 -3.315336082850691e-07
38 44 2.078453076132358e-09
41 44 2.677471650225324e-09
44 44 1.565977370356139e-07
65 44 3.951950916161933e-09
86 44 8.131075398313799e-07
92 44 2.620911767569857e-08
101 44 6.544072524920684e-07
104 44 4.670838283399726e-08
110 44 6.970467386915861e-07
113 44 8.54766732005083e-07
6 45 -3.844852146823666e-07
12 45 -1.266089735931692e-08
15 45 4.897949277538792e-09
30 45 -7.227053613025732e-09
36 45 -3.315336082850691e-07
39 45 2.078453076132358e-09
42 45 2.677471650225324e-09
45 45 1.565977370356139e-07
66 45 3.951950916161933e-09
87 45 8.131075398313799e-07
93 45 2.620911767569857e-08
102 45 6.544072524920684e-07
105 45 4.670838283399726e-08
111 45 6.970467386915861e-07
114 45 8.54766732005083e-07
1 46 -6.145933968404482e-09
28 46 -3.741474479955371e-08
31 46 1.789628268998213e-09
46 46 1.108123801461084e-08
49 46 -3.719260713986592e-08
52 46 1.778641177056038e-09
70 46 2.339208721994421e-08
76 46 1.347302875377164e-07
82 46 1.356901589216107e-07
205 46 1.784786703210068e-08
208 46 -3.531374473502734e-08
211 46 1.768354333004275e-08
2 47 -6.145933968404482e-09
29 47 -3.741474479955371e-08
32 47 1.789628268998213e-09
47 47 1.108123801461084e-08
50 47 -3.719260713986592e-08
53 47 1.778641177056038e-09
71 47 2.339208721994421e-08
77 47 1.347302875377164e-07
83 47 1.356901589216107e-07
206 47 1.784786703210068e-08
209 47 -3.531374473502734e-08
212 47 1.768354333004275e-08
3 48 -6.145933968404482e-09
30 48 -3.741474479955371e-08
33 48 1.789628268998213e-09
48 48 1.108123801461084e-08
51 48 -3.719260713986592e-08
54 48 1.778641177056038e-09
72 48 2.339208721994421e-08
78 48 1.347302875377164e-07
84 48 1.356901589216107e-07
207 48 1.784786703210068e-08
210 48 -3.531374473502734e-08
213 48 1.768354333004275e-08
1 49 8.313022571480515e-08
22 49 -1.139178483286076e-08
25 49 6.640511240081051e-07
28 49 1.181828021602349e-07
31 49 -6.444923776066723e-09
46 49 -3.719260713986592e-08
49 49 3.850554375446958e-06
52 49 -2.778304166607404e-08
55 49 -2.726422143410866e-07
70 49 -3.268236726927579e-07
76 49 -8.72544733347477e-06
79 49 -1.475947314645079e-06
82 49 -4.046854758092545e-07
178 49 -5.854821888379909e-06
181 49 -1.288117945333867e-06
205 49 -6.465728422755399e-08
208 49 8.623038263209413e-07
211 49 -6.117315083877385e-07
268 49 -1.114560631272091e-06
271 49 -2.276373437637272e-06
274 49 2.652427971256954e-06
2 50 8.313022571480515e-08
23 50 -1.139178483286076e-08
26 50 6.640511240081051e-07
29 50 1.181828021602349e-07
32 50 -6.444923776066723e-09
47 50 -3.719260713986592e-08
50 50 3.850554375446958e-06
53 50 -2.778304166607404e-08
56 50 -2.726422143410866e-07
71 50 -3.268236726927579e-07
77 50 -8.72544733347477e-06
80 50 -1.475947314645079e-06
83 50 -4.046854758092545e-07
179 50 -5.854821888379909e-06
182 50 -1.288117945333867e-06
206 50 -6.465728422755399e-08
209 50 8.623038263209413e-07
212 50 -6.117315083877385e-07
269 50 -1.114560631272091e-06
272 50 -2.276373437637272e-06
275 50 2.652427971256954e-06
3 51 8.313022571480515e-08
24 51 -1.139178483286076e-08
27 51 6.640511240081051e-07
30 51 1.181828021602349e-07
33 51 -6.444923776066723e-09
48 51 -3.719260713986592e-08
51 51 3.850554375446958e-06
54 51 -2.778304166607404e-08
57 51 -2.726422143410866e-07
72 51 -3.268236726927579e-07
78 51 -8.72544733347477e-06
81 51 -1.475947314645079e-06
84 51 -4.046854758092545e-07
180 51 -5.854821888379909e-06
183 51 -1.288117945333867e-06
207 51 -6.465728422755399e-08
210 51 8.623038263209413e-07
213 51 -6.117315083877385e-07
270 51 -1.114560631272091e-06
273 51 -2.276373437637272e-06
276 51 2.652427971256954e-06
1 52 -3.43760879158515e-08
22 52 4.205418851768651e-09
25 52 -1.085981485379077e-08
28 52 -6.439430230095629e-09
31 52 2.376620792380508e-09
46 52 1.778641177056038e-09
49 52 -2.778304166607404e-08
52 52 1.100910097561526e-08
55 52 3.139992880907762e-09
70 52 1.420151764046314e-07
76 52 1.075566479753835e-07
79 52 4.029778052153442e-08
82 52 2.33920872199442e-08
2 53 -3.43760879158515e-08
23 53 4.205418851768651e-09
26 53 -1.085981485379077e-08
29 53 -6.439430230095629e-09
32 53 2.376620792380508e-09
47 53 1.778641177056038e-09
50 53 -2.778304166607404e-08
53 53 1.100910097561526e-08
56 53 3.139992880907762e-09
71 53 1.420151764046314e-07
77 53 1.075566479753835e-07
80 53 4.029778052153442e-08
83 53 2.33920872199442e-08
3 54 -3.43760879158515e-08
24 54 4.205418851768651e-09
27 54 -1.085981485379077e-08
30 54 -6.439430230095629e-09
33 54 2.376620792380508e-09
48 54 1.778641177056038e-09
51 54 -2.778304166607404e-08
54 54 1.100910097561526e-08
57 54 3.139992880907762e-09
72 54 1.420151764046314e-07
78 54 1.075566479753835e-07
81 54 4.029778052153442e-08
84 54 2.33920872199442e-08
1 55 -1.085907184743032e-08
22 55 4.203932839047757e-09
25 55 -3.289926169930368e-07
49 55 -2.726422143410866e-07
52 55 3.139992880907762e-09
55 55 1.275451597935329e-07
70 55 4.029778052153443e-08
76 55 5.83684364386464e-07
79 55 7.598373113119184e-07
178 55 5.208762132702351e-07
181 55 6.777335160760571e-07
2 56 -1.085907184743032e-08
23 56 4.203932839047757e-09
26 56 -3.289926169930368e-07
50 56 -2.726422143410866e-07
53 56 3.139992880907762e-09
56 56 1.275451597935329e-07
71 56 4.029778052153443e-08
77 56 5.83684364386464e-07
80 56 7.598373113119184e-07
179 56 5.208762132702351e-07
182 56 6.777335160760571e-07
3 57 -1.085907184743032e-08
24 57 4.203932839047757e-09
27 57 -3.289926169930368e-07
51 57 -2.726422143410866e-07
54 57 3.139992880907762e-09
57 57 1.275451597935329e-07
72 57 4.029778052153443e-08
78 57 5.83684364386464e-07
81 57 7.598373113119184e-07
180 57 5.208762132702351e-07
183 57 6.777335160760571e-07
10 58 8.629274709414534e-07
16 58 1.185274033773637e-07
19 58 -1.511495562813533e-08
34 58 2.186995390325815e-07
58 58 8.817287623421625e-06
61 58 -7.623906820670813e-08
64 58 -8.830802303760508e-09
67 58 -3.925012165266472e-07
103 58 -1.718927008352705e-06
109 58 -6.719850235775829e-07
118 58 -4.573596667659843e-08
121 58 -1.012818825369089e-05
124 58 -4.587421996986722e-07
130 58 -1.727095671688923e-05
133 58 -1.8245365475916e-06
139 58 4.242806338984601e-07
142 58 -1.633813400618571e-07
145 58 -1.199772355563181e-08
157 58 -1.111061305608173e-06
193 58 2.547716149633972e-10
202 58 -7.175452478206168e-12
241 58 -2.878832761928216e-11
247 58 -8.380281010387714e-06
253 58 -1.000499434612308e-09
256 58 -1.982453935111955e-07
283 58 4.917669204709715e-08
286 58 -5.975833204900641e-12
289 58 -1.100702494891745e-08
292 58 -5.584953522406193e-10
295 58 -5.773366083904533e-08
298 58 -5.962723792182294e-07
304 58 -1.377265269567469e-07
307 58 -5.352197291551805e-06
11 59 8.629274709414534e-07
17 59 1.185274033773637e-07
20 59 -1.511495562813533e-08
35 59 2.186995390325815e-07
59 59 8.817287623421625e-06
62 59 -7.623906820670813e-08
65 59 -8.830802303760508e-09
68 59 -3.925012165266472e-07
104 59 -1.718927008352705e-06
110 59 -6.719850235775829e-07
119 59 -4.573596667659843e-08
122 59 -1.012818825369089e-05
125 59 -4.587421996986722e-07
131 59 -1.727095671688923e-05
134 59 -1.8245365475916e-06
140 59 4.242806338984601e-07
143 59 -1.633813400618571e-07
146 59 -1.199772355563181e-08
158 59 -1.111061305608173e-06
194 59 2.547716149633972e-10
203 59 -7.175452478206168e-12
242 59 -2.878832761928216e-11
248 59 -8.380281010387714e-06
254 59 -1.000499434612308e-09
257 59 -1.982453935111955e-07
284 59 4.917669204709715e-08
287 59 -5.975833204900641e-12
290 59 -1.100702494891745e-08
293 59 -5.584953522406193e-10
296 59 -5.773366083904533e-08
299 59 -5.962723792182294e-07
305 59 -1.377265269567469e-07
308 59 -5.352197291551805e-06
12 60 8.629274709414534e-07
18 60 1.185274033773637e-07
21 60 -1.511495562813533e-08
36 60 2.186995390325815e-07
60 60 8.817287623421625e-06
63 60 -7.623906820670813e-08
66 60 -8.830802303760508e-09
69 60 -3.925012165266472e-07
105 60 -1.718927008352705e-06
111 60 -6.719850235775829e-07
120 60 -4.573596667659843e-08
123 60 -1.012818825369089e-05
126 60 -4.587421996986722e-07
132 60 -1.727095671688923e-05
135 60 -1.8245365475916e-06
141 60 4.242806338984601e-07
144 60 -1.633813400618571e-07
147 60 -1.199772355563181e-08
159 60 -1.111061305608173e-06
195 60 2.547716149633972e-10
204 60 -7.175452478206168e-12
243 60 -2.878832761928216e-11
249 60 -8.380281010387714e-06
255 60 -1.000499434612308e-09
258 60 -1.982453935111955e-07
285 60 4.917669204709715e-08
288 60 -5.975833204900641e-12
291 60 -1.100702494891745e-08
294 60 -5.584953522406193e-10
297 60 -5.773366083904533e-08
300 60 -5.962723792182294e-07
306 60 -1.377265269567469e-07
309 60 -5.352197291551805e-06
10 61 -8.531215514130875e-09
34 61 -7.476748241023157e-08
58 61 -7.623906820670813e-08
61 61 2.472452298227161e-08
64 61 2.665745632243435e-09
67 61 2.707894549792407e-09
103 61 3.205829000353933e-08
109 61 2.487659983795547e-07
121 61 2.543765332025898e-07
193 61 -7.249558306398102e-12
202 61 6.59514181763514e-13
241 61 7.091326611470489e-13
247 61 6.115997742518576e-08
253 61 2.819050738744501e-11
256 61 5.91211751372863e-08
11 62 -8.531215514130875e-09
35 62 -7.476748241023157e-08
59 62 -7.623906820670813e-08
62 62 2.472452298227161e-08
65 62 2.665745632243435e-09
68 62 2.707894549792407e-09
104 62 3.205829000353933e-08
110 62 2.487659983795547e-07
122 62 2.543765332025898e-07
194 62 -7.249558306398102e-12
203 62 6.59514181763514e-13
242 62 7.091326611470489e-13
248 62 6.115997742518576e-08
254 62 2.819050738744501e-11
257 62 5.91211751372863e-08
12 63 -8.531215514130875e-09
36 63 -7.476748241023157e-08
60 63 -7.623906820670813e-08
63 63 2.472452298227161e-08
66 63 2.665745632243435e-09
69 63 2.707894549792407e-09
105 63 3.205829000353933e-08
111 63 2.487659983795547e-07
123 63 2.543765332025898e-07
195 63 -7.249558306398102e-12
204 63 6.59514181763514e-13
243 63 7.091326611470489e-13
249 63 6.115997742518576e-08
255 63 2.819050738744501e-11
258 63 5.91211751372863e-08
4 64 -1.266926951576265e-08
10 64 -4.17917505144285e-08
13 64 4.914693590430279e-09
34 64 -3.576474118015572e-08
43 64 3.951950916161933e-09
58 64 -8.830802303760508e-09
61 64 2.665745632243435e-09
64 64 1.446574541556006e-08
67 64 3.307068129051717e-09
103 64 1.71403383498929e-07
109 64 1.394384650895987e-07
112 64 4.670838283399724e-08
121 64 3.205829000353933e-08
5 65 -1.266926951576265e-08
11 65 -4.17917505144285e-08
14 65 4.914693590430279e-09
35 65 -3.576474118015572e-08
44 65 3.951950916161933e-09
59 65 -8.830802303760508e-09
62 65 2.665745632243435e-09
65 65 1.446574541556006e-08
68 65 3.307068129051717e-09
104 65 1.71403383498929e-07
110 65 1.394384650895987e-07
113 65 4.670838283399724e-08
122 65 3.205829000353933e-08
6 66 -1.266926951576265e-08
12 66 -4.17917505144285e-08
15 66 4.914693590430279e-09
36 66 -3.576474118015572e-08
45 66 3.951950916161933e-09
60 66 -8.830802303760508e-09
63 66 2.665745632243435e-09
66 66 1.446574541556006e-08
69 66 3.307068129051717e-09
105 66 1.71403383498929e-07
111 66 1.394384650895987e-07
114 66 4.670838283399724e-08
123 66 3.205829000353933e-08
10 67 -4.35895872854832e-07
16 67 -1.472956860530699e-08
19 67 5.697019164160258e-09
34 67 -8.851876762535004e-09
58 67 -3.925012165266472e-07
61 67 2.707894549792407e-09
64 67 3.307068129051717e-09
67 67 1.890414030235117e-07
103 67 9.116160332910538e-07
109 67 3.205829000353933e-08
118 67 4.956540301166791e-09
121 67 7.751973250991632e-07
124 67 5.399202930272438e-08
130 67 8.395465097425952e-07
133 67 9.675729183994676e-07
11 68 -4.35895872854832e-07
17 68 -1.472956860530699e-08
20 68 5.697019164160258e-09
35 68 -8.851876762535004e-09
59 68 -3.925012165266472e-07
62 68 2.707894549792407e-09
65 68 3.307068129051717e-09
68 68 1.890414030235117e-07
104 68 9.116160332910538e-07
110 68 3.205829000353933e-08
119 68 4.956540301166791e-09
122 68 7.751973250991632e-07
125 68 5.399202930272438e-08
131 68 8.395465097425952e-07
134 68 9.675729183994676e-07
12 69 -4.35895872854832e-07
18 69 -1.472956860530699e-08
21 69 5.697019164160258e-09
36 69 -8.851876762535004e-09
60 69 -3.925012165266472e-07
63 69 2.707894549792407e-09
66 69 3.307068129051717e-09
69 69 1.890414030235117e-07
105 69 9.116160332910538e-07
111 69 3.205829000353933e-08
120 69 4.956540301166791e-09
123 69 7.751973250991632e-07
126 69 5.399202930272438e-08
132 69 8.395465097425952e-07
135 69 9.675729183994676e-07
1 70 -3.444753436825655e-06
22 70 1.066004732159308e-07
25 70 -2.313811875816487e-07
28 70 -1.462477094736025e-06
31 70 7.587844688467504e-07
46 70 2.339208721994421e-08
49 70 -3.268236726927579e-07
52 70 1.420151764046314e-07
55 70 4.029778052153443e-08
70 70 1.171618225304271e-05
76 70 1.209146294600305e-06
79 70 8.852063413740931e-07
82 70 3.93988706248414e-06
91 70 1.718357159066572e-06
94 70 4.304389495836081e-06
2 71 -3.444753436825655e-06
23 71 1.066004732159308e-07
26 71 -2.313811875816487e-07
29 71 -1.462477094736025e-06
32 71 7.587844688467504e-07
47 71 2.339208721994421e-08
50 71 -3.268236726927579e-07
53 71 1.420151764046314e-07
56 71 4.029778052153443e-08
71 71 1.171618225304271e-05
77 71 1.209146294600305e-06
80 71 8.852063413740931e-07
83 71 3.93988706248414e-06
92 71 1.718357159066572e-06
95 71 4.304389495836081e-06
3 72 -3.444753436825655e-06
24 72 1.066004732159308e-07
27 72 -2.313811875816487e-07
30 72 -1.462477094736025e-06
33 72 7.587844688467504e-07
48 72 2.339208721994421e-08
51 72 -3.268236726927579e-07
54 72 1.420151764046314e-07
57 72 4.029778052153443e-08
72 72 1.171618225304271e-05
78 72 1.209146294600305e-06
81 72 8.852063413740931e-07
84 72 3.93988706248414e-06
93 72 1.718357159066572e-06
96 72 4.304389495836081e-06
73 73   0.2524619032629259
74 73 -0.02186287451372504
75 73 -0.0003707017684202279
88 73 0.005892536843577113
89 73 -0.00242895515587386
90 73 -2.559424807072071e-06
97 73 -0.05633681662785792
98 73   0.0215991343199216
99 73 1.772724421978815e-07
175 73 -0.02792738541660254
176 73 0.004444273009745552
177 73 8.355819562839201e-07
184 73 0.006056055427519158
185 73 -0.001741091721065645
186 73 -7.46745661088255e-06
217 73  -0.1830662073438276
218 73  0.03279562145594339
219 73  0.02731110990325346
235 73  0.02905926066190717
236 73 -0.01786595955565638
237 73 -0.009067986170161418
277 73 -0.04514035304723981
278 73 -0.01323872051235653
279 73 0.009731405520118107
280 73 0.008210088237834066
281 73 -0.001921141458966302
282 73 3.070926740728187e-05
319 73 -2.474978038427066e-06
320 73 4.225898526054266e-08
321 73 -1.699208582245904e-05
322 73 -0.0001711564252024009
323 73 -6.403261482781657e-07
324 73 0.0002444330354934002
325 73 0.0003949682991630793
326 73 7.728070159831832e-06
327 73 -0.0005451842303757201
328 73 1.14921105232019e-06
329 73 -2.077997282015864e-07
330 73 2.077997282015864e-07
331 73 0.0003014323290318583
332 73 -4.981861776219817e-06
333 73 -0.0004308139669178668
334 73 2.609902335102706e-08
335 73 -3.91485350265406e-08
336 73 -1.29410291661835e-07
338 73 6.405642026822899e-07
339 73 2.688835098733908e-06
340 73 1.131036134655195e-07
341 73 -2.564507678761455e-06
342 73 -1.053317102591096e-05
343 73 -1.454189315985249e-07
344 73 2.298857311702507e-08
345 73 -1.617317052429354e-07
346 73 6.216294781978435e-09
347 73 -2.380544041246276e-10
348 73 -9.324442172967643e-09
73 74 -0.02186287451372504
74 74   0.2708736430625446
75 74 -0.03206566193878766
88 74 -0.001619303437249246
89 74  0.02062387895251994
90 74 -0.004270673981520795
97 74  0.01944313492645849
98 74  -0.1098466258348345
99 74  0.02863701946428643
175 74  0.00666640951461834
176 74 -0.09774349542979867
177 74  0.01420860254388746
184 74 -0.002611637581598468
185 74  0.02119619399631702
186 74 -0.006464978103069365
217 74  0.03202013834853627
218 74 -0.07782204353994852
219 74 -0.006448509087242391
235 74 -0.01695435175028162
236 74   0.0336172996887812
237 74 0.009067986170161416
277 74 -0.01252937451635895
278 74 -0.03956893327736596
279 74 0.006727123218791794
280 74 -0.002881712188449439
281 74  0.02873530883241922
282 74 -0.009463658730046873
319 74 2.817265684036178e-08
320 74 9.555244188081181e-06
321 74 -7.620462707622766e-07
322 74 -4.268840988521104e-07
323 74 -0.0001711564252024009
324 74 1.272848640905144e-05
325 74 5.325213213389202e-06
326 74 0.0003949682991630793
327 74 -5.248953171818751e-05
328 74 -3.116995923023796e-07
329 74 1.668710372824157e-06
330 74 -1.619916714379493e-06
331 74 -3.321241184146536e-06
332 74 0.000288882607484846
333 74 3.321241184146536e-06
334 74 -2.609902335102707e-08
335 74 9.13465817285949e-08
336 74 1.29410291661835e-07
337 74 4.270428017881936e-07
339 74 -3.115877900522101e-06
340 74 -1.731420971966827e-06
341 74 3.231531813300552e-08
342 74 1.221922716806926e-05
343 74 3.707490153720593e-08
344 74 -1.298781946435787e-07
345 74 2.054450990382433e-07
346 74 -1.58702936083084e-10
347 74 6.216294781978435e-09
348 74 1.58702936083084e-10
73 75 -0.0003707017684202279
74 75 -0.03206566193878766
75 75   0.3692488297677236
88 75 -1.706283204714716e-06
89 75 -0.006408143826287084
90 75 0.005892536843577113
97 75 1.18181628131921e-07
98 75   0.0333346170560777
99 75 -0.06044780022309989
175 75 1.25337293442588e-06
176 75 0.009472489887064834
177 75 -0.02792973894491284
184 75 -1.12011849163238e-05
185 75 -0.004303762521537191
186 75 0.006056055427519158
217 75  0.01842754675268539
218 75 -0.004282617420170389
219 75 -0.05884252517070759
235 75 -0.006045324113440931
236 75 0.006045324113440931
237 75   0.0139281245223752
277 75 0.006789672045474851
278 75 0.004494735740146126
279 75 -0.02003113343068849
280 75 4.606390111092273e-05
281 75 -0.006335481385640747
282 75 0.008210088237834066
319 75 -7.144816699301946e-06
320 75 -3.583416210404971e-07
321 75 4.833082314756418e-05
322 75 0.0001629553569956013
323 75 8.841394355077728e-06
324 75 -0.0005990474882083997
325 75 -0.0003636293200239811
326 75 -3.917094916303075e-05
327 75 0.001382389047070776
328 75 3.116995923023798e-07
329 75 -1.253110916420983e-06
330 75 3.502739362616699e-06
331 75 -0.0002913925517942484
332 75 4.981861776219817e-06
333 75 0.0009985394046499491
334 75 -8.627352777455671e-08
335 75 8.627352777455669e-08
336 75 2.609902335102706e-08
337 75 1.792556732489269e-06
338 75 -2.433120935171559e-06
340 75 -7.02729426292563e-06
341 75 9.556378476163089e-06
342 75 3.231531813300552e-08
343 75 -1.026408911769749e-07
344 75 1.604406133924636e-07
345 75 -8.017137322095711e-08
346 75 -6.216294781978435e-09
347 75 2.380544041246276e-10
348 75 2.175703173692452e-08
1 76 -3.095944084781342e-07
22 76 4.029778052153443e-08
25 76 -1.387870841182357e-06
28 76 -4.042055401173071e-07
31 76 2.33920872199442e-08
46 76 1.347302875377164e-07
49 76 -8.72544733347477e-06
52 76 1.075566479753835e-07
55 76 5.83684364386464e-07
70 76 1.209146294600305e-06
76 76 2.596142345169368e-05
79 76 4.020364698535328e-06
82 76 1.412295753740117e-06
178 76 8.045849499460666e-06
181 76 1.666973832598003e-06
205 76 1.820941908930619e-07
208 76 -2.477495085093481e-06
211 76 1.619255684209289e-06
268 76 2.157514736984667e-06
271 76 4.15229670106407e-06
274 76 -5.524236139292055e-06
2 77 -3.095944084781342e-07
23 77 4.029778052153443e-08
26 77 -1.387870841182357e-06
29 77 -4.042055401173071e-07
32 77 2.33920872199442e-08
47 77 1.347302875377164e-07
50 77 -8.72544733347477e-06
53 77 1.075566479753835e-07
56 77 5.83684364386464e-07
71 77 1.209146294600305e-06
77 77 2.596142345169368e-05
80 77 4.020364698535328e-06
83 77 1.412295753740117e-06
179 77 8.045849499460666e-06
182 77 1.666973832598003e-06
206 77 1.820941908930619e-07
209 77 -2.477495085093481e-06
212 77 1.619255684209289e-06
269 77 2.157514736984667e-06
272 77 4.15229670106407e-06
275 77 -5.524236139292055e-06
3 78 -3.095944084781342e-07
24 78 4.029778052153443e-08
27 78 -1.387870841182357e-06
30 78 -4.042055401173071e-07
33 78 2.33920872199442e-08
48 78 1.347302875377164e-07
51 78 -8.72544733347477e-06
54 78 1.075566479753835e-07
57 78 5.83684364386464e-07
72 78 1.209146294600305e-06
