%%MatrixMarket matrix coordinate real general
308 308 3468
1 1 0.007199999999999999
2 1              -0.0023
3 1 0.0001333333333333333
4 1 -0.0007666666666666666
5 1              -0.0023
6 1 -0.0007666666666666666
7 1 0.0001333333333333333
1 2              -0.0023
2 2  0.01659999999999999
3 2               0.0004
4 2 0.0001333333333333333
5 2 0.0002666666666666667
7 2              -0.0023
8 2              -0.0023
9 2 0.0002666666666666667
10 2              -0.0046
11 2              -0.0023
12 2 0.0001333333333333333
1 3 0.0001333333333333333
2 3               0.0004
3 3 0.009399999999999997
4 3 -0.001533333333333334
5 3              -0.0023
8 3 0.0001333333333333333
9 3              -0.0023
10 3 0.0002666666666666666
13 3 -0.001533333333333334
1 4 -0.0007666666666666666
2 4 0.0001333333333333333
3 4 -0.001533333333333334
4 4 0.003599999999999999
8 4 -0.0007666666666666665
1 5              -0.0023
2 5 0.0002666666666666667
3 5              -0.0023
5 5               0.0166
6 5 0.0001333333333333333
7 5               0.0004
10 5 -0.004599999999999999
13 5 0.0001333333333333333
14 5              -0.0023
15 5              -0.0023
16 5 0.0002666666666666666
1 6 -0.0007666666666666666
5 6 0.0001333333333333333
6 6               0.0072
7 6              -0.0023
15 6 -0.002300000000000001
17 6 -0.0007666666666666664
18 6 0.0001333333333333334
1 7 0.0001333333333333333
2 7              -0.0023
5 7               0.0004
6 7              -0.0023
7 7  0.01659999999999999
10 7 0.0002666666666666667
12 7              -0.0023
15 7 0.0002666666666666667
16 7 -0.004600000000000001
18 7 -0.002299999999999999
19 7 0.0001333333333333334
2 8              -0.0023
3 8 0.0001333333333333333
4 8 -0.0007666666666666665
8 8 0.007199999999999998
9 8              -0.0023
11 8 0.0001333333333333333
20 8 -0.0007666666666666665
2 9 0.0002666666666666667
3 9              -0.0023
8 9              -0.0023
9 9               0.1816
10 9 -0.004599999999999999
11 9               0.0004
13 9 0.0001333333333333333
20 9 0.0001333333333333333
21 9              -0.0023
22 9 0.0002666666666666666
23 9  -0.1672999999999999
2 10              -0.0046
3 10 0.0002666666666666666
5 10 -0.004599999999999999
7 10 0.0002666666666666667
9 10 -0.004599999999999999
10 10               0.1982
11 10 0.0002666666666666667
12 10               0.0004
13 10               0.0004
14 10 0.0002666666666666667
16 10 -0.004599999999999999
21 10 0.0002666666666666667
22 10              -0.1696
24 10              -0.0046
25 10 0.0002666666666666666
2 11              -0.0023
8 11 0.0001333333333333333
9 11               0.0004
10 11 0.0002666666666666667
11 11               1.0066
12 11  -0.1672999999999999
20 11  -0.1672999999999999
22 11  -0.4171000000000001
23 11 0.0002666666666666667
26 11  -0.2497999999999999
27 11 0.0001333333333333334
2 12 0.0001333333333333333
7 12              -0.0023
10 12               0.0004
11 12  -0.1672999999999999
12 12               1.0066
16 12 0.0002666666666666667
19 12  -0.1672999999999999
22 12 0.0002666666666666667
25 12  -0.4171000000000001
27 12  -0.2497999999999999
28 12 0.0001333333333333334
3 13 -0.001533333333333334
5 13 0.0001333333333333333
9 13 0.0001333333333333333
10 13               0.0004
13 13 0.009399999999999997
14 13              -0.0023
21 13              -0.0023
24 13 0.0002666666666666667
29 13 -0.001533333333333333
5 14              -0.0023
10 14 0.0002666666666666667
13 14              -0.0023
14 14               0.0166
15 14 0.0001333333333333333
16 14               0.0004
24 14 -0.004600000000000001
29 14 0.0001333333333333334
30 14 -0.002299999999999999
31 14              -0.0023
32 14 0.0002666666666666667
5 15              -0.0023
6 15 -0.002300000000000001
7 15 0.0002666666666666667
14 15 0.0001333333333333333
15 15               0.0166
16 15              -0.0046
17 15 0.0001333333333333334
18 15 0.0004000000000000001
31 15 -0.002300000000000001
33 15 -0.002299999999999999
34 15 0.0002666666666666667
5 16 0.0002666666666666666
7 16 -0.004600000000000001
10 16 -0.004599999999999999
12 16 0.0002666666666666667
14 16               0.0004
15 16              -0.0046
16 16               0.1982
18 16 0.0002666666666666668
19 16 0.0004000000000000001
24 16 0.0002666666666666667
25 16              -0.1696
31 16 0.0002666666666666667
32 16 -0.004600000000000001
34 16 -0.004599999999999998
35 16 0.0002666666666666667
6 17 -0.0007666666666666664
15 17 0.0001333333333333334
17 17 0.007199999999999999
18 17              -0.0023
33 17              -0.0023
36 17 -0.0007666666666666665
37 17 0.0001333333333333333
6 18 0.0001333333333333334
7 18 -0.002299999999999999
15 18 0.0004000000000000001
16 18 0.0002666666666666668
17 18              -0.0023
18 18               0.0166
19 18              -0.0023
33 18 0.0002666666666666667
34 18 -0.004600000000000001
37 18 -0.002299999999999999
38 18 0.0001333333333333333
7 19 0.0001333333333333334
12 19  -0.1672999999999999
16 19 0.0004000000000000001
18 19              -0.0023
19 19               1.0066
25 19 0.0002666666666666668
28 19  -0.2497999999999999
34 19 0.0002666666666666667
35 19  -0.4171000000000001
38 19  -0.1672999999999999
39 19 0.0001333333333333333
8 20 -0.0007666666666666665
9 20 0.0001333333333333333
11 20  -0.1672999999999999
20 20   0.5022000000000001
23 20  -0.2498000000000001
26 20 0.0001333333333333334
40 20 -0.08326666666666663
9 21              -0.0023
10 21 0.0002666666666666667
13 21              -0.0023
21 21               0.1816
22 21               0.0004
23 21 0.0001333333333333333
24 21 -0.004600000000000001
29 21 0.0001333333333333334
41 21 -0.002299999999999999
42 21 0.0002666666666666667
43 21  -0.1672999999999999
9 22 0.0002666666666666666
10 22              -0.1696
11 22  -0.4171000000000001
12 22 0.0002666666666666667
21 22               0.0004
22 22    2.343200000000001
23 22  -0.4170999999999999
24 22 0.0002666666666666667
25 22  -0.4170999999999999
26 22 0.0002666666666666667
27 22 0.0004000000000000001
42 22  -0.4171000000000001
43 22 0.0002666666666666667
44 22  -0.4995999999999997
45 22 0.0002666666666666667
9 23  -0.1672999999999999
11 23 0.0002666666666666667
20 23  -0.2498000000000001
21 23 0.0001333333333333333
22 23  -0.4170999999999999
23 23               1.3366
26 23 0.0004000000000000001
40 23 0.0001333333333333334
43 23  -0.2498000000000001
44 23 0.0002666666666666667
46 23  -0.2497999999999999
10 24              -0.0046
13 24 0.0002666666666666667
14 24 -0.004600000000000001
16 24 0.0002666666666666667
21 24 -0.004600000000000001
22 24 0.0002666666666666667
24 24               0.1982
25 24               0.0004
29 24 0.0004000000000000002
30 24 0.0002666666666666668
32 24 -0.004600000000000001
41 24 0.0002666666666666668
42 24              -0.1696
47 24 -0.004599999999999998
48 24 0.0002666666666666667
10 25 0.0002666666666666666
12 25  -0.4171000000000001
16 25              -0.1696
19 25 0.0002666666666666668
22 25  -0.4170999999999999
24 25               0.0004
25 25    2.343200000000001
27 25 0.0002666666666666668
28 25 0.0004000000000000002
32 25 0.0002666666666666667
35 25  -0.4170999999999999
42 25 0.0002666666666666667
45 25  -0.4995999999999998
48 25  -0.4171000000000001
49 25 0.0002666666666666668
11 26  -0.2497999999999999
20 26 0.0001333333333333334
22 26 0.0002666666666666667
23 26 0.0004000000000000001
26 26    1.328813481187245
27 26  -0.2475992357816992
40 26  -0.2476585441934751
44 26  -0.4122797291143695
46 26 0.0004657821725943455
226 26  -0.1569580208339571
227 26 0.005781807407815782
11 27 0.0001333333333333334
12 27  -0.2497999999999999
22 27 0.0004000000000000001
25 27 0.0002666666666666668
26 27  -0.2475992357816992
27 27    1.331666171562246
28 27  -0.2474863627728972
44 27 0.0004769373015037597
45 27  -0.4107593661604704
227 27  -0.1490606757211023
228 27 0.009036722442537823
12 28 0.0001333333333333334
19 28  -0.2497999999999999
25 28 0.0004000000000000002
27 28  -0.2474863627728972
28 28    1.330936406929149
35 28 0.0002666666666666667
39 28   -0.247298546471255
45 28 0.0005024108157311521
49 28  -0.4101548837219616
228 28  -0.1484077883362632
229 28 0.009178848605459988
13 29 -0.001533333333333333
14 29 0.0001333333333333334
21 29 0.0001333333333333334
24 29 0.0004000000000000002
29 29 0.009400000000000002
30 29 -0.002300000000000001
41 29 -0.002300000000000001
47 29 0.0002666666666666668
54 29 -0.001533333333333334
14 30 -0.002299999999999999
24 30 0.0002666666666666668
29 30 -0.002300000000000001
30 30               0.0166
31 30 0.0001333333333333334
32 30 0.0004000000000000002
47 30 -0.004600000000000003
54 30 0.0001333333333333334
55 30 -0.002300000000000001
56 30 -0.002300000000000001
57 30 0.0002666666666666668
14 31              -0.0023
15 31 -0.002300000000000001
16 31 0.0002666666666666667
30 31 0.0001333333333333334
31 31               0.0166
32 31 -0.004600000000000002
33 31 0.0001333333333333334
34 31 0.0004000000000000001
56 31 -0.002299999999999999
58 31 -0.002299999999999999
59 31 0.0002666666666666668
14 32 0.0002666666666666667
16 32 -0.004600000000000001
24 32 -0.004600000000000001
25 32 0.0002666666666666667
30 32 0.0004000000000000002
31 32 -0.004600000000000002
32 32               0.1982
34 32 0.0002666666666666668
35 32 0.0004000000000000001
47 32 0.0002666666666666668
48 32              -0.1696
56 32 0.0002666666666666668
57 32 -0.004599999999999998
59 32 -0.004599999999999998
60 32 0.0002666666666666668
15 33 -0.002299999999999999
17 33              -0.0023
18 33 0.0002666666666666667
31 33 0.0001333333333333334
33 33  0.01659999999999999
34 33              -0.0046
36 33 0.0001333333333333333
37 33 0.0003999999999999999
58 33              -0.0023
61 33              -0.0023
62 33 0.0002666666666666666
15 34 0.0002666666666666667
16 34 -0.004599999999999998
18 34 -0.004600000000000001
19 34 0.0002666666666666667
31 34 0.0004000000000000001
32 34 0.0002666666666666668
33 34              -0.0046
34 34   0.1981999999999999
35 34  -0.1695999999999999
37 34 0.0002666666666666666
38 34 0.0003999999999999999
58 34 0.0002666666666666667
59 34 -0.004600000000000001
62 34 -0.004599999999999998
63 34 0.0002666666666666666
16 35 0.0002666666666666667
19 35  -0.4171000000000001
25 35  -0.4170999999999999
28 35 0.0002666666666666667
32 35 0.0004000000000000001
34 35  -0.1695999999999999
35 35    2.343200000000001
38 35 0.0002666666666666666
39 35 0.0004000000000000001
48 35 0.0002666666666666668
49 35  -0.4995999999999997
59 35 0.0002666666666666667
60 35  -0.4171000000000001
63 35  -0.4170999999999999
64 35 0.0002666666666666667
17 36 -0.0007666666666666665
33 36 0.0001333333333333333
36 36 0.007199999999999997
37 36 -0.002299999999999999
61 36              -0.0023
65 36 -0.0007666666666666665
66 36 0.0001333333333333333
17 37 0.0001333333333333333
18 37 -0.002299999999999999
33 37 0.0003999999999999999
34 37 0.0002666666666666666
36 37 -0.002299999999999999
37 37  0.01659999999999999
38 37 -0.002299999999999999
61 37 0.0002666666666666666
62 37 -0.004599999999999999
66 37 -0.002299999999999999
67 37 0.0001333333333333333
18 38 0.0001333333333333333
19 38  -0.1672999999999999
34 38 0.0003999999999999999
35 38 0.0002666666666666666
37 38 -0.002299999999999999
38 38               1.0066
39 38  -0.2497999999999998
62 38 0.0002666666666666666
63 38  -0.4170999999999999
67 38  -0.1672999999999999
68 38 0.0001333333333333333
19 39 0.0001333333333333333
28 39   -0.247298546471255
35 39 0.0004000000000000001
38 39  -0.2497999999999998
39 39    1.326298618163225
49 39 0.0005466783969610207
63 39 0.0002666666666666667
64 39  -0.4105975074721586
68 39    -0.24700225922652
229 39  -0.1551616175002956
232 39 0.006457359920658785
20 40 -0.08326666666666663
23 40 0.0001333333333333334
26 40  -0.2476585441934751
40 40   0.5042087186249452
46 40  -0.1629635135897856
226 40 0.008959070040580008
233 40  0.01146935436912526
21 41 -0.002299999999999999
24 41 0.0002666666666666668
29 41 -0.002300000000000001
41 41   0.1816000000000001
42 41 0.0004000000000000002
43 41 0.0001333333333333334
47 41 -0.004600000000000003
54 41 0.0001333333333333334
71 41 -0.002300000000000001
72 41 0.0002666666666666668
73 41  -0.1673000000000001
21 42 0.0002666666666666667
22 42  -0.4171000000000001
24 42              -0.1696
25 42 0.0002666666666666667
41 42 0.0004000000000000002
42 42    2.343200000000001
43 42              -0.4171
44 42 0.0002666666666666667
45 42 0.0004000000000000001
47 42 0.0002666666666666668
48 42              -0.4171
72 42  -0.4170999999999999
73 42 0.0002666666666666668
74 42  -0.4995999999999998
75 42 0.0002666666666666668
21 43  -0.1672999999999999
22 43 0.0002666666666666667
23 43  -0.2498000000000001
41 43 0.0001333333333333334
42 43              -0.4171
43 43               1.3366
44 43 0.0004000000000000001
46 43 0.0001333333333333334
73 43  -0.2497999999999999
74 43 0.0002666666666666668
76 43  -0.2497999999999999
22 44  -0.4995999999999997
23 44 0.0002666666666666667
26 44  -0.4122797291143695
27 44 0.0004769373015037597
42 44 0.0002666666666666667
43 44 0.0004000000000000001
44 44    2.343580614466907
45 44  -0.4148315611852338
46 44  -0.4153731449223743
74 44  -0.4170961241481774
76 44 0.0002666666666666667
77 44  -0.1605067455489784
226 44  0.01072154822044655
227 44  0.02014661044865453
237 44 0.007001779035863295
22 45 0.0002666666666666667
25 45  -0.4995999999999998
27 45  -0.4107593661604704
28 45 0.0005024108157311521
42 45 0.0004000000000000001
44 45  -0.4148315611852338
45 45    2.347854643325933
48 45 0.0002666666666666668
49 45  -0.4142214803275142
74 45 0.000266752421968628
75 45  -0.4170049260829666
227 45  0.02021005855982758
228 45  0.02520177284218842
237 45  -0.1560261115079549
238 45   0.0107368690367331
23 46  -0.2497999999999999
26 46 0.0004657821725943455
40 46  -0.1629635135897856
43 46 0.0001333333333333334
44 46  -0.4153731449223743
46 46    1.009905446171468
76 46              -0.1673
77 46 0.003776425365047359
80 46 0.005023972788225296
226 46  0.01829759384893198
233 46  0.01359204719594875
24 47 -0.004599999999999998
29 47 0.0002666666666666668
30 47 -0.004600000000000003
32 47 0.0002666666666666668
41 47 -0.004600000000000003
42 47 0.0002666666666666668
47 47   0.1982000000000001
48 47 0.0004000000000000002
54 47 0.0004000000000000001
55 47 0.0002666666666666667
57 47 -0.004600000000000003
71 47 0.0002666666666666668
72 47  -0.1696000000000001
81 47 -0.004600000000000002
82 47 0.0002666666666666668
24 48 0.0002666666666666667
25 48  -0.4171000000000001
32 48              -0.1696
35 48 0.0002666666666666668
42 48              -0.4171
45 48 0.0002666666666666668
47 48 0.0004000000000000002
48 48    2.343200000000001
49 48 0.0004000000000000002
57 48 0.0002666666666666668
60 48              -0.4171
72 48 0.0002666666666666668
75 48  -0.4995999999999999
82 48              -0.4171
83 48 0.0002666666666666669
25 49 0.0002666666666666668
28 49  -0.4101548837219616
35 49  -0.4995999999999997
39 49 0.0005466783969610207
45 49  -0.4142214803275142
48 49 0.0004000000000000002
49 49    2.349387455083175
60 49 0.0002666666666666667
64 49  -0.4137466409921269
75 49 0.0002700807708695571
83 49  -0.4163695725068455
228 49  0.02260640996216396
229 49   0.0229896358725524
238 49  -0.1507432111331981
241 49  0.01106459989783239
50 50    9553567.991927223
51 50    1387659.841192123
70 50    1373995.436689255
85 50    1999999.103364508
86 50    1333333.333315213
217 50    133570.8186462072
221 50    117615.4517015376
222 50    275459.9833739842
224 50     365903.133772682
236 50    2709773.670994922
239 50    1936315.163011462
50 51    1387659.841192123
51 51    9739884.126438275
52 51    1418103.996642752
78 51      2811018.7485358
86 51    1999999.999852062
87 51    1333333.333333333
217 51    119904.4954362694
218 51    138320.7818503212
222 51    401455.1599167381
223 51    307824.6121888947
236 51    1991659.901065561
51 52    1418103.996642752
52 52    10070601.22340275
53 52    1464724.066921673
78 52    2097479.474035862
79 52    2976888.890047941
87 52    1999999.999999999
88 52    1333333.333333332
218 52    124706.0262619516
219 52    146741.6281539903
223 52     480336.752303578
225 52    368382.5041397558
52 53    1464724.066921673
53 53    10542615.15223157
69 53    1526375.850659878
79 53    2235480.951828339
84 53    3193107.410230412
88 53    1999999.999999998
89 53    1333333.333333332
219 53    132606.1317487743
220 53    160118.7610288869
225 53    620756.3388595062
230 53    470728.1313093526
29 54 -0.001533333333333334
30 54 0.0001333333333333334
41 54 0.0001333333333333334
47 54 0.0004000000000000001
54 54 0.009400000000000002
55 54 -0.002300000000000001
71 54 -0.002300000000000001
81 54 0.0002666666666666667
90 54 -0.001533333333333334
30 55 -0.002300000000000001
47 55 0.0002666666666666667
54 55 -0.002300000000000001
55 55               0.0166
56 55 0.0001333333333333334
57 55 0.0004000000000000001
81 55 -0.004600000000000002
90 55 0.0001333333333333334
91 55 -0.002300000000000001
92 55 -0.002300000000000001
93 55 0.0002666666666666667
30 56 -0.002300000000000001
31 56 -0.002299999999999999
32 56 0.0002666666666666668
55 56 0.0001333333333333334
56 56               0.0166
57 56 -0.004600000000000003
58 56 0.0001333333333333334
59 56 0.0004000000000000002
92 56 -0.002300000000000001
94 56 -0.002299999999999999
95 56 0.0002666666666666668
30 57 0.0002666666666666668
32 57 -0.004599999999999998
47 57 -0.004600000000000003
48 57 0.0002666666666666668
55 57 0.0004000000000000001
56 57 -0.004600000000000003
57 57   0.1982000000000002
59 57 0.0002666666666666668
60 57 0.0004000000000000002
81 57 0.0002666666666666668
82 57  -0.1696000000000001
92 57 0.0002666666666666668
93 57 -0.004600000000000003
95 57 -0.004599999999999998
96 57 0.0002666666666666668
31 58 -0.002299999999999999
33 58              -0.0023
34 58 0.0002666666666666667
56 58 0.0001333333333333334
58 58               0.0166
59 58 -0.004600000000000001
61 58 0.0001333333333333333
62 58 0.0003999999999999999
94 58 -0.002299999999999999
97 58              -0.0023
98 58 0.0002666666666666667
31 59 0.0002666666666666668
32 59 -0.004599999999999998
34 59 -0.004600000000000001
35 59 0.0002666666666666667
56 59 0.0004000000000000002
57 59 0.0002666666666666668
58 59 -0.004600000000000001
59 59   0.1981999999999999
60 59  -0.1695999999999999
62 59 0.0002666666666666666
63 59 0.0003999999999999999
94 59 0.0002666666666666668
95 59 -0.004599999999999998
98 59 -0.004600000000000001
99 59 0.0002666666666666667
32 60 0.0002666666666666668
35 60  -0.4171000000000001
48 60              -0.4171
49 60 0.0002666666666666667
57 60 0.0004000000000000002
59 60  -0.1695999999999999
60 60    2.343200000000001
63 60 0.0002666666666666666
64 60 0.0004000000000000001
82 60 0.0002666666666666669
83 60              -0.4996
95 60 0.0002666666666666668
96 60  -0.4170999999999999
99 60  -0.4171000000000001
100 60 0.0002666666666666667
33 61              -0.0023
36 61              -0.0023
37 61 0.0002666666666666666
58 61 0.0001333333333333333
61 61  0.01659999999999999
62 61 -0.004599999999999997
65 61 0.0001333333333333333
66 61 0.0003999999999999999
97 61              -0.0023
101 61              -0.0023
102 61 0.0002666666666666666
33 62 0.0002666666666666666
34 62 -0.004599999999999998
37 62 -0.004599999999999999
38 62 0.0002666666666666666
58 62 0.0003999999999999999
59 62 0.0002666666666666666
61 62 -0.004599999999999997
62 62   0.1981999999999999
63 62  -0.1695999999999999
66 62 0.0002666666666666666
67 62 0.0003999999999999999
97 62 0.0002666666666666666
98 62 -0.004599999999999999
102 62 -0.004599999999999998
103 62 0.0002666666666666666
34 63 0.0002666666666666666
35 63  -0.4170999999999999
38 63  -0.4170999999999999
39 63 0.0002666666666666667
59 63 0.0003999999999999999
60 63 0.0002666666666666666
62 63  -0.1695999999999999
63 63               2.3432
64 63  -0.4995999999999996
67 63 0.0002666666666666666
68 63 0.0004000000000000001
98 63 0.0002666666666666666
99 63  -0.4170999999999999
103 63  -0.4170999999999999
104 63 0.0002666666666666667
35 64 0.0002666666666666667
39 64  -0.4105975074721586
49 64  -0.4137466409921269
60 64 0.0004000000000000001
63 64  -0.4995999999999996
64 64    2.347822516972464
68 64 0.0006319455391542612
83 64 0.0003064160185907712
99 64 0.0002666666666666667
100 64  -0.4136650527890493
104 64  -0.4107548812545506
229 64   0.0145153075725654
232 64  0.02306496119665693
241 64  -0.1478986900651846
246 64  0.01542022817809596
36 65 -0.0007666666666666665
61 65 0.0001333333333333333
65 65 0.003599999999999998
66 65 -0.001533333333333333
101 65 -0.0007666666666666665
36 66 0.0001333333333333333
37 66 -0.002299999999999999
61 66 0.0003999999999999999
62 66 0.0002666666666666666
65 66 -0.001533333333333333
66 66 0.009399999999999995
67 66 -0.001533333333333333
101 66 0.0001333333333333333
102 66              -0.0023
37 67 0.0001333333333333333
38 67  -0.1672999999999999
62 67 0.0003999999999999999
63 67 0.0002666666666666666
66 67 -0.001533333333333333
67 67   0.5043999999999997
68 67  -0.1665333333333332
102 67 0.0001333333333333333
103 67  -0.1672999999999999
38 68 0.0001333333333333333
39 68    -0.24700225922652
63 68 0.0004000000000000001
64 68 0.0006319455391542612
67 68  -0.1665333333333332
68 68   0.8246271605862089
103 68 0.0001333333333333334
104 68  -0.2470022698125438
232 68  -0.1583419566314838
53 69    1526375.850659878
69 69    6637223.135301189
84 69    2382132.875681615
89 69    1333333.333333332
105 69    1526379.221503203
220 69     144704.232196223
230 69    846015.8544130654
231 69    50402.52433581959
245 69     144705.958465698
50 70    1373995.436689255
70 70    4080033.452321445
85 70    1333333.305131216
106 70    666666.6612242929
221 70    98032.84095699953
224 70    226685.6692674435
239 70    1684137.424833229
41 71 -0.002300000000000001
47 71 0.0002666666666666668
54 71 -0.002300000000000001
71 71               0.1816
72 71 0.0004000000000000001
73 71 0.0001333333333333334
81 71 -0.004600000000000002
90 71 0.0001333333333333334
107 71 -0.002300000000000001
108 71 0.0002666666666666667
109 71              -0.1673
41 72 0.0002666666666666668
42 72  -0.4170999999999999
47 72  -0.1696000000000001
48 72 0.0002666666666666668
71 72 0.0004000000000000001
72 72    2.343200000000001
73 72  -0.4171000000000001
74 72 0.0002666666666666668
75 72 0.0004000000000000002
81 72 0.0002666666666666667
82 72  -0.4171000000000001
108 72  -0.4171000000000001
109 72 0.0002666666666666668
110 72  -0.4995999999999999
111 72 0.0002666666666666668
41 73  -0.1673000000000001
42 73 0.0002666666666666668
43 73  -0.2497999999999999
71 73 0.0001333333333333334
72 73  -0.4171000000000001
73 73               1.3366
74 73 0.0004000000000000002
76 73 0.0001333333333333334
109 73  -0.2498000000000001
110 73 0.0002666666666666668
112 73  -0.2497999999999999
42 74  -0.4995999999999998
43 74 0.0002666666666666668
44 74  -0.4170961241481774
45 74 0.000266752421968628
72 74 0.0002666666666666668
73 74 0.0004000000000000002
74 74    2.343190672011997
75 74  -0.4170973807221979
76 74              -0.4171
77 74 0.0002421324153843751
110 74  -0.4170999999999999
112 74 0.0002666666666666668
113 74  -0.1695979466909097
114 74 0.0002687294219123801
237 74 0.0004246233408055169
42 75 0.0002666666666666668
45 75  -0.4170049260829666
48 75  -0.4995999999999999
49 75 0.0002700807708695571
72 75 0.0004000000000000002
74 75  -0.4170973807221979
75 75    2.343114841485674
82 75 0.0002666666666666669
83 75  -0.4170301099921608
110 75 0.0002666666666666668
111 75              -0.4171
114 75  -0.1693540677765395
115 75 0.0004587622141087592
237 75 0.0007947859921642931
238 75 0.002370648932960062
43 76  -0.2497999999999999
44 76 0.0002666666666666667
46 76              -0.1673
73 76 0.0001333333333333334
74 76              -0.4171
76 76               1.0066
77 76 0.0003999999999999999
80 76 0.0001333333333333333
112 76  -0.1672999999999999
113 76 0.0002666666666666667
116 76              -0.0023
44 77  -0.1605067455489784
46 77 0.003776425365047359
74 77 0.0002421324153843751
76 77 0.0003999999999999999
77 77   0.3364352008309873
80 77  0.02318189569207935
85 77  0.03333333333333334
86 77  0.06666666666666668
113 77  0.01997977553800416
116 77  0.01812202868164568
117 77  0.06666666666666667
118 77  0.03333333333333333
226 77  0.02102106785770086
227 77  0.01661373936157012
237 77   0.0235169345683079
242 77 -5.270684449310501e-05
243 77 -4.053751757958572e-06
252 77 0.007144360667642504
253 77 0.002489909053811609
51 78      2811018.7485358
52 78    2097479.474035862
78 78    17189191.83097612
79 78    2345552.013737913
86 78    2666666.697967783
87 78    4000000.066666666
118 78    3926082.383422885
119 78    2658119.464550676
222 78      56799.320313727
223 78    203918.5435274888
234 78    290.6160433267968
235 78    3824.993445047195
236 78    2072480.489596978
248 78    824346.0458767823
249 78    1595447.919015168
52 79    2976888.890047941
53 79    2235480.951828339
78 79    2345552.013737913
79 79    19277005.78598771
84 79    2742391.318037357
87 79    2666666.699999999
88 79    4000000.066666663
119 79    3986013.524909636
120 79    2666583.777064681
223 79     107858.188154697
225 79      341567.11710695
235 79    13414.59623740494
240 79    45332.53651356623
249 79    1154685.924897682
250 79    2076126.656935769
46 80 0.005023972788225296
76 80 0.0001333333333333333
77 80  0.02318189569207935
80 80   0.0868570769471224
85 80  0.06666666666666668
106 80  0.03333333333333334
116 80  0.01361066067570966
117 80  0.03333333333333333
121 80  0.06666666666666667
226 80  0.01787987802548397
233 80 0.008520602167871424
242 80 -6.254280725360455e-05
247 80 6.497186587000913e-07
252 80 0.003686637207080269
256 80 0.0008309485734777749
47 81 -0.004600000000000002
54 81 0.0002666666666666667
55 81 -0.004600000000000002
57 81 0.0002666666666666668
71 81 -0.004600000000000002
72 81 0.0002666666666666667
81 81               0.1982
82 81 0.0004000000000000001
90 81 0.0004000000000000001
91 81 0.0002666666666666667
93 81 -0.004600000000000002
107 81 0.0002666666666666668
108 81              -0.1696
122 81 -0.004600000000000002
123 81 0.0002666666666666667
47 82 0.0002666666666666668
48 82              -0.4171
57 82  -0.1696000000000001
60 82 0.0002666666666666669
72 82  -0.4171000000000001
75 82 0.0002666666666666669
81 82 0.0004000000000000001
82 82    2.343200000000001
83 82 0.0004000000000000005
93 82 0.0002666666666666668
96 82              -0.4171
108 82 0.0002666666666666668
111 82              -0.4996
123 82  -0.4171000000000001
124 82 0.0002666666666666669
48 83 0.0002666666666666669
49 83  -0.4163695725068455
60 83              -0.4996
64 83 0.0003064160185907712
75 83  -0.4170301099921608
82 83 0.0004000000000000005
83 83    2.343728263208536
96 83 0.0002666666666666669
100 83  -0.4163853124517076
111 83 0.0002666666666666669
115 83  -0.1654620460126006
124 83  -0.4170292379618767
238 83 0.004117316029150301
241 83  0.01036653152405445
258 83 0.004859861963492997
53 84    3193107.410230412
69 84    2382132.875681615
79 84    2742391.318037357
84 84    22168366.81082884
88 84    2666666.699999998
89 84    4000000.066666663
105 84     3193039.38237631
120 84     3999931.80822439
125 84    2742442.892622935
126 84    2666666.699999997
225 84      227827.06164206
230 84    607470.3339618435
240 84    143424.2522995004
244 84    227842.8728134467
250 84    1703783.988647555
50 85    1999999.103364508
70 85    1333333.305131216
77 85  0.03333333333333334
80 85  0.06666666666666668
85 85    1015623610.316755
86 85     174724872.804977
106 85    174724872.8033436
117 85    331086932.5150791
121 85    330420265.8976315
236 85    2666638.488883302
239 85    3999935.803548158
50 86    1333333.333315213
51 86    1999999.999852062
77 86  0.06666666666666668
78 86    2666666.697967783
85 86     174724872.804977
86 86    1015623610.874055
87 86    174724872.8049782
117 86    330420265.8987633
118 86    331086932.5987504
236 86    3999999.923516948
51 87    1333333.333333333
52 87    1999999.999999999
78 87    4000000.066666666
79 87    2666666.699999999
86 87    174724872.8049782
87 87    1015623610.874151
88 87    174724872.8049781
118 87    330420265.8987641
119 87    331086932.5987641
52 88    1333333.333333332
53 88    1999999.999999998
79 88    4000000.066666663
84 88    2666666.699999998
87 88    174724872.8049781
88 88    1015623610.874151
89 88    174724872.8049781
119 88     330420265.898764
120 88    331086932.5987641
53 89    1333333.333333332
69 89    1333333.333333332
84 89    4000000.066666663
88 89    174724872.8049781
89 89    666173865.2641947
105 89    1333333.333333333
120 89     330420265.898764
126 89     157028726.493786
54 90 -0.001533333333333334
55 90 0.0001333333333333334
71 90 0.0001333333333333334
81 90 0.0004000000000000001
90 90 0.005800000000000002
91 90 -0.001533333333333334
107 90 -0.001533333333333334
122 90 0.0001333333333333334
55 91 -0.002300000000000001
81 91 0.0002666666666666667
90 91 -0.001533333333333334
91 91 0.009400000000000002
92 91 0.0001333333333333334
93 91 0.0004000000000000001
122 91 -0.002300000000000001
127 91 -0.001533333333333334
128 91 0.0001333333333333334
55 92 -0.002300000000000001
56 92 -0.002300000000000001
57 92 0.0002666666666666668
91 92 0.0001333333333333334
92 92               0.0166
93 92 -0.004600000000000003
94 92 0.0001333333333333334
95 92 0.0004000000000000002
127 92 -0.002300000000000001
129 92 -0.002299999999999999
130 92 0.0002666666666666668
55 93 0.0002666666666666667
57 93 -0.004600000000000003
81 93 -0.004600000000000002
82 93 0.0002666666666666668
91 93 0.0004000000000000001
92 93 -0.004600000000000003
93 93   0.1982000000000001
95 93 0.0002666666666666668
96 93 0.0004000000000000002
122 93 0.0002666666666666668
123 93  -0.1696000000000001
127 93 0.0002666666666666668
128 93 -0.004600000000000003
130 93 -0.004599999999999998
131 93 0.0002666666666666668
56 94 -0.002299999999999999
58 94 -0.002299999999999999
59 94 0.0002666666666666668
92 94 0.0001333333333333334
94 94               0.0166
95 94 -0.004600000000000002
97 94 0.0001333333333333334
98 94 0.0004000000000000001
129 94              -0.0023
132 94 -0.002300000000000001
133 94 0.0002666666666666667
56 95 0.0002666666666666668
57 95 -0.004599999999999998
59 95 -0.004599999999999998
60 95 0.0002666666666666668
92 95 0.0004000000000000002
93 95 0.0002666666666666668
94 95 -0.004600000000000002
95 95               0.1982
96 95              -0.1696
98 95 0.0002666666666666668
99 95 0.0004000000000000001
129 95 0.0002666666666666667
130 95 -0.004600000000000001
133 95 -0.004600000000000002
134 95 0.0002666666666666667
57 96 0.0002666666666666668
60 96  -0.4170999999999999
82 96              -0.4171
83 96 0.0002666666666666669
93 96 0.0004000000000000002
95 96              -0.1696
96 96    2.343200000000001
99 96 0.0002666666666666668
100 96 0.0004000000000000002
123 96 0.0002666666666666668
124 96  -0.4995999999999999
130 96 0.0002666666666666667
131 96  -0.4171000000000001
134 96  -0.4171000000000001
135 96 0.0002666666666666668
58 97              -0.0023
61 97              -0.0023
62 97 0.0002666666666666666
94 97 0.0001333333333333334
97 97               0.0166
98 97 -0.004599999999999999
101 97 0.0001333333333333333
102 97 0.0003999999999999999
132 97 -0.002299999999999999
136 97              -0.0023
137 97 0.0002666666666666667
58 98 0.0002666666666666667
59 98 -0.004600000000000001
62 98 -0.004599999999999999
63 98 0.0002666666666666666
94 98 0.0004000000000000001
95 98 0.0002666666666666668
97 98 -0.004599999999999999
98 98   0.1981999999999999
99 98  -0.1695999999999999
102 98 0.0002666666666666666
103 98 0.0003999999999999999
132 98 0.0002666666666666667
133 98 -0.004599999999999998
137 98 -0.004600000000000001
138 98 0.0002666666666666667
59 99 0.0002666666666666667
60 99  -0.4171000000000001
63 99  -0.4170999999999999
64 99 0.0002666666666666667
95 99 0.0004000000000000001
96 99 0.0002666666666666668
98 99  -0.1695999999999999
99 99               2.3432
100 99  -0.4995999999999997
103 99 0.0002666666666666666
104 99 0.0004000000000000001
133 99 0.0002666666666666667
134 99  -0.4170999999999998
138 99  -0.4171000000000001
139 99 0.0002666666666666667
60 100 0.0002666666666666667
64 100  -0.4136650527890493
83 100  -0.4163853124517076
96 100 0.0004000000000000002
99 100  -0.4995999999999997
100 100    2.346323064062676
104 100 0.0005467891997694975
124 100 0.0002700777391357241
134 100 0.0002666666666666668
135 100  -0.4147800732567243
139 100   -0.411590559300026
241 100  0.01033766255468472
246 100  0.02034216439930213
258 100  -0.1537022997232788
261 100  0.01350924177501975
61 101              -0.0023
65 101 -0.0007666666666666665
66 101 0.0001333333333333333
97 101 0.0001333333333333333
101 101 0.007199999999999997
102 101 -0.002299999999999999
136 101 -0.0007666666666666665
61 102 0.0002666666666666666
62 102 -0.004599999999999998
66 102              -0.0023
67 102 0.0001333333333333333
97 102 0.0003999999999999999
98 102 0.0002666666666666666
101 102 -0.002299999999999999
102 102  0.01659999999999999
103 102 -0.002299999999999999
136 102 0.0001333333333333333
137 102              -0.0023
62 103 0.0002666666666666666
63 103  -0.4170999999999999
67 103  -0.1672999999999999
68 103 0.0001333333333333334
98 103 0.0003999999999999999
99 103 0.0002666666666666666
102 103 -0.002299999999999999
103 103               1.0066
104 103  -0.2497999999999998
137 103 0.0001333333333333333
138 103  -0.1672999999999999
63 104 0.0002666666666666667
64 104  -0.4107548812545506
68 104  -0.2470022698125438
99 104 0.0004000000000000001
100 104 0.0005467891997694975
103 104  -0.2497999999999998
104 104    1.325504126593499
138 104 0.0001333333333333334
139 104  -0.2472984743090134
232 104 0.005281325056040048
246 104  -0.1559840228822918
69 105    1526379.221503203
84 105     3193039.38237631
89 105    1333333.333333333
105 105    10542521.47895442
125 105     2235474.39915683
126 105    1999999.999999998
140 105    1464721.154240285
230 105    470683.2625721637
244 105    620745.2334721994
245 105    160124.2019642991
260 105    132602.7428097699
70 106    666666.6612242927
80 106  0.03333333333333334
85 106    174724872.8033436
106 106    349449745.6066697
121 106    174058206.1044831
239 106    1333332.733734743
71 107 -0.002300000000000001
81 107 0.0002666666666666668
90 107 -0.001533333333333334
107 107   0.1744000000000001
108 107 0.0004000000000000001
109 107 0.0001333333333333334
122 107 -0.002300000000000001
141 107  -0.1665333333333333
142 107 0.0001333333333333334
71 108 0.0002666666666666667
72 108  -0.4171000000000001
81 108              -0.1696
82 108 0.0002666666666666668
107 108 0.0004000000000000001
108 108    2.343200000000001
109 108  -0.4171000000000001
110 108 0.0002666666666666668
111 108 0.0004000000000000002
122 108 0.0002666666666666667
123 108  -0.4171000000000001
141 108 0.0002666666666666668
142 108  -0.4171000000000001
143 108  -0.4995999999999999
144 108 0.0002666666666666668
71 109              -0.1673
72 109 0.0002666666666666668
73 109  -0.2498000000000001
107 109 0.0001333333333333334
108 109  -0.4171000000000001
109 109    1.336600000000001
110 109 0.0004000000000000002
112 109 0.0001333333333333334
141 109  -0.2498000000000001
143 109 0.0002666666666666668
145 109  -0.2497999999999999
72 110  -0.4995999999999999
73 110 0.0002666666666666668
74 110  -0.4170999999999999
75 110 0.0002666666666666668
108 110 0.0002666666666666668
109 110 0.0004000000000000002
110 110    2.343200000000001
111 110  -0.4171000000000001
112 110  -0.4171000000000001
113 110 0.0002666666666666667
114 110 0.0004000000000000001
143 110  -0.4171000000000002
145 110 0.0002666666666666667
146 110              -0.1696
147 110 0.0002666666666666667
72 111 0.0002666666666666668
75 111              -0.4171
82 111              -0.4996
83 111 0.0002666666666666669
108 111 0.0004000000000000002
110 111  -0.4171000000000001
111 111    2.343200000000001
114 111 0.0002666666666666668
115 111 0.0004000000000000002
123 111 0.0002666666666666668
124 111              -0.4171
143 111 0.0002666666666666667
144 111  -0.4171000000000002
147 111              -0.1696
148 111 0.0002666666666666668
73 112  -0.2497999999999999
74 112 0.0002666666666666668
76 112  -0.1672999999999999
109 112 0.0001333333333333334
110 112  -0.4171000000000001
112 112               1.0066
113 112 0.0004000000000000001
116 112 0.0001333333333333334
145 112              -0.1673
146 112 0.0002666666666666667
149 112 -0.002300000000000001
74 113  -0.1695979466909097
76 113 0.0002666666666666667
77 113  0.01997977553800416
110 113 0.0002666666666666667
112 113 0.0004000000000000001
113 113    0.312815347952087
114 113  0.01477573171642535
116 113  0.01253676307810814
117 113  0.03333333333333334
118 113  0.06666666666666668
146 113 0.009521059801600437
149 113 0.006451272413517862
150 113  0.06666666666666667
151 113  0.03333333333333333
237 113  0.02065983744161855
252 113 0.008942346130165084
253 113  0.01175181953953298
266 113  0.01942261237615242
267 113  0.01332013995713325
74 114 0.0002687294219123801
75 114  -0.1693540677765395
110 114 0.0004000000000000001
111 114 0.0002666666666666668
113 114  0.01477573171642535
114 114   0.3239174577394567
115 114   0.0193712470707607
118 114  0.03333333333333335
119 114  0.06666666666666668
146 114 0.008622422527242806
147 114  0.01332942810988279
151 114  0.06666666666666668
152 114  0.03333333333333334
237 114   0.0222746533621056
238 114  0.02451844866326201
253 114 0.006435899900876806
254 114 0.005862178087758119
267 114  0.01670878224858599
268 114 0.009291957242772448
75 115 0.0004587622141087592
83 115  -0.1654620460126006
111 115 0.0004000000000000002
114 115   0.0193712470707607
115 115   0.3357113642988656
119 115  0.03333333333333333
120 115  0.06666666666666665
124 115 0.0003461121081266349
147 115  0.01419892073666495
148 115   0.0200802156387218
152 115  0.06666666666666665
153 115  0.03333333333333332
238 115  0.02481653148927757
241 115  0.02211677057407629
254 115 0.002138428862800423
255 115 0.0001845016155162785
258 115  0.02362295532047088
268 115   0.0108059093943782
269 115 0.002455433386513823
76 116              -0.0023
77 116  0.01812202868164568
80 116  0.01361066067570966
112 116 0.0001333333333333334
113 116  0.01253676307810814
116 116  0.09424858024529542
117 116  0.06666666666666668
121 116  0.03333333333333334
149 116 0.007756734274991853
150 116  0.03333333333333333
154 116  0.06666666666666667
252 116  0.01446627032531123
256 116 0.002392867907630583
266 116  0.01514229141757068
270 116 0.006257455132112429
77 117  0.06666666666666667
80 117  0.03333333333333333
85 117    331086932.5150791
86 117    330420265.8987634
113 117  0.03333333333333334
116 117  0.06666666666666668
117 117     1990429003.50045
118 117    331085352.7373288
121 117    331084465.6423937
150 117    331076370.0099971
154 117    330418908.8020834
236 117    3864518.790182564
239 117    2614322.552845194
248 117    2440602.782441691
251 117    3648133.482750083
77 118  0.03333333333333333
78 118    3926082.383422885
86 118    331086932.5987505
87 118    330420265.8987641
113 118  0.06666666666666668
114 118  0.03333333333333335
117 118    331085352.7373288
118 118    1990473996.599713
119 118    331086580.8550225
150 118    330419465.4996274
151 118    331082040.1396359
236 118    2633237.248017749
248 118    3756499.499761805
249 118    2537719.085144799
78 119    2658119.464550676
79 119    3986013.524909636
87 119    331086932.5987641
88 119     330420265.898764
114 119  0.06666666666666668
115 119  0.03333333333333333
118 119    331086580.8550225
119 119    1990513429.159192
120 119    331086930.0772434
151 119    330420118.6896213
152 119    331086237.7189611
249 119    3918045.436673465
250 119     2640604.77870527
79 120    2666583.777064681
84 120     3999931.80822439
88 120    331086932.5987641
89 120     330420265.898764
115 120  0.06666666666666665
119 120    331086930.0772434
120 120    1990521556.087393
