%%MatrixMarket matrix coordinate real general
1431 1431 43685
1 1 5.807214264016877e-07
4 1 1.662206060303157e-08
7 1 -5.232583494818537e-09
22 1 -5.105115056962003e-09
25 1 1.621263374749242e-08
28 1 2.769030080657924e-07
31 1 -1.004494509836299e-07
40 1 -2.229629540692391e-09
46 1 -1.287597211331113e-09
49 1 2.318284907665175e-08
52 1 -7.028410702355513e-09
55 1 -2.121346931150896e-09
70 1 -1.324156508486465e-06
76 1 -8.814335272281718e-08
79 1 -6.310629776629753e-08
82 1 -5.360099445590438e-07
85 1 -6.464969206697828e-08
91 1 -5.543241942889292e-07
94 1 -1.241956674315739e-06
2 2 5.807214264016877e-07
5 2 1.662206060303157e-08
8 2 -5.232583494818537e-09
23 2 -5.105115056962003e-09
26 2 1.621263374749242e-08
29 2 2.769030080657924e-07
32 2 -1.004494509836299e-07
41 2 -2.229629540692391e-09
47 2 -1.287597211331113e-09
50 2 2.318284907665175e-08
53 2 -7.028410702355513e-09
56 2 -2.121346931150896e-09
71 2 -1.324156508486465e-06
77 2 -8.814335272281718e-08
80 2 -6.310629776629753e-08
83 2 -5.360099445590438e-07
86 2 -6.464969206697828e-08
92 2 -5.543241942889292e-07
95 2 -1.241956674315739e-06
3 3 5.807214264016877e-07
6 3 1.662206060303157e-08
9 3 -5.232583494818537e-09
24 3 -5.105115056962003e-09
27 3 1.621263374749242e-08
30 3 2.769030080657924e-07
33 3 -1.004494509836299e-07
42 3 -2.229629540692391e-09
48 3 -1.287597211331113e-09
51 3 2.318284907665175e-08
54 3 -7.028410702355513e-09
57 3 -2.121346931150896e-09
72 3 -1.324156508486465e-06
78 3 -8.814335272281718e-08
81 3 -6.310629776629753e-08
84 3 -5.360099445590438e-07
87 3 -6.464969206697828e-08
93 3 -5.543241942889292e-07
96 3 -1.241956674315739e-06
1 4 1.662206060303157e-08
4 4 6.01501794641518e-07
7 4 -5.235569151540164e-09
10 4 1.738863936756461e-08
13 4 -5.473062631275312e-09
28 4 2.460295825165978e-08
31 4 -2.229261616093799e-09
34 4 2.954462997257145e-07
37 4 -1.432040646466963e-09
40 4 -7.487160025161887e-09
43 4 -1.078052393576182e-07
64 4 -2.439468899225216e-09
85 4 -1.366568242341672e-06
91 4 -9.364652875008587e-08
94 4 -6.46426966929729e-08
100 4 -5.70627509375388e-07
103 4 -6.752766362982501e-08
109 4 -5.958432958676689e-07
112 4 -1.287456486509269e-06
2 5 1.662206060303157e-08
5 5 6.01501794641518e-07
8 5 -5.235569151540164e-09
11 5 1.738863936756461e-08
14 5 -5.473062631275312e-09
29 5 2.460295825165978e-08
32 5 -2.229261616093799e-09
35 5 2.954462997257145e-07
38 5 -1.432040646466963e-09
41 5 -7.487160025161887e-09
44 5 -1.078052393576182e-07
65 5 -2.439468899225216e-09
86 5 -1.366568242341672e-06
92 5 -9.364652875008587e-08
95 5 -6.46426966929729e-08
101 5 -5.70627509375388e-07
104 5 -6.752766362982501e-08
110 5 -5.958432958676689e-07
113 5 -1.287456486509269e-06
3 6 1.662206060303157e-08
6 6 6.01501794641518e-07
9 6 -5.235569151540164e-09
12 6 1.738863936756461e-08
15 6 -5.473062631275312e-09
30 6 2.460295825165978e-08
33 6 -2.229261616093799e-09
36 6 2.954462997257145e-07
39 6 -1.432040646466963e-09
42 6 -7.487160025161887e-09
45 6 -1.078052393576182e-07
66 6 -2.439468899225216e-09
87 6 -1.366568242341672e-06
93 6 -9.364652875008587e-08
96 6 -6.46426966929729e-08
102 6 -5.70627509375388e-07
105 6 -6.752766362982501e-08
111 6 -5.958432958676689e-07
114 6 -1.287456486509269e-06
1 7 -5.232583494818537e-09
4 7 -5.235569151540164e-09
7 7 1.549589776992975e-09
28 7 -2.292881626825565e-09
31 7 6.140693478322984e-10
40 7 6.148051970294848e-10
85 7 2.110365848677676e-08
91 7 8.430217138006428e-09
94 7 2.108966773876592e-08
2 8 -5.232583494818537e-09
5 8 -5.235569151540164e-09
8 8 1.549589776992975e-09
29 8 -2.292881626825565e-09
32 8 6.140693478322984e-10
41 8 6.148051970294848e-10
86 8 2.110365848677676e-08
92 8 8.430217138006428e-09
95 8 2.108966773876592e-08
3 9 -5.232583494818537e-09
6 9 -5.235569151540164e-09
9 9 1.549589776992975e-09
30 9 -2.292881626825565e-09
33 9 6.140693478322984e-10
42 9 6.148051970294848e-10
87 9 2.110365848677676e-08
93 9 8.430217138006428e-09
96 9 2.108966773876592e-08
4 10 1.738863936756461e-08
10 10 6.365007703846328e-07
13 10 -5.478934108184293e-09
16 10 1.861146127191391e-08
19 10 -5.857191870139992e-09
34 10 2.736209435387222e-08
43 10 -2.438712136368926e-09
58 10 3.274971482552346e-07
61 10 -1.727060268197743e-09
64 10 -8.382815026534525e-09
67 10 -1.206931681377269e-07
103 10 -1.439908310403449e-06
109 10 -1.043670312336347e-07
112 10 -6.751393964997752e-08
118 10 -2.793474502839937e-09
121 10 -6.323184612499286e-07
124 10 -7.209830053870324e-08
130 10 -6.665282527518839e-07
133 10 -1.361554086301011e-06
5 11 1.738863936756461e-08
11 11 6.365007703846328e-07
14 11 -5.478934108184293e-09
17 11 1.861146127191391e-08
20 11 -5.857191870139992e-09
35 11 2.736209435387222e-08
44 11 -2.438712136368926e-09
59 11 3.274971482552346e-07
62 11 -1.727060268197743e-09
65 11 -8.382815026534525e-09
68 11 -1.206931681377269e-07
104 11 -1.439908310403449e-06
110 11 -1.043670312336347e-07
113 11 -6.751393964997752e-08
119 11 -2.793474502839937e-09
122 11 -6.323184612499286e-07
125 11 -7.209830053870324e-08
131 11 -6.665282527518839e-07
134 11 -1.361554086301011e-06
6 12 1.738863936756461e-08
12 12 6.365007703846328e-07
15 12 -5.478934108184293e-09
18 12 1.861146127191391e-08
21 12 -5.857191870139992e-09
36 12 2.736209435387222e-08
45 12 -2.438712136368926e-09
60 12 3.274971482552346e-07
63 12 -1.727060268197743e-09
66 12 -8.382815026534525e-09
69 12 -1.206931681377269e-07
105 12 -1.439908310403449e-06
111 12 -1.043670312336347e-07
114 12 -6.751393964997752e-08
120 12 -2.793474502839937e-09
123 12 -6.323184612499286e-07
126 12 -7.209830053870324e-08
132 12 -6.665282527518839e-07
135 12 -1.361554086301011e-06
4 13 -5.473062631275312e-09
10 13 -5.478934108184293e-09
13 13 1.621335976089971e-09
34 13 -2.496398555919274e-09
43 13 6.716020567169011e-10
64 13 6.731155824294722e-10
103 13 2.205602801407344e-08
109 13 9.198619327859509e-09
112 13 2.202858005437829e-08
5 14 -5.473062631275312e-09
11 14 -5.478934108184293e-09
14 14 1.621335976089971e-09
35 14 -2.496398555919274e-09
44 14 6.716020567169011e-10
65 14 6.731155824294722e-10
104 14 2.205602801407344e-08
110 14 9.198619327859509e-09
113 14 2.202858005437829e-08
6 15 -5.473062631275312e-09
12 15 -5.478934108184293e-09
15 15 1.621335976089971e-09
36 15 -2.496398555919274e-09
45 15 6.716020567169011e-10
66 15 6.731155824294722e-10
105 15 2.205602801407344e-08
111 15 9.198619327859509e-09
114 15 2.202858005437829e-08
10 16 1.861146127191391e-08
16 16 6.905909791629207e-07
19 16 -5.866892980317744e-09
58 16 3.210313547056941e-08
67 16 -2.792136958116498e-09
118 16 -9.939711242089867e-09
124 16 -1.553979342147109e-06
130 16 -1.228548267180375e-07
133 16 -7.207571078870542e-08
139 16 3.792481039768446e-07
142 16 -2.28412647963214e-09
145 16 -1.419602083135478e-07
148 16 2.047653436086532e-08
151 16 -6.443671696550584e-09
154 16 -3.378771071328241e-09
157 16 -7.337249867554742e-07
160 16 -7.902399193733655e-08
166 16 -7.809550351393749e-07
169 16 -1.473848649519362e-06
11 17 1.861146127191391e-08
17 17 6.905909791629207e-07
20 17 -5.866892980317744e-09
59 17 3.210313547056941e-08
68 17 -2.792136958116498e-09
119 17 -9.939711242089867e-09
125 17 -1.553979342147109e-06
131 17 -1.228548267180375e-07
134 17 -7.207571078870542e-08
140 17 3.792481039768446e-07
143 17 -2.28412647963214e-09
146 17 -1.419602083135478e-07
149 17 2.047653436086532e-08
152 17 -6.443671696550584e-09
155 17 -3.378771071328241e-09
158 17 -7.337249867554742e-07
161 17 -7.902399193733655e-08
167 17 -7.809550351393749e-07
170 17 -1.473848649519362e-06
12 18 1.861146127191391e-08
18 18 6.905909791629207e-07
21 18 -5.866892980317744e-09
60 18 3.210313547056941e-08
69 18 -2.792136958116498e-09
120 18 -9.939711242089867e-09
126 18 -1.553979342147109e-06
132 18 -1.228548267180375e-07
135 18 -7.207571078870542e-08
141 18 3.792481039768446e-07
144 18 -2.28412647963214e-09
147 18 -1.419602083135478e-07
150 18 2.047653436086532e-08
153 18 -6.443671696550584e-09
156 18 -3.378771071328241e-09
159 18 -7.337249867554742e-07
162 18 -7.902399193733655e-08
168 18 -7.809550351393749e-07
171 18 -1.473848649519362e-06
10 19 -5.857191870139992e-09
16 19 -5.866892980317744e-09
19 19 1.735855517322176e-09
58 19 -2.83638112234191e-09
67 19 7.687990805376276e-10
118 19 7.714741699845061e-10
124 19 2.356855543870613e-08
130 19 1.04882370803792e-08
133 19 2.352337593871038e-08
11 20 -5.857191870139992e-09
17 20 -5.866892980317744e-09
20 20 1.735855517322176e-09
59 20 -2.83638112234191e-09
68 20 7.687990805376276e-10
119 20 7.714741699845061e-10
125 20 2.356855543870613e-08
131 20 1.04882370803792e-08
134 20 2.352337593871038e-08
12 21 -5.857191870139992e-09
18 21 -5.866892980317744e-09
21 21 1.735855517322176e-09
60 21 -2.83638112234191e-09
69 21 7.687990805376276e-10
120 21 7.714741699845061e-10
126 21 2.356855543870613e-08
132 21 1.04882370803792e-08
135 21 2.352337593871038e-08
1 22 -5.105115056962003e-09
22 22 1.511251035583254e-09
25 22 -5.104544956094605e-09
49 22 -2.187344798627295e-09
52 22 5.846426119256154e-10
55 22 5.845056364218352e-10
70 22 2.059170897665902e-08
76 22 8.032877823134552e-09
79 22 2.058903380464868e-08
2 23 -5.105115056962003e-09
23 23 1.511251035583254e-09
26 23 -5.104544956094605e-09
50 23 -2.187344798627295e-09
53 23 5.846426119256154e-10
56 23 5.845056364218352e-10
71 23 2.059170897665902e-08
77 23 8.032877823134552e-09
80 23 2.058903380464868e-08
3 24 -5.105115056962003e-09
24 24 1.511251035583254e-09
27 24 -5.104544956094605e-09
51 24 -2.187344798627295e-09
54 24 5.846426119256154e-10
57 24 5.845056364218352e-10
72 24 2.059170897665902e-08
78 24 8.032877823134552e-09
81 24 2.058903380464868e-08
1 25 1.621263374749242e-08
22 25 -5.104544956094605e-09
25 25 5.229028975532777e-07
49 25 2.588049694994346e-07
52 25 -2.121415418902788e-09
55 25 -9.422995482813454e-08
70 25 -6.310763535230263e-08
76 25 -5.346658367775312e-07
79 25 -1.219899181312284e-06
178 25 -4.842649610759125e-07
181 25 -1.102792385435148e-06
2 26 1.621263374749242e-08
23 26 -5.104544956094605e-09
26 26 5.229028975532777e-07
50 26 2.588049694994346e-07
53 26 -2.121415418902788e-09
56 26 -9.422995482813454e-08
71 26 -6.310763535230263e-08
77 26 -5.346658367775312e-07
80 26 -1.219899181312284e-06
179 26 -4.842649610759125e-07
182 26 -1.102792385435148e-06
3 27 1.621263374749242e-08
24 27 -5.104544956094605e-09
27 27 5.229028975532777e-07
51 27 2.588049694994346e-07
54 27 -2.121415418902788e-09
57 27 -9.422995482813454e-08
72 27 -6.310763535230263e-08
78 27 -5.346658367775312e-07
81 27 -1.219899181312284e-06
180 27 -4.842649610759125e-07
183 27 -1.102792385435148e-06
1 28 2.769030080657924e-07
4 28 2.460295825165978e-08
7 28 -2.292881626825565e-09
28 28 2.011708165369702e-06
31 28 -8.405021102165237e-08
34 28 4.672181133581834e-08
37 28 -1.13722959098205e-08
40 28 -6.215333432204092e-09
43 28 -1.472604537018931e-09
46 28 -9.08238076113039e-09
49 28 3.806636328747189e-08
52 28 -1.326663631203554e-09
70 28 -5.572244065507058e-07
76 28 -1.336553162792606e-07
82 28 -3.17633982559125e-06
85 28 -9.670093931257951e-08
91 28 -4.324572416035786e-06
94 28 -5.756240967819864e-07
100 28 -1.604177737365992e-07
193 28 -1.093039498119661e-06
196 28 1.812233896205335e-06
199 28 -1.77205914647762e-08
205 28 -2.577623979858458e-08
208 28 5.070635854167439e-07
211 28 -2.80757559983583e-07
214 28 -6.033844281394711e-07
2 29 2.769030080657924e-07
5 29 2.460295825165978e-08
8 29 -2.292881626825565e-09
29 29 2.011708165369702e-06
32 29 -8.405021102165237e-08
35 29 4.672181133581834e-08
38 29 -1.13722959098205e-08
41 29 -6.215333432204092e-09
44 29 -1.472604537018931e-09
47 29 -9.08238076113039e-09
50 29 3.806636328747189e-08
53 29 -1.326663631203554e-09
71 29 -5.572244065507058e-07
77 29 -1.336553162792606e-07
83 29 -3.17633982559125e-06
86 29 -9.670093931257951e-08
92 29 -4.324572416035786e-06
95 29 -5.756240967819864e-07
101 29 -1.604177737365992e-07
194 29 -1.093039498119661e-06
197 29 1.812233896205335e-06
200 29 -1.77205914647762e-08
206 29 -2.577623979858458e-08
209 29 5.070635854167439e-07
212 29 -2.80757559983583e-07
215 29 -6.033844281394711e-07
3 30 2.769030080657924e-07
6 30 2.460295825165978e-08
9 30 -2.292881626825565e-09
30 30 2.011708165369702e-06
33 30 -8.405021102165237e-08
36 30 4.672181133581834e-08
39 30 -1.13722959098205e-08
42 30 -6.215333432204092e-09
45 30 -1.472604537018931e-09
48 30 -9.08238076113039e-09
51 30 3.806636328747189e-08
54 30 -1.326663631203554e-09
72 30 -5.572244065507058e-07
78 30 -1.336553162792606e-07
84 30 -3.17633982559125e-06
87 30 -9.670093931257951e-08
93 30 -4.324572416035786e-06
96 30 -5.756240967819864e-07
102 30 -1.604177737365992e-07
195 30 -1.093039498119661e-06
198 30 1.812233896205335e-06
201 30 -1.77205914647762e-08
207 30 -2.577623979858458e-08
210 30 5.070635854167439e-07
213 30 -2.80757559983583e-07
216 30 -6.033844281394711e-07
1 31 -1.004494509836299e-07
4 31 -2.229261616093799e-09
7 31 6.140693478322984e-10
28 31 -8.405021102165237e-08
31 31 2.786853919574755e-08
40 31 4.875651755659528e-10
46 31 2.763851214253141e-10
49 31 -1.327399229873106e-09
52 31 3.545179611701947e-10
70 31 2.096718647567113e-07
76 31 4.95360776098312e-09
82 31 1.672429407733904e-07
85 31 8.430217138006428e-09
91 31 1.734710996138383e-07
94 31 2.160709045999567e-07
2 32 -1.004494509836299e-07
5 32 -2.229261616093799e-09
8 32 6.140693478322984e-10
29 32 -8.405021102165237e-08
32 32 2.786853919574755e-08
41 32 4.875651755659528e-10
47 32 2.763851214253141e-10
50 32 -1.327399229873106e-09
53 32 3.545179611701947e-10
71 32 2.096718647567113e-07
77 32 4.95360776098312e-09
83 32 1.672429407733904e-07
86 32 8.430217138006428e-09
92 32 1.734710996138383e-07
95 32 2.160709045999567e-07
3 33 -1.004494509836299e-07
6 33 -2.229261616093799e-09
9 33 6.140693478322984e-10
30 33 -8.405021102165237e-08
33 33 2.786853919574755e-08
42 33 4.875651755659528e-10
48 33 2.763851214253141e-10
51 33 -1.327399229873106e-09
54 33 3.545179611701947e-10
72 33 2.096718647567113e-07
78 33 4.95360776098312e-09
84 33 1.672429407733904e-07
87 33 8.430217138006428e-09
93 33 1.734710996138383e-07
96 33 2.160709045999567e-07
4 34 2.954462997257145e-07
10 34 2.736209435387222e-08
13 34 -2.496398555919274e-09
28 34 4.672181133581834e-08
34 34 2.600878367504712e-06
37 34 -1.148511132562198e-08
40 34 -1.471265253831933e-09
43 34 -9.27653699755646e-08
58 34 6.973461645458332e-08
61 34 -1.776295139719173e-08
64 34 -7.216226957126769e-09
67 34 -1.76756232916783e-09
85 34 -5.904263197039345e-07
91 34 -1.601898937781342e-07
100 34 -3.703951788854619e-06
103 34 -1.071832905719746e-07
109 34 -5.521617184225395e-06
112 34 -6.152661343441629e-07
121 34 -2.246781941271452e-07
187 34 5.884134971425924e-11
190 34 -2.91964305221857e-12
205 34 -1.678608056822051e-06
208 34 2.199712898978604e-06
211 34 -2.573563715857535e-08
223 34 -9.26418384164637e-14
226 34 -2.430453570736913e-11
229 34 -5.391094088398064e-08
235 34 -2.106033465615992e-10
238 34 -6.33072473763778e-07
5 35 2.954462997257145e-07
11 35 2.736209435387222e-08
14 35 -2.496398555919274e-09
29 35 4.672181133581834e-08
35 35 2.600878367504712e-06
38 35 -1.148511132562198e-08
41 35 -1.471265253831933e-09
44 35 -9.27653699755646e-08
59 35 6.973461645458332e-08
62 35 -1.776295139719173e-08
65 35 -7.216226957126769e-09
68 35 -1.76756232916783e-09
86 35 -5.904263197039345e-07
92 35 -1.601898937781342e-07
101 35 -3.703951788854619e-06
104 35 -1.071832905719746e-07
110 35 -5.521617184225395e-06
113 35 -6.152661343441629e-07
122 35 -2.246781941271452e-07
188 35 5.884134971425924e-11
191 35 -2.91964305221857e-12
206 35 -1.678608056822051e-06
209 35 2.199712898978604e-06
212 35 -2.573563715857535e-08
224 35 -9.26418384164637e-14
227 35 -2.430453570736913e-11
230 35 -5.391094088398064e-08
236 35 -2.106033465615992e-10
239 35 -6.33072473763778e-07
6 36 2.954462997257145e-07
12 36 2.736209435387222e-08
15 36 -2.496398555919274e-09
30 36 4.672181133581834e-08
36 36 2.600878367504712e-06
39 36 -1.148511132562198e-08
42 36 -1.471265253831933e-09
45 36 -9.27653699755646e-08
60 36 6.973461645458332e-08
63 36 -1.776295139719173e-08
66 36 -7.216226957126769e-09
69 36 -1.76756232916783e-09
87 36 -5.904263197039345e-07
93 36 -1.601898937781342e-07
102 36 -3.703951788854619e-06
105 36 -1.071832905719746e-07
111 36 -5.521617184225395e-06
114 36 -6.152661343441629e-07
123 36 -2.246781941271452e-07
189 36 5.884134971425924e-11
192 36 -2.91964305221857e-12
207 36 -1.678608056822051e-06
210 36 2.199712898978604e-06
213 36 -2.573563715857535e-08
225 36 -9.26418384164637e-14
228 36 -2.430453570736913e-11
231 36 -5.391094088398064e-08
237 36 -2.106033465615992e-10
240 36 -6.33072473763778e-07
4 37 -1.432040646466963e-09
28 37 -1.13722959098205e-08
34 37 -1.148511132562198e-08
37 37 2.57584964535178e-09
40 37 3.134304817606847e-10
43 37 3.16109048134681e-10
85 37 5.493181318837108e-09
91 37 4.100113644033559e-08
100 37 4.145689635726582e-08
205 37 5.500554523343416e-09
208 37 -1.383280938319646e-08
211 37 5.419349243324903e-09
5 38 -1.432040646466963e-09
29 38 -1.13722959098205e-08
35 38 -1.148511132562198e-08
38 38 2.57584964535178e-09
41 38 3.134304817606847e-10
44 38 3.16109048134681e-10
86 38 5.493181318837108e-09
92 38 4.100113644033559e-08
101 38 4.145689635726582e-08
206 38 5.500554523343416e-09
209 38 -1.383280938319646e-08
212 38 5.419349243324903e-09
6 39 -1.432040646466963e-09
30 39 -1.13722959098205e-08
36 39 -1.148511132562198e-08
39 39 2.57584964535178e-09
42 39 3.134304817606847e-10
45 39 3.16109048134681e-10
87 39 5.493181318837108e-09
93 39 4.100113644033559e-08
102 39 4.145689635726582e-08
207 39 5.500554523343416e-09
210 39 -1.383280938319646e-08
213 39 5.419349243324903e-09
1 40 -2.229629540692391e-09
4 40 -7.487160025161887e-09
7 40 6.148051970294848e-10
28 40 -6.215333432204092e-09
31 40 4.875651755659528e-10
34 40 -1.471265253831933e-09
37 40 3.134304817606847e-10
40 40 1.759790424080395e-09
43 40 3.945582628646183e-10
85 40 3.050480839440791e-08
91 40 2.439598726942074e-08
94 40 8.430217138006428e-09
100 40 5.493181318837108e-09
2 41 -2.229629540692391e-09
5 41 -7.487160025161887e-09
8 41 6.148051970294848e-10
29 41 -6.215333432204092e-09
32 41 4.875651755659528e-10
35 41 -1.471265253831933e-09
38 41 3.134304817606847e-10
41 41 1.759790424080395e-09
44 41 3.945582628646183e-10
86 41 3.050480839440791e-08
92 41 2.439598726942074e-08
95 41 8.430217138006428e-09
101 41 5.493181318837108e-09
3 42 -2.229629540692391e-09
6 42 -7.487160025161887e-09
9 42 6.148051970294848e-10
30 42 -6.215333432204092e-09
33 42 4.875651755659528e-10
36 42 -1.471265253831933e-09
39 42 3.134304817606847e-10
42 42 1.759790424080395e-09
45 42 3.945582628646183e-10
87 42 3.050480839440791e-08
93 42 2.439598726942074e-08
96 42 8.430217138006428e-09
102 42 5.493181318837108e-09
4 43 -1.078052393576182e-07
10 43 -2.438712136368926e-09
13 43 6.716020567169011e-10
28 43 -1.472604537018931e-09
34 43 -9.27653699755646e-08
37 43 3.16109048134681e-10
40 43 3.945582628646183e-10
43 43 3.098809289745931e-08
64 43 5.577427433287828e-10
85 43 2.233837747633123e-07
91 43 5.493181318837108e-09
100 43 1.837861541062243e-07
103 43 9.198619327859507e-09
109 43 1.93595444540462e-07
112 43 2.324411214934526e-07
5 44 -1.078052393576182e-07
11 44 -2.438712136368926e-09
14 44 6.716020567169011e-10
29 44 -1.472604537018931e-09
35 44 -9.27653699755646e-08
38 44 3.16109048134681e-10
41 44 3.945582628646183e-10
44 44 3.098809289745931e-08
65 44 5.577427433287828e-10
86 44 2.233837747633123e-07
92 44 5.493181318837108e-09
101 44 1.837861541062243e-07
104 44 9.198619327859507e-09
110 44 1.93595444540462e-07
113 44 2.324411214934526e-07
6 45 -1.078052393576182e-07
12 45 -2.438712136368926e-09
15 45 6.716020567169011e-10
30 45 -1.472604537018931e-09
36 45 -9.27653699755646e-08
39 45 3.16109048134681e-10
42 45 3.945582628646183e-10
45 45 3.098809289745931e-08
66 45 5.577427433287828e-10
87 45 2.233837747633123e-07
93 45 5.493181318837108e-09
102 45 1.837861541062243e-07
105 45 9.198619327859507e-09
111 45 1.93595444540462e-07
114 45 2.324411214934526e-07
1 46 -1.287597211331113e-09
28 46 -9.08238076113039e-09
31 46 2.763851214253141e-10
46 46 1.981457314776845e-09
49 46 -9.033234219255243e-09
52 46 2.749139240862096e-10
70 46 4.953607760983119e-09
76 46 3.31856515575526e-08
82 46 3.339018940941925e-08
193 46 3.673043025693296e-09
196 46 -1.080899997617715e-08
199 46 3.644900929837785e-09
2 47 -1.287597211331113e-09
29 47 -9.08238076113039e-09
32 47 2.763851214253141e-10
47 47 1.981457314776845e-09
50 47 -9.033234219255243e-09
53 47 2.749139240862096e-10
71 47 4.953607760983119e-09
77 47 3.31856515575526e-08
83 47 3.339018940941925e-08
194 47 3.673043025693296e-09
197 47 -1.080899997617715e-08
200 47 3.644900929837785e-09
3 48 -1.287597211331113e-09
30 48 -9.08238076113039e-09
33 48 2.763851214253141e-10
48 48 1.981457314776845e-09
51 48 -9.033234219255243e-09
54 48 2.749139240862096e-10
72 48 4.953607760983119e-09
78 48 3.31856515575526e-08
84 48 3.339018940941925e-08
195 48 3.673043025693296e-09
198 48 -1.080899997617715e-08
201 48 3.644900929837785e-09
1 49 2.318284907665175e-08
22 49 -2.187344798627295e-09
25 49 2.588049694994346e-07
28 49 3.806636328747189e-08
31 49 -1.327399229873106e-09
46 49 -9.033234219255243e-09
49 49 1.736806029580742e-06
52 49 -5.71818648493781e-09
55 49 -7.786194539544989e-08
70 49 -9.128126186122718e-08
76 49 -3.840061878847421e-06
79 49 -5.567354025297431e-07
82 49 -1.337575852051939e-07
178 49 -2.747821528178268e-06
181 49 -5.046179994957631e-07
193 49 -1.773466251270395e-08
196 49 4.172408488218161e-07
199 49 -1.870948261773544e-07
250 49 -3.803491501045209e-07
253 49 -8.803134618347955e-07
256 49 1.567166252144711e-06
2 50 2.318284907665175e-08
23 50 -2.187344798627295e-09
26 50 2.588049694994346e-07
29 50 3.806636328747189e-08
32 50 -1.327399229873106e-09
47 50 -9.033234219255243e-09
50 50 1.736806029580742e-06
53 50 -5.71818648493781e-09
56 50 -7.786194539544989e-08
71 50 -9.128126186122718e-08
77 50 -3.840061878847421e-06
80 50 -5.567354025297431e-07
83 50 -1.337575852051939e-07
179 50 -2.747821528178268e-06
182 50 -5.046179994957631e-07
194 50 -1.773466251270395e-08
197 50 4.172408488218161e-07
200 50 -1.870948261773544e-07
251 50 -3.803491501045209e-07
254 50 -8.803134618347955e-07
257 50 1.567166252144711e-06
3 51 2.318284907665175e-08
24 51 -2.187344798627295e-09
27 51 2.588049694994346e-07
30 51 3.806636328747189e-08
33 51 -1.327399229873106e-09
48 51 -9.033234219255243e-09
51 51 1.736806029580742e-06
54 51 -5.71818648493781e-09
57 51 -7.786194539544989e-08
72 51 -9.128126186122718e-08
78 51 -3.840061878847421e-06
81 51 -5.567354025297431e-07
84 51 -1.337575852051939e-07
180 51 -2.747821528178268e-06
183 51 -5.046179994957631e-07
195 51 -1.773466251270395e-08
198 51 4.172408488218161e-07
201 51 -1.870948261773544e-07
252 51 -3.803491501045209e-07
255 51 -8.803134618347955e-07
258 51 1.567166252144711e-06
1 52 -7.028410702355513e-09
22 52 5.846426119256154e-10
25 52 -2.121415418902788e-09
28 52 -1.326663631203554e-09
31 52 3.545179611701947e-10
46 52 2.749139240862096e-10
49 52 -5.71818648493781e-09
52 52 1.611049993318754e-09
55 52 4.526468769728121e-10
70 52 2.868325296773202e-08
76 52 2.240743469091204e-08
79 52 8.032877823134552e-09
82 52 4.95360776098312e-09
2 53 -7.028410702355513e-09
23 53 5.846426119256154e-10
26 53 -2.121415418902788e-09
29 53 -1.326663631203554e-09
32 53 3.545179611701947e-10
47 53 2.749139240862096e-10
50 53 -5.71818648493781e-09
53 53 1.611049993318754e-09
56 53 4.526468769728121e-10
71 53 2.868325296773202e-08
77 53 2.240743469091204e-08
80 53 8.032877823134552e-09
83 53 4.95360776098312e-09
3 54 -7.028410702355513e-09
24 54 5.846426119256154e-10
27 54 -2.121415418902788e-09
30 54 -1.326663631203554e-09
33 54 3.545179611701947e-10
48 54 2.749139240862096e-10
51 54 -5.71818648493781e-09
54 54 1.611049993318754e-09
57 54 4.526468769728121e-10
72 54 2.868325296773202e-08
78 54 2.240743469091204e-08
81 54 8.032877823134552e-09
84 54 4.95360776098312e-09
1 55 -2.121346931150896e-09
22 55 5.845056364218352e-10
25 55 -9.422995482813454e-08
49 55 -7.786194539544989e-08
52 55 4.526468769728121e-10
55 55 2.585310117378581e-08
70 55 8.032877823134552e-09
76 55 1.642266853947271e-07
79 55 2.083658168991552e-07
178 55 1.511691387246826e-07
181 55 1.918752155643828e-07
2 56 -2.121346931150896e-09
23 56 5.845056364218352e-10
26 56 -9.422995482813454e-08
50 56 -7.786194539544989e-08
53 56 4.526468769728121e-10
56 56 2.585310117378581e-08
71 56 8.032877823134552e-09
77 56 1.642266853947271e-07
80 56 2.083658168991552e-07
179 56 1.511691387246826e-07
182 56 1.918752155643828e-07
3 57 -2.121346931150896e-09
24 57 5.845056364218352e-10
27 57 -9.422995482813454e-08
51 57 -7.786194539544989e-08
54 57 4.526468769728121e-10
57 57 2.585310117378581e-08
72 57 8.032877823134552e-09
78 57 1.642266853947271e-07
81 57 2.083658168991552e-07
180 57 1.511691387246826e-07
183 57 1.918752155643828e-07
10 58 3.274971482552346e-07
16 58 3.210313547056941e-08
19 58 -2.83638112234191e-09
34 58 6.973461645458332e-08
58 58 4.128319638888484e-06
61 58 -1.805606773598941e-08
64 58 -1.765117808492228e-09
67 58 -1.08505360839948e-07
103 58 -6.490052116956815e-07
109 58 -2.241309481703387e-07
118 58 -9.029936373419509e-09
121 58 -4.777850775402743e-06
124 58 -1.250693973361737e-07
130 58 -8.137661049505533e-06
133 58 -6.819441423284711e-07
139 58 1.406321502366848e-07
142 58 -3.934020476791727e-08
145 58 -2.319979843574859e-09
157 58 -3.82263856387716e-07
187 58 7.066702314490432e-12
190 58 -9.25131097920507e-14
223 58 -3.74539132005047e-13
229 58 -3.505640347921238e-06
235 58 -2.802992107220575e-11
238 58 -5.375410400313378e-08
265 58 9.213274311381267e-09
268 58 -7.885166183622246e-14
271 58 -1.357692788183866e-09
274 58 -5.784511859447412e-11
277 58 -8.794972346342749e-09
280 58 -1.819029193519011e-07
286 58 -2.791625992834797e-08
289 58 -2.100953766741951e-06
11 59 3.274971482552346e-07
17 59 3.210313547056941e-08
20 59 -2.83638112234191e-09
35 59 6.973461645458332e-08
59 59 4.128319638888484e-06
62 59 -1.805606773598941e-08
65 59 -1.765117808492228e-09
68 59 -1.08505360839948e-07
104 59 -6.490052116956815e-07
110 59 -2.241309481703387e-07
119 59 -9.029936373419509e-09
122 59 -4.777850775402743e-06
125 59 -1.250693973361737e-07
131 59 -8.137661049505533e-06
134 59 -6.819441423284711e-07
140 59 1.406321502366848e-07
143 59 -3.934020476791727e-08
146 59 -2.319979843574859e-09
158 59 -3.82263856387716e-07
188 59 7.066702314490432e-12
191 59 -9.25131097920507e-14
224 59 -3.74539132005047e-13
230 59 -3.505640347921238e-06
236 59 -2.802992107220575e-11
239 59 -5.375410400313378e-08
266 59 9.213274311381267e-09
269 59 -7.885166183622246e-14
272 59 -1.357692788183866e-09
275 59 -5.784511859447412e-11
278 59 -8.794972346342749e-09
281 59 -1.819029193519011e-07
287 59 -2.791625992834797e-08
290 59 -2.100953766741951e-06
12 60 3.274971482552346e-07
18 60 3.210313547056941e-08
21 60 -2.83638112234191e-09
36 60 6.973461645458332e-08
60 60 4.128319638888484e-06
63 60 -1.805606773598941e-08
66 60 -1.765117808492228e-09
69 60 -1.08505360839948e-07
105 60 -6.490052116956815e-07
111 60 -2.241309481703387e-07
120 60 -9.029936373419509e-09
123 60 -4.777850775402743e-06
126 60 -1.250693973361737e-07
132 60 -8.137661049505533e-06
135 60 -6.819441423284711e-07
141 60 1.406321502366848e-07
144 60 -3.934020476791727e-08
147 60 -2.319979843574859e-09
159 60 -3.82263856387716e-07
189 60 7.066702314490432e-12
192 60 -9.25131097920507e-14
225 60 -3.74539132005047e-13
231 60 -3.505640347921238e-06
237 60 -2.802992107220575e-11
240 60 -5.375410400313378e-08
267 60 9.213274311381267e-09
270 60 -7.885166183622246e-14
273 60 -1.357692788183866e-09
276 60 -5.784511859447412e-11
279 60 -8.794972346342749e-09
282 60 -1.819029193519011e-07
288 60 -2.791625992834797e-08
291 60 -2.100953766741951e-06
10 61 -1.727060268197743e-09
34 61 -1.776295139719173e-08
58 61 -1.805606773598941e-08
61 61 4.255027219732535e-09
64 61 3.952719641639753e-10
67 61 4.001610055151774e-10
103 61 6.589084189215963e-09
109 61 6.085380762173925e-08
121 61 6.194829953535258e-08
187 61 -9.290412966106883e-14
190 61 3.982152828245393e-15
223 61 4.23961007707145e-15
229 61 1.21262218134822e-08
235 61 3.668523260779933e-13
238 61 1.181254805178859e-08
11 62 -1.727060268197743e-09
35 62 -1.776295139719173e-08
59 62 -1.805606773598941e-08
62 62 4.255027219732535e-09
65 62 3.952719641639753e-10
68 62 4.001610055151774e-10
104 62 6.589084189215963e-09
110 62 6.085380762173925e-08
122 62 6.194829953535258e-08
188 62 -9.290412966106883e-14
191 62 3.982152828245393e-15
224 62 4.23961007707145e-15
230 62 1.21262218134822e-08
236 62 3.668523260779933e-13
239 62 1.181254805178859e-08
12 63 -1.727060268197743e-09
36 63 -1.776295139719173e-08
60 63 -1.805606773598941e-08
63 63 4.255027219732535e-09
66 63 3.952719641639753e-10
69 63 4.001610055151774e-10
105 63 6.589084189215963e-09
111 63 6.085380762173925e-08
123 63 6.194829953535258e-08
189 63 -9.290412966106883e-14
192 63 3.982152828245393e-15
225 63 4.23961007707145e-15
231 63 1.21262218134822e-08
237 63 3.668523260779933e-13
240 63 1.181254805178859e-08
4 64 -2.439468899225216e-09
10 64 -8.382815026534525e-09
13 64 6.731155824294722e-10
34 64 -7.216226957126769e-09
43 64 5.577427433287828e-10
58 64 -1.765117808492228e-09
61 64 3.952719641639753e-10
64 64 2.061156350168778e-09
67 64 4.762760861041455e-10
103 64 3.404644038193467e-08
109 64 2.841392170525471e-08
112 64 9.19861932785951e-09
121 64 6.589084189215966e-09
5 65 -2.439468899225216e-09
11 65 -8.382815026534525e-09
14 65 6.731155824294722e-10
35 65 -7.216226957126769e-09
44 65 5.577427433287828e-10
59 65 -1.765117808492228e-09
62 65 3.952719641639753e-10
65 65 2.061156350168778e-09
68 65 4.762760861041455e-10
104 65 3.404644038193467e-08
110 65 2.841392170525471e-08
113 65 9.19861932785951e-09
122 65 6.589084189215966e-09
6 66 -2.439468899225216e-09
12 66 -8.382815026534525e-09
15 66 6.731155824294722e-10
36 66 -7.216226957126769e-09
45 66 5.577427433287828e-10
60 66 -1.765117808492228e-09
63 66 3.952719641639753e-10
66 66 2.061156350168778e-09
69 66 4.762760861041455e-10
105 66 3.404644038193467e-08
111 66 2.841392170525471e-08
114 66 9.19861932785951e-09
123 66 6.589084189215966e-09
10 67 -1.206931681377269e-07
16 67 -2.792136958116498e-09
19 67 7.687990805376276e-10
34 67 -1.76756232916783e-09
58 67 -1.08505360839948e-07
61 67 4.001610055151774e-10
64 67 4.762760861041455e-10
67 67 3.670925254389279e-08
103 67 2.478501733827996e-07
109 67 6.589084189215966e-09
118 67 6.829858415336849e-10
121 67 2.144766724912914e-07
124 67 1.04882370803792e-08
130 67 2.295945501208251e-07
133 67 2.604263292740018e-07
11 68 -1.206931681377269e-07
17 68 -2.792136958116498e-09
20 68 7.687990805376276e-10
35 68 -1.76756232916783e-09
59 68 -1.08505360839948e-07
62 68 4.001610055151774e-10
65 68 4.762760861041455e-10
68 68 3.670925254389279e-08
104 68 2.478501733827996e-07
110 68 6.589084189215966e-09
119 68 6.829858415336849e-10
122 68 2.144766724912914e-07
125 68 1.04882370803792e-08
131 68 2.295945501208251e-07
134 68 2.604263292740018e-07
12 69 -1.206931681377269e-07
18 69 -2.792136958116498e-09
21 69 7.687990805376276e-10
36 69 -1.76756232916783e-09
60 69 -1.08505360839948e-07
63 69 4.001610055151774e-10
66 69 4.762760861041455e-10
69 69 3.670925254389279e-08
105 69 2.478501733827996e-07
111 69 6.589084189215966e-09
120 69 6.829858415336849e-10
123 69 2.144766724912914e-07
126 69 1.04882370803792e-08
132 69 2.295945501208251e-07
135 69 2.604263292740018e-07
1 70 -1.324156508486465e-06
22 70 2.059170897665902e-08
25 70 -6.310763535230263e-08
28 70 -5.572244065507058e-07
31 70 2.096718647567113e-07
46 70 4.953607760983119e-09
49 70 -9.128126186122718e-08
52 70 2.868325296773202e-08
55 70 8.032877823134552e-09
70 70 4.213677816229027e-06
76 70 3.458627435839715e-07
79 70 2.443949884140659e-07
82 70 1.501965101566079e-06
91 70 6.795499928924366e-07
94 70 1.675250226912919e-06
2 71 -1.324156508486465e-06
23 71 2.059170897665902e-08
26 71 -6.310763535230263e-08
29 71 -5.572244065507058e-07
32 71 2.096718647567113e-07
47 71 4.953607760983119e-09
50 71 -9.128126186122718e-08
53 71 2.868325296773202e-08
56 71 8.032877823134552e-09
71 71 4.213677816229027e-06
77 71 3.458627435839715e-07
80 71 2.443949884140659e-07
83 71 1.501965101566079e-06
92 71 6.795499928924366e-07
95 71 1.675250226912919e-06
3 72 -1.324156508486465e-06
24 72 2.059170897665902e-08
27 72 -6.310763535230263e-08
30 72 -5.572244065507058e-07
33 72 2.096718647567113e-07
48 72 4.953607760983119e-09
51 72 -9.128126186122718e-08
54 72 2.868325296773202e-08
57 72 8.032877823134552e-09
72 72 4.213677816229027e-06
78 72 3.458627435839715e-07
81 72 2.443949884140659e-07
84 72 1.501965101566079e-06
93 72 6.795499928924366e-07
96 72 1.675250226912919e-06
73 73   0.2894511260959396
74 73 -0.02713132901909053
75 73 -0.001240801206365071
88 73 0.008002227614315309
89 73 -0.004094342504811503
90 73 -4.439729357775819e-05
97 73 -0.06491081059460668
98 73  0.02705814237040434
99 73 9.35646341350432e-06
175 73 -0.03436957008206407
176 73 0.007045565407438064
177 73 1.234119052454008e-05
184 73 0.008148302520942331
185 73 -0.002852454473970488
186 73 -4.889336949410664e-05
202 73  -0.2128239573489101
203 73   0.0413201500666028
204 73  0.03704843227580209
217 73  0.03176762512239786
218 73 -0.01924017725350873
219 73 -0.009819430379587959
259 73 -0.04653643203152519
260 73 -0.02054333331838499
261 73  0.01675327268237001
262 73 0.008648946014340474
263 73 -0.001756211790434123
264 73 0.0002125051239017114
301 73 -3.73551653654344e-05
302 73 1.976945971400829e-06
303 73 -0.0001118275390835348
304 73 -0.0006605041620665927
305 73 -1.111085244571203e-05
306 73 0.0008978822347078662
307 73 0.001450379499979864
308 73 6.51219559869026e-05
309 73 -0.001835663827842031
310 73 1.947776459792035e-05
311 73 -3.22756424867195e-06
312 73 3.22756424867195e-06
313 73  0.00129881314252442
314 73 -1.84849479739723e-05
315 73 -0.001771530333614152
316 73 1.444580150370672e-06
317 73 -2.166870225556012e-06
318 73 -8.334995011368478e-06
320 73 1.112070045911538e-05
321 73 5.273228858912664e-05
322 73 6.121705757665248e-06
323 73 -4.485402391462902e-05
324 73 -0.0001978759150202799
325 73 -7.870764545569589e-06
326 73 1.63450440452585e-06
327 73 -8.595266819670116e-06
328 73 3.044786375336818e-07
329 73 -9.848013403338419e-09
330 73 -4.567179563005217e-07
73 74 -0.02713132901909053
74 74   0.3148790819260855
75 74 -0.03783006416623733
88 74 -0.002729561669874346
89 74  0.02800779665010366
90 74 -0.005228268650863207
97 74  0.02360959695871813
98 74  -0.1330332607320801
99 74  0.03171151201219564
175 74  0.01056834811115709
176 74   -0.120252869786351
177 74  0.01926667649418971
184 74 -0.00427868171095576
185 74  0.02851905882329829
186 74 -0.007894878700963651
202 74  0.04026943950797324
203 74 -0.08853457969920051
204 74  -0.0102124690167215
217 74 -0.01839762021412104
218 74  0.03598041031933557
219 74 0.009819430379587957
259 74 -0.01956686005178836
260 74 -0.04213229241222994
261 74  0.01101622452582106
262 74 -0.002634317685651177
263 74  0.03027131105019158
264 74 -0.01054348135958667
301 74 1.317963980933886e-06
302 74 5.851085352610982e-05
303 74 -1.176083914606412e-05
304 74 -7.407234963808018e-06
305 74 -0.0006605041620665927
306 74 0.0001002812433558325
307 74 4.610427419849501e-05
308 74 0.001450379499979864
309 74 -0.0003843959142019268
310 74 -4.841346373007933e-06
311 74 2.754667521960024e-05
312 74 -2.760286477254455e-05
313 74 -1.232329864931483e-05
314 74 0.001194878213011197
315 74 1.232329864931483e-05
316 74 -1.444580150370672e-06
317 74 5.056030526297361e-06
318 74 8.334995011368477e-06
319 74 7.413800306076901e-06
321 74 -6.014608889520354e-05
322 74 -3.110649940172825e-05
323 74 1.749058787904354e-06
324 74 0.0002265110655589185
325 74 2.293486394992793e-06
326 74 -7.109567951735384e-06
327 74 1.06744273944382e-05
328 74 -6.5653422688923e-09
329 74 3.044786375336818e-07
330 74  6.5653422688923e-09
73 75 -0.001240801206365071
74 75 -0.03783006416623733
75 75   0.4106241240571573
88 75 -2.959819571850547e-05
89 75 -0.007879400720942909
90 75 0.008002227614315309
97 75 6.237642275669546e-06
98 75  0.03810091570114473
99 75 -0.06714660319924776
175 75 1.85117857868101e-05
176 75   0.0128477085043138
177 75 -0.03441019558293719
184 75 -7.334005424116001e-05
185 75 -0.005222507992730684
186 75 0.008148302520942331
202 75  0.02554017368009711
203 75 -0.006689542943022479
204 75 -0.07049254896993147
217 75 -0.006546286919725327
218 75 0.006546286919725327
219 75  0.01505511898705181
259 75  0.01217658427591697
260 75 0.007416009385964643
261 75 -0.02413587612632848
262 75 0.0003187576858525674
263 75 -0.007219617009933553
264 75 0.008648946014340474
301 75 -3.990671621794894e-05
302 75 -6.249225874261027e-06
303 75 0.0003450330146521699
304 75 0.0005985881564719096
305 75 7.302685804039511e-05
306 75 -0.002311764567233082
307 75 -0.001226465522101913
308 75 -0.0002906497159891901
309 75 0.005076328249929529
310 75 4.841346373007935e-06
311 75 -2.109154672225633e-05
312 75 6.010326547104135e-05
313 75 -0.001215665198913843
314 75 1.84849479739723e-05
315 75 0.004078138816025959
316 75 -5.556663340912321e-06
317 75 5.55666334091232e-06
318 75 1.444580150370672e-06
319 75 3.51548590594178e-05
320 75 -4.627555951853318e-05
322 75 -0.0001321710088781313
323 75 0.0001751237346860891
324 75 1.749058787904354e-06
325 75 -5.476445681835343e-06
326 75 8.214588247070374e-06
327 75 -4.259314169642912e-06
328 75 -3.044786375336818e-07
329 75 9.848013403338419e-09
330 75 1.065675231367887e-06
1 76 -8.814335272281718e-08
22 76 8.032877823134552e-09
25 76 -5.346658367775312e-07
28 76 -1.336553162792606e-07
31 76 4.95360776098312e-09
46 76 3.31856515575526e-08
49 76 -3.840061878847421e-06
52 76 2.240743469091204e-08
55 76 1.642266853947271e-07
70 76 3.458627435839715e-07
76 76 1.112061305398362e-05
79 76 1.514812469876056e-06
82 76 4.764579132558569e-07
178 76 3.680242312125471e-06
181 76 6.599571309153582e-07
193 76 5.341428195206889e-08
196 76 -1.207490689718587e-06
199 76 5.329567730263981e-07
250 76 8.562556541759694e-07
253 76 1.629832746575148e-06
256 76 -3.120842594172277e-06
2 77 -8.814335272281718e-08
23 77 8.032877823134552e-09
26 77 -5.346658367775312e-07
29 77 -1.336553162792606e-07
32 77 4.95360776098312e-09
47 77 3.31856515575526e-08
50 77 -3.840061878847421e-06
53 77 2.240743469091204e-08
56 77 1.642266853947271e-07
71 77 3.458627435839715e-07
77 77 1.112061305398362e-05
80 77 1.514812469876056e-06
83 77 4.764579132558569e-07
179 77 3.680242312125471e-06
182 77 6.599571309153582e-07
194 77 5.341428195206889e-08
197 77 -1.207490689718587e-06
200 77 5.329567730263981e-07
251 77 8.562556541759694e-07
254 77 1.629832746575148e-06
257 77 -3.120842594172277e-06
3 78 -8.814335272281718e-08
24 78 8.032877823134552e-09
27 78 -5.346658367775312e-07
30 78 -1.336553162792606e-07
33 78 4.95360776098312e-09
48 78 3.31856515575526e-08
51 78 -3.840061878847421e-06
54 78 2.240743469091204e-08
57 78 1.642266853947271e-07
72 78 3.458627435839715e-07
78 78 1.112061305398362e-05
81 78 1.514812469876056e-06
84 78 4.764579132558569e-07
180 78 3.680242312125471e-06
183 78 6.599571309153582e-07
195 78 5.341428195206889e-08
198 78 -1.207490689718587e-06
201 78 5.329567730263981e-07
252 78 8.562556541759694e-07
255 78 1.629832746575148e-06
258 78 -3.120842594172277e-06
1 79 -6.310629776629753e-08
22 79 2.058903380464868e-08
25 79 -1.219899181312284e-06
49 79 -5.567354025297431e-07
52 79 8.032877823134552e-09
55 79 2.083658168991552e-07
70 79 2.443949884140659e-07
76 79 1.514812469876056e-06
79 79 3.793482662093946e-06
178 79 6.599571309153582e-07
181 79 1.651082117735972e-06
2 80 -6.310629776629753e-08
23 80 2.058903380464868e-08
26 80 -1.219899181312284e-06
50 80 -5.567354025297431e-07
53 80 8.032877823134552e-09
56 80 2.083658168991552e-07
71 80 2.443949884140659e-07
77 80 1.514812469876056e-06
80 80 3.793482662093946e-06
179 80 6.599571309153582e-07
182 80 1.651082117735972e-06
3 81 -6.310629776629753e-08
24 81 2.058903380464868e-08
