%%MatrixMarket matrix coordinate real general
1431 1431 46469
1 1 1.419147959908951e-07
4 1 2.417561631030509e-09
7 1 -4.837062637594451e-10
22 1 -4.731568043856788e-10
25 1 2.364429128028159e-09
28 1 6.511314993654853e-08
31 1 -1.530537106917042e-08
40 1 -2.078152539143483e-10
46 1 -1.298177786123591e-10
49 1 3.507719050277194e-09
52 1 -6.876561394077114e-10
55 1 -1.987994184590298e-10
70 1 -3.087981676566706e-07
76 1 -1.359293210900552e-08
79 1 -9.280384831797253e-09
82 1 -1.274990019260912e-07
85 1 -9.484612542988314e-09
91 1 -1.305184997816219e-07
94 1 -2.96359424373796e-07
2 2 1.419147959908951e-07
5 2 2.417561631030509e-09
8 2 -4.837062637594451e-10
23 2 -4.731568043856788e-10
26 2 2.364429128028159e-09
29 2 6.511314993654853e-08
32 2 -1.530537106917042e-08
41 2 -2.078152539143483e-10
47 2 -1.298177786123591e-10
50 2 3.507719050277194e-09
53 2 -6.876561394077114e-10
56 2 -1.987994184590298e-10
71 2 -3.087981676566706e-07
77 2 -1.359293210900552e-08
80 2 -9.280384831797253e-09
83 2 -1.274990019260912e-07
86 2 -9.484612542988314e-09
92 2 -1.305184997816219e-07
95 2 -2.96359424373796e-07
3 3 1.419147959908951e-07
6 3 2.417561631030509e-09
9 3 -4.837062637594451e-10
24 3 -4.731568043856788e-10
27 3 2.364429128028159e-09
30 3 6.511314993654853e-08
33 3 -1.530537106917042e-08
42 3 -2.078152539143483e-10
48 3 -1.298177786123591e-10
51 3 3.507719050277194e-09
54 3 -6.876561394077114e-10
57 3 -1.987994184590298e-10
72 3 -3.087981676566706e-07
78 3 -1.359293210900552e-08
81 3 -9.280384831797253e-09
84 3 -1.274990019260912e-07
87 3 -9.484612542988314e-09
93 3 -1.305184997816219e-07
96 3 -2.96359424373796e-07
1 4 2.417561631030509e-09
4 4 1.464010537684107e-07
7 4 -4.838757488170947e-10
10 4 2.515132768697743e-09
13 4 -5.031797406859961e-10
28 4 3.701330501134106e-09
31 4 -2.078029159235615e-10
34 4 6.907564705128449e-08
37 4 -1.425002367806198e-10
40 4 -7.272125779392346e-10
43 4 -1.629147248167426e-08
64 4 -2.248913351612556e-10
85 4 -3.176151596803001e-07
91 4 -1.435282360963113e-08
94 4 -9.484240860603012e-09
100 4 -1.34840658312505e-07
103 4 -9.858892484573258e-09
109 4 -1.393059289509668e-07
112 4 -3.061575617892694e-07
2 5 2.417561631030509e-09
5 5 1.464010537684107e-07
8 5 -4.838757488170947e-10
11 5 2.515132768697743e-09
14 5 -5.031797406859961e-10
29 5 3.701330501134106e-09
32 5 -2.078029159235615e-10
35 5 6.907564705128449e-08
38 5 -1.425002367806198e-10
41 5 -7.272125779392346e-10
44 5 -1.629147248167426e-08
65 5 -2.248913351612556e-10
86 5 -3.176151596803001e-07
92 5 -1.435282360963113e-08
95 5 -9.484240860603012e-09
101 5 -1.34840658312505e-07
104 5 -9.858892484573258e-09
110 5 -1.393059289509668e-07
113 5 -3.061575617892694e-07
3 6 2.417561631030509e-09
6 6 1.464010537684107e-07
9 6 -4.838757488170947e-10
12 6 2.515132768697743e-09
15 6 -5.031797406859961e-10
30 6 3.701330501134106e-09
33 6 -2.078029159235615e-10
36 6 6.907564705128449e-08
39 6 -1.425002367806198e-10
42 6 -7.272125779392346e-10
45 6 -1.629147248167426e-08
66 6 -2.248913351612556e-10
87 6 -3.176151596803001e-07
93 6 -1.435282360963113e-08
96 6 -9.484240860603012e-09
102 6 -1.34840658312505e-07
105 6 -9.858892484573258e-09
111 6 -1.393059289509668e-07
114 6 -3.061575617892694e-07
1 7 -4.837062637594451e-10
4 7 -4.838757488170947e-10
7 7 8.795704199373484e-11
28 7 -2.110262906754232e-10
31 7 3.612252750155867e-11
40 7 3.614720348313314e-11
85 7 1.943379367231184e-09
91 7 8.015358856964094e-10
94 7 1.942636002460578e-09
2 8 -4.837062637594451e-10
5 8 -4.838757488170947e-10
8 8 8.795704199373484e-11
29 8 -2.110262906754232e-10
32 8 3.612252750155867e-11
41 8 3.614720348313314e-11
86 8 1.943379367231184e-09
92 8 8.015358856964094e-10
95 8 1.942636002460578e-09
3 9 -4.837062637594451e-10
6 9 -4.838757488170947e-10
9 9 8.795704199373484e-11
30 9 -2.110262906754232e-10
33 9 3.612252750155867e-11
42 9 3.614720348313314e-11
87 9 1.943379367231184e-09
93 9 8.015358856964094e-10
96 9 1.942636002460578e-09
4 10 2.515132768697743e-09
10 10 1.538249221342118e-07
13 10 -5.035096282644684e-10
16 10 2.667964302770843e-09
19 10 -5.337098247791691e-10
34 10 4.070195172672282e-09
43 10 -2.24866354967692e-10
58 10 7.582420806020412e-08
61 10 -1.677009303120813e-10
64 10 -8.027566998928497e-10
67 10 -1.798362196025783e-08
103 10 -3.32605380034867e-07
109 10 -1.580271851401386e-08
112 10 -9.858169996622029e-09
118 10 -2.529839189466864e-10
121 10 -1.476946470268576e-07
124 10 -1.044375334690694e-08
130 10 -1.540117395581043e-07
133 10 -3.219007338046162e-07
5 11 2.515132768697743e-09
11 11 1.538249221342118e-07
14 11 -5.035096282644684e-10
17 11 2.667964302770843e-09
20 11 -5.337098247791691e-10
35 11 4.070195172672282e-09
44 11 -2.24866354967692e-10
59 11 7.582420806020412e-08
62 11 -1.677009303120813e-10
65 11 -8.027566998928497e-10
68 11 -1.798362196025783e-08
104 11 -3.32605380034867e-07
110 11 -1.580271851401386e-08
113 11 -9.858169996622029e-09
119 11 -2.529839189466864e-10
122 11 -1.476946470268576e-07
125 11 -1.044375334690694e-08
131 11 -1.540117395581043e-07
134 11 -3.219007338046162e-07
6 12 2.515132768697743e-09
12 12 1.538249221342118e-07
15 12 -5.035096282644684e-10
18 12 2.667964302770843e-09
21 12 -5.337098247791691e-10
36 12 4.070195172672282e-09
45 12 -2.24866354967692e-10
60 12 7.582420806020412e-08
63 12 -1.677009303120813e-10
66 12 -8.027566998928497e-10
69 12 -1.798362196025783e-08
105 12 -3.32605380034867e-07
111 12 -1.580271851401386e-08
114 12 -9.858169996622029e-09
120 12 -2.529839189466864e-10
123 12 -1.476946470268576e-07
126 12 -1.044375334690694e-08
132 12 -1.540117395581043e-07
135 12 -3.219007338046162e-07
4 13 -5.031797406859961e-10
10 13 -5.035096282644684e-10
13 13 9.151598903425998e-11
34 13 -2.277192949882466e-10
43 13 3.908289177034024e-11
64 13 3.913285215746755e-11
103 13 2.020751375630573e-09
109 13 8.660884081415377e-10
112 13 2.019306399728093e-09
5 14 -5.031797406859961e-10
11 14 -5.035096282644684e-10
14 14 9.151598903425998e-11
35 14 -2.277192949882466e-10
44 14 3.908289177034024e-11
65 14 3.913285215746755e-11
104 14 2.020751375630573e-09
110 14 8.660884081415377e-10
113 14 2.019306399728093e-09
6 15 -5.031797406859961e-10
12 15 -5.035096282644684e-10
15 15 9.151598903425998e-11
36 15 -2.277192949882466e-10
45 15 3.908289177034024e-11
66 15 3.913285215746755e-11
105 15 2.020751375630573e-09
111 15 8.660884081415377e-10
114 15 2.019306399728093e-09
10 16 2.667964302770843e-09
16 16 1.650690452968014e-07
19 16 -5.342455741605062e-10
58 16 4.689252417432215e-09
67 16 -2.52940901155382e-10
118 16 -9.30339642683133e-10
124 16 -3.554791583080611e-07
130 16 -1.824110021177331e-08
133 16 -1.044258242350935e-08
139 16 8.65287898161769e-08
142 16 -2.133987737045877e-10
145 16 -2.069940924637515e-08
148 16 2.895632323040121e-09
151 16 -5.79217578702258e-10
154 16 -2.978631799182226e-10
157 16 -1.683364521543589e-07
160 16 -1.131195206897495e-08
166 16 -1.77315934566518e-07
169 16 -3.454107544190413e-07
11 17 2.667964302770843e-09
17 17 1.650690452968014e-07
20 17 -5.342455741605062e-10
59 17 4.689252417432215e-09
68 17 -2.52940901155382e-10
119 17 -9.30339642683133e-10
125 17 -3.554791583080611e-07
131 17 -1.824110021177331e-08
134 17 -1.044258242350935e-08
140 17 8.65287898161769e-08
143 17 -2.133987737045877e-10
146 17 -2.069940924637515e-08
149 17 2.895632323040121e-09
152 17 -5.79217578702258e-10
155 17 -2.978631799182226e-10
158 17 -1.683364521543589e-07
161 17 -1.131195206897495e-08
167 17 -1.77315934566518e-07
170 17 -3.454107544190413e-07
12 18 2.667964302770843e-09
18 18 1.650690452968014e-07
21 18 -5.342455741605062e-10
60 18 4.689252417432215e-09
69 18 -2.52940901155382e-10
120 18 -9.30339642683133e-10
126 18 -3.554791583080611e-07
132 18 -1.824110021177331e-08
135 18 -1.044258242350935e-08
141 18 8.65287898161769e-08
144 18 -2.133987737045877e-10
147 18 -2.069940924637515e-08
150 18 2.895632323040121e-09
153 18 -5.79217578702258e-10
156 18 -2.978631799182226e-10
159 18 -1.683364521543589e-07
162 18 -1.131195206897495e-08
168 18 -1.77315934566518e-07
171 18 -3.454107544190413e-07
10 19 -5.337098247791691e-10
16 19 -5.342455741605062e-10
19 19 9.709215659315716e-11
58 19 -2.550291596289422e-10
67 19 4.395737092525197e-11
118 19 4.404340650786115e-11
124 19 2.141627500911957e-09
130 19 9.719827506433977e-10
133 19 2.139285654116795e-09
11 20 -5.337098247791691e-10
17 20 -5.342455741605062e-10
20 20 9.709215659315716e-11
59 20 -2.550291596289422e-10
68 20 4.395737092525197e-11
119 20 4.404340650786115e-11
125 20 2.141627500911957e-09
131 20 9.719827506433977e-10
134 20 2.139285654116795e-09
12 21 -5.337098247791691e-10
18 21 -5.342455741605062e-10
21 21 9.709215659315716e-11
60 21 -2.550291596289422e-10
69 21 4.395737092525197e-11
120 21 4.404340650786115e-11
126 21 2.141627500911957e-09
132 21 9.719827506433977e-10
135 21 2.139285654116795e-09
1 22 -4.731568043856788e-10
22 22 8.601821769608696e-11
25 22 -4.731243079849429e-10
49 22 -2.02186229923622e-10
52 22 3.456786147818478e-11
55 22 3.456323584049093e-11
70 22 1.901077103476736e-09
76 22 7.674080609248122e-10
79 22 1.900934465188078e-09
2 23 -4.731568043856788e-10
23 23 8.601821769608696e-11
26 23 -4.731243079849429e-10
50 23 -2.02186229923622e-10
53 23 3.456786147818478e-11
56 23 3.456323584049093e-11
71 23 1.901077103476736e-09
77 23 7.674080609248122e-10
80 23 1.900934465188078e-09
3 24 -4.731568043856788e-10
24 24 8.601821769608696e-11
27 24 -4.731243079849429e-10
51 24 -2.02186229923622e-10
54 24 3.456786147818478e-11
57 24 3.456323584049093e-11
72 24 1.901077103476736e-09
78 24 7.674080609248122e-10
81 24 1.900934465188078e-09
1 25 2.364429128028159e-09
22 25 -4.731243079849429e-10
25 25 1.32237327635045e-07
49 25 6.179571948309169e-08
52 25 -1.988017312778765e-10
55 25 -1.456338033127991e-08
70 25 -9.280456150941586e-09
76 25 -1.262799812545228e-07
79 25 -2.915269879282152e-07
178 25 -1.185290489194559e-07
181 25 -2.736305691774544e-07
2 26 2.364429128028159e-09
23 26 -4.731243079849429e-10
26 26 1.32237327635045e-07
50 26 6.179571948309169e-08
53 26 -1.988017312778765e-10
56 26 -1.456338033127991e-08
71 26 -9.280456150941586e-09
77 26 -1.262799812545228e-07
80 26 -2.915269879282152e-07
179 26 -1.185290489194559e-07
182 26 -2.736305691774544e-07
3 27 2.364429128028159e-09
24 27 -4.731243079849429e-10
27 27 1.32237327635045e-07
51 27 6.179571948309169e-08
54 27 -1.988017312778765e-10
57 27 -1.456338033127991e-08
72 27 -9.280456150941586e-09
78 27 -1.262799812545228e-07
81 27 -2.915269879282152e-07
180 27 -1.185290489194559e-07
183 27 -2.736305691774544e-07
1 28 6.511314993654853e-08
4 28 3.701330501134106e-09
7 28 -2.110262906754232e-10
28 28 5.67949350694767e-07
31 28 -1.290192176048614e-08
34 28 8.375694983964143e-09
37 28 -1.356684096695204e-09
40 28 -6.123439880578872e-10
43 28 -1.446995458189664e-10
46 28 -1.093007245130732e-09
49 28 6.866512298894481e-09
52 28 -1.319788067576966e-10
70 28 -1.303139776654725e-07
76 28 -2.48942594124282e-08
82 28 -9.323294674817664e-07
85 28 -1.460927987588902e-08
91 28 -1.20891790912124e-06
94 28 -1.333161254539987e-07
100 28 -2.986835260630638e-08
187 28 -2.42427749877895e-07
190 28 7.278729056528091e-07
193 28 -2.472953384088463e-09
199 28 -3.551645870987254e-09
202 28 1.585316417135572e-07
205 28 -4.483286880058564e-08
208 28 -1.11972051777745e-07
2 29 6.511314993654853e-08
5 29 3.701330501134106e-09
8 29 -2.110262906754232e-10
29 29 5.67949350694767e-07
32 29 -1.290192176048614e-08
35 29 8.375694983964143e-09
38 29 -1.356684096695204e-09
41 29 -6.123439880578872e-10
44 29 -1.446995458189664e-10
47 29 -1.093007245130732e-09
50 29 6.866512298894481e-09
53 29 -1.319788067576966e-10
71 29 -1.303139776654725e-07
77 29 -2.48942594124282e-08
83 29 -9.323294674817664e-07
86 29 -1.460927987588902e-08
92 29 -1.20891790912124e-06
95 29 -1.333161254539987e-07
101 29 -2.986835260630638e-08
188 29 -2.42427749877895e-07
191 29 7.278729056528091e-07
194 29 -2.472953384088463e-09
200 29 -3.551645870987254e-09
203 29 1.585316417135572e-07
206 29 -4.483286880058564e-08
209 29 -1.11972051777745e-07
3 30 6.511314993654853e-08
6 30 3.701330501134106e-09
9 30 -2.110262906754232e-10
30 30 5.67949350694767e-07
33 30 -1.290192176048614e-08
36 30 8.375694983964143e-09
39 30 -1.356684096695204e-09
42 30 -6.123439880578872e-10
45 30 -1.446995458189664e-10
48 30 -1.093007245130732e-09
51 30 6.866512298894481e-09
54 30 -1.319788067576966e-10
72 30 -1.303139776654725e-07
78 30 -2.48942594124282e-08
84 30 -9.323294674817664e-07
87 30 -1.460927987588902e-08
93 30 -1.20891790912124e-06
96 30 -1.333161254539987e-07
102 30 -2.986835260630638e-08
189 30 -2.42427749877895e-07
192 30 7.278729056528091e-07
195 30 -2.472953384088463e-09
201 30 -3.551645870987254e-09
204 30 1.585316417135572e-07
207 30 -4.483286880058564e-08
210 30 -1.11972051777745e-07
1 31 -1.530537106917042e-08
4 31 -2.078029159235615e-10
7 31 3.612252750155867e-11
28 31 -1.290192176048614e-08
31 31 2.681391553278837e-09
40 31 2.970045397940915e-11
46 31 1.823873458058154e-11
49 31 -1.320196973409007e-10
52 31 2.256079087125661e-11
70 31 3.13595139545613e-08
76 31 5.054362173259378e-10
82 31 2.572956247579888e-08
85 31 8.015358856964094e-10
91 31 2.644215398304586e-08
94 31 3.203740532779982e-08
2 32 -1.530537106917042e-08
5 32 -2.078029159235615e-10
8 32 3.612252750155867e-11
29 32 -1.290192176048614e-08
32 32 2.681391553278837e-09
41 32 2.970045397940915e-11
47 32 1.823873458058154e-11
50 32 -1.320196973409007e-10
53 32 2.256079087125661e-11
71 32 3.13595139545613e-08
77 32 5.054362173259378e-10
83 32 2.572956247579888e-08
86 32 8.015358856964094e-10
92 32 2.644215398304586e-08
95 32 3.203740532779982e-08
3 33 -1.530537106917042e-08
6 33 -2.078029159235615e-10
9 33 3.612252750155867e-11
30 33 -1.290192176048614e-08
33 33 2.681391553278837e-09
42 33 2.970045397940915e-11
48 33 1.823873458058154e-11
51 33 -1.320196973409007e-10
54 33 2.256079087125661e-11
72 33 3.13595139545613e-08
78 33 5.054362173259378e-10
84 33 2.572956247579888e-08
87 33 8.015358856964094e-10
93 33 2.644215398304586e-08
96 33 3.203740532779982e-08
4 34 6.907564705128449e-08
10 34 4.070195172672282e-09
13 34 -2.277192949882466e-10
28 34 8.375694983964143e-09
34 34 7.328027406522645e-07
37 34 -1.367499287452159e-09
40 34 -1.446316307834674e-10
43 34 -1.410942404125663e-08
58 34 1.235142587295554e-08
61 34 -2.080176917362947e-09
64 34 -6.996824104856977e-10
67 34 -1.698164202542804e-10
85 34 -1.374352916722866e-07
91 34 -2.984693162036998e-08
100 34 -1.100759898036465e-06
103 34 -1.603341406811496e-08
109 34 -1.565319822707852e-06
112 34 -1.418209671507448e-07
121 34 -4.208302839650646e-08
199 34 -3.748676156252715e-07
202 34 9.433079790438123e-07
205 34 -3.548923370726014e-09
217 34 -7.262275600193258e-09
220 34 2.450537531962817e-07
223 34 -1.024038230416189e-07
226 34 -2.973004520889815e-07
5 35 6.907564705128449e-08
11 35 4.070195172672282e-09
14 35 -2.277192949882466e-10
29 35 8.375694983964143e-09
35 35 7.328027406522645e-07
38 35 -1.367499287452159e-09
41 35 -1.446316307834674e-10
44 35 -1.410942404125663e-08
59 35 1.235142587295554e-08
62 35 -2.080176917362947e-09
65 35 -6.996824104856977e-10
68 35 -1.698164202542804e-10
86 35 -1.374352916722866e-07
92 35 -2.984693162036998e-08
101 35 -1.100759898036465e-06
104 35 -1.603341406811496e-08
110 35 -1.565319822707852e-06
113 35 -1.418209671507448e-07
122 35 -4.208302839650646e-08
200 35 -3.748676156252715e-07
203 35 9.433079790438123e-07
206 35 -3.548923370726014e-09
218 35 -7.262275600193258e-09
221 35 2.450537531962817e-07
224 35 -1.024038230416189e-07
227 35 -2.973004520889815e-07
6 36 6.907564705128449e-08
12 36 4.070195172672282e-09
15 36 -2.277192949882466e-10
30 36 8.375694983964143e-09
36 36 7.328027406522645e-07
39 36 -1.367499287452159e-09
42 36 -1.446316307834674e-10
45 36 -1.410942404125663e-08
60 36 1.235142587295554e-08
63 36 -2.080176917362947e-09
66 36 -6.996824104856977e-10
69 36 -1.698164202542804e-10
87 36 -1.374352916722866e-07
93 36 -2.984693162036998e-08
102 36 -1.100759898036465e-06
105 36 -1.603341406811496e-08
111 36 -1.565319822707852e-06
114 36 -1.418209671507448e-07
123 36 -4.208302839650646e-08
201 36 -3.748676156252715e-07
204 36 9.433079790438123e-07
207 36 -3.548923370726014e-09
219 36 -7.262275600193258e-09
222 36 2.450537531962817e-07
225 36 -1.024038230416189e-07
228 36 -2.973004520889815e-07
4 37 -1.425002367806198e-10
28 37 -1.356684096695204e-09
34 37 -1.367499287452159e-09
37 37 1.991601935405039e-10
40 37 2.037590112252231e-11
43 37 2.051173119352015e-11
85 37 5.53887834005652e-10
91 37 5.007771399674459e-09
100 37 5.050613371547244e-09
199 37 5.010778400659856e-10
202 37 -2.275324916128655e-09
205 37 4.95632839543509e-10
5 38 -1.425002367806198e-10
29 38 -1.356684096695204e-09
35 38 -1.367499287452159e-09
38 38 1.991601935405039e-10
41 38 2.037590112252231e-11
44 38 2.051173119352015e-11
86 38 5.53887834005652e-10
92 38 5.007771399674459e-09
101 38 5.050613371547244e-09
200 38 5.010778400659856e-10
203 38 -2.275324916128655e-09
206 38 4.95632839543509e-10
6 39 -1.425002367806198e-10
30 39 -1.356684096695204e-09
36 39 -1.367499287452159e-09
39 39 1.991601935405039e-10
42 39 2.037590112252231e-11
45 39 2.051173119352015e-11
87 39 5.53887834005652e-10
93 39 5.007771399674459e-09
102 39 5.050613371547244e-09
201 39 5.010778400659856e-10
204 39 -2.275324916128655e-09
207 39 4.95632839543509e-10
1 40 -2.078152539143483e-10
4 40 -7.272125779392346e-10
7 40 3.614720348313314e-11
28 40 -6.123439880578872e-10
31 40 2.970045397940915e-11
34 40 -1.446316307834674e-10
37 40 2.037590112252231e-11
40 40 1.08700324070663e-10
43 40 2.477451919921532e-11
85 40 2.937558825005874e-09
91 40 2.424646292490066e-09
94 40 8.015358856964094e-10
100 40 5.53887834005652e-10
2 41 -2.078152539143483e-10
5 41 -7.272125779392346e-10
8 41 3.614720348313314e-11
29 41 -6.123439880578872e-10
32 41 2.970045397940915e-11
35 41 -1.446316307834674e-10
38 41 2.037590112252231e-11
41 41 1.08700324070663e-10
44 41 2.477451919921532e-11
86 41 2.937558825005874e-09
92 41 2.424646292490066e-09
95 41 8.015358856964094e-10
101 41 5.53887834005652e-10
3 42 -2.078152539143483e-10
6 42 -7.272125779392346e-10
9 42 3.614720348313314e-11
30 42 -6.123439880578872e-10
33 42 2.970045397940915e-11
36 42 -1.446316307834674e-10
39 42 2.037590112252231e-11
42 42 1.08700324070663e-10
45 42 2.477451919921532e-11
87 42 2.937558825005874e-09
93 42 2.424646292490066e-09
96 42 8.015358856964094e-10
102 42 5.53887834005652e-10
4 43 -1.629147248167426e-08
10 43 -2.24866354967692e-10
13 43 3.908289177034024e-11
28 43 -1.446995458189664e-10
34 43 -1.410942404125663e-08
37 43 2.051173119352015e-11
40 43 2.477451919921532e-11
43 43 2.944873255614817e-09
64 43  3.3426972116358e-11
85 43 3.317933044346265e-08
91 43 5.538878340056522e-10
100 43 2.799006372389981e-08
103 43 8.660884081415377e-10
109 43 2.918057187920375e-08
112 43 3.421064827875999e-08
5 44 -1.629147248167426e-08
11 44 -2.24866354967692e-10
14 44 3.908289177034024e-11
29 44 -1.446995458189664e-10
35 44 -1.410942404125663e-08
38 44 2.051173119352015e-11
41 44 2.477451919921532e-11
44 44 2.944873255614817e-09
65 44  3.3426972116358e-11
86 44 3.317933044346265e-08
92 44 5.538878340056522e-10
101 44 2.799006372389981e-08
104 44 8.660884081415377e-10
110 44 2.918057187920375e-08
113 44 3.421064827875999e-08
6 45 -1.629147248167426e-08
12 45 -2.24866354967692e-10
15 45 3.908289177034024e-11
30 45 -1.446995458189664e-10
36 45 -1.410942404125663e-08
39 45 2.051173119352015e-11
42 45 2.477451919921532e-11
45 45 2.944873255614817e-09
66 45  3.3426972116358e-11
87 45 3.317933044346265e-08
93 45 5.538878340056522e-10
102 45 2.799006372389981e-08
105 45 8.660884081415377e-10
111 45 2.918057187920375e-08
114 45 3.421064827875999e-08
1 46 -1.298177786123591e-10
28 46 -1.093007245130732e-09
31 46 1.823873458058154e-11
46 46 1.554945420831943e-10
49 46 -1.087865548950615e-09
52 46 1.815695341417363e-11
70 46 5.05436217325938e-10
76 46 4.071622942969467e-09
82 46 4.092458319689482e-09
187 46 3.403130134134798e-10
190 46 -1.71982076946612e-09
193 46 3.382505071718921e-10
2 47 -1.298177786123591e-10
29 47 -1.093007245130732e-09
32 47 1.823873458058154e-11
47 47 1.554945420831943e-10
50 47 -1.087865548950615e-09
53 47 1.815695341417363e-11
71 47 5.05436217325938e-10
77 47 4.071622942969467e-09
83 47 4.092458319689482e-09
188 47 3.403130134134798e-10
191 47 -1.71982076946612e-09
194 47 3.382505071718921e-10
3 48 -1.298177786123591e-10
30 48 -1.093007245130732e-09
33 48 1.823873458058154e-11
48 48 1.554945420831943e-10
51 48 -1.087865548950615e-09
54 48 1.815695341417363e-11
72 48 5.05436217325938e-10
78 48 4.071622942969467e-09
84 48 4.092458319689482e-09
189 48 3.403130134134798e-10
192 48 -1.71982076946612e-09
195 48 3.382505071718921e-10
1 49 3.507719050277194e-09
22 49 -2.02186229923622e-10
25 49 6.179571948309169e-08
28 49 6.866512298894481e-09
31 49 -1.320196973409007e-10
46 49 -1.087865548950615e-09
49 49 4.966263218373284e-07
52 49 -5.679268931694417e-10
55 49 -1.212301577347164e-08
70 49 -1.38598790498631e-08
76 49 -1.069045819261626e-06
79 49 -1.29198544177388e-07
82 49 -2.490467710078821e-08
178 49 -8.264045756866473e-07
181 49 -1.213072254872302e-07
187 49 -2.473984637209256e-09
190 49 1.199135451416426e-07
193 49 -2.973125683964792e-08
235 49 -6.912015776813232e-08
238 49 -1.967908516795271e-07
241 49 6.259994926465246e-07
2 50 3.507719050277194e-09
23 50 -2.02186229923622e-10
26 50 6.179571948309169e-08
29 50 6.866512298894481e-09
32 50 -1.320196973409007e-10
47 50 -1.087865548950615e-09
50 50 4.966263218373284e-07
53 50 -5.679268931694417e-10
56 50 -1.212301577347164e-08
71 50 -1.38598790498631e-08
77 50 -1.069045819261626e-06
80 50 -1.29198544177388e-07
83 50 -2.490467710078821e-08
179 50 -8.264045756866473e-07
182 50 -1.213072254872302e-07
188 50 -2.473984637209256e-09
191 50 1.199135451416426e-07
194 50 -2.973125683964792e-08
236 50 -6.912015776813232e-08
239 50 -1.967908516795271e-07
242 50 6.259994926465246e-07
3 51 3.507719050277194e-09
24 51 -2.02186229923622e-10
27 51 6.179571948309169e-08
30 51 6.866512298894481e-09
33 51 -1.320196973409007e-10
48 51 -1.087865548950615e-09
51 51 4.966263218373284e-07
54 51 -5.679268931694417e-10
57 51 -1.212301577347164e-08
72 51 -1.38598790498631e-08
78 51 -1.069045819261626e-06
81 51 -1.29198544177388e-07
84 51 -2.490467710078821e-08
180 51 -8.264045756866473e-07
183 51 -1.213072254872302e-07
189 51 -2.473984637209256e-09
192 51 1.199135451416426e-07
195 51 -2.973125683964792e-08
237 51 -6.912015776813232e-08
240 51 -1.967908516795271e-07
243 51 6.259994926465246e-07
1 52 -6.876561394077114e-10
22 52 3.456786147818478e-11
25 52 -1.988017312778765e-10
28 52 -1.319788067576966e-10
31 52 2.256079087125661e-11
46 52 1.815695341417363e-11
49 52 -5.679268931694417e-10
52 52 1.005255259063561e-10
55 52 2.779423854900028e-11
70 52 2.780454964842561e-09
76 52 2.246561083127378e-09
79 52 7.674080609248122e-10
82 52 5.05436217325938e-10
2 53 -6.876561394077114e-10
23 53 3.456786147818478e-11
26 53 -1.988017312778765e-10
29 53 -1.319788067576966e-10
32 53 2.256079087125661e-11
47 53 1.815695341417363e-11
50 53 -5.679268931694417e-10
53 53 1.005255259063561e-10
56 53 2.779423854900028e-11
71 53 2.780454964842561e-09
77 53 2.246561083127378e-09
80 53 7.674080609248122e-10
83 53 5.05436217325938e-10
3 54 -6.876561394077114e-10
24 54 3.456786147818478e-11
27 54 -1.988017312778765e-10
30 54 -1.319788067576966e-10
33 54 2.256079087125661e-11
48 54 1.815695341417363e-11
51 54 -5.679268931694417e-10
54 54 1.005255259063561e-10
57 54 2.779423854900028e-11
72 54 2.780454964842561e-09
78 54 2.246561083127378e-09
81 54 7.674080609248122e-10
84 54 5.05436217325938e-10
1 55 -1.987994184590298e-10
22 55 3.456323584049093e-11
25 55 -1.456338033127991e-08
49 55 -1.212301577347164e-08
52 55 2.779423854900028e-11
55 55 2.522317387234251e-09
70 55 7.674080609248121e-10
76 55 2.515568516837767e-08
79 55 3.099281101410755e-08
178 55 2.383922074835668e-08
181 55 2.939557388390397e-08
2 56 -1.987994184590298e-10
23 56 3.456323584049093e-11
26 56 -1.456338033127991e-08
50 56 -1.212301577347164e-08
53 56 2.779423854900028e-11
56 56 2.522317387234251e-09
71 56 7.674080609248121e-10
77 56 2.515568516837767e-08
80 56 3.099281101410755e-08
179 56 2.383922074835668e-08
182 56 2.939557388390397e-08
3 57 -1.987994184590298e-10
24 57 3.456323584049093e-11
27 57 -1.456338033127991e-08
51 57 -1.212301577347164e-08
54 57 2.779423854900028e-11
57 57 2.522317387234251e-09
72 57 7.674080609248121e-10
78 57 2.515568516837767e-08
81 57 3.099281101410755e-08
180 57 2.383922074835668e-08
183 57 2.939557388390397e-08
10 58 7.582420806020412e-08
16 58 4.689252417432215e-09
19 58 -2.550291596289422e-10
34 58 1.235142587295554e-08
58 58 1.201626840881286e-06
61 58 -2.106369322261948e-09
64 58 -1.697017584233313e-10
67 58 -1.624827774150488e-08
103 58 -1.498323888570473e-07
109 58 -4.203398322215783e-08
118 58 -8.533454160021547e-10
121 58 -1.461389463611751e-06
124 58 -1.84140919682574e-08
130 58 -2.441885793542329e-06
133 58 -1.559561249949327e-07
139 58 2.573681407998046e-08
142 58 -4.62037783662882e-09
145 58 -2.151495289198505e-10
157 58 -7.504199994292997e-08
217 58 -8.370771945333148e-07
220 58 1.354869609355808e-06
223 58 -7.252582559194635e-09
250 58 4.469422927908453e-10
253 58 -3.349144694195388e-11
256 58 -1.190515623658994e-12
259 58 -2.51764933816869e-10
262 58 -2.799821858311915e-08
268 58 -1.532827924337795e-09
271 58 -4.424764067564964e-07
11 59 7.582420806020412e-08
17 59 4.689252417432215e-09
20 59 -2.550291596289422e-10
35 59 1.235142587295554e-08
59 59 1.201626840881286e-06
62 59 -2.106369322261948e-09
65 59 -1.697017584233313e-10
68 59 -1.624827774150488e-08
104 59 -1.498323888570473e-07
110 59 -4.203398322215783e-08
119 59 -8.533454160021547e-10
122 59 -1.461389463611751e-06
125 59 -1.84140919682574e-08
131 59 -2.441885793542329e-06
134 59 -1.559561249949327e-07
140 59 2.573681407998046e-08
143 59 -4.62037783662882e-09
146 59 -2.151495289198505e-10
158 59 -7.504199994292997e-08
218 59 -8.370771945333148e-07
221 59 1.354869609355808e-06
224 59 -7.252582559194635e-09
251 59 4.469422927908453e-10
254 59 -3.349144694195388e-11
257 59 -1.190515623658994e-12
260 59 -2.51764933816869e-10
263 59 -2.799821858311915e-08
269 59 -1.532827924337795e-09
272 59 -4.424764067564964e-07
12 60 7.582420806020412e-08
18 60 4.689252417432215e-09
21 60 -2.550291596289422e-10
36 60 1.235142587295554e-08
60 60 1.201626840881286e-06
63 60 -2.106369322261948e-09
66 60 -1.697017584233313e-10
69 60 -1.624827774150488e-08
105 60 -1.498323888570473e-07
111 60 -4.203398322215783e-08
120 60 -8.533454160021547e-10
123 60 -1.461389463611751e-06
126 60 -1.84140919682574e-08
132 60 -2.441885793542329e-06
135 60 -1.559561249949327e-07
141 60 2.573681407998046e-08
144 60 -4.62037783662882e-09
147 60 -2.151495289198505e-10
159 60 -7.504199994292997e-08
219 60 -8.370771945333148e-07
222 60 1.354869609355808e-06
225 60 -7.252582559194635e-09
252 60 4.469422927908453e-10
255 60 -3.349144694195388e-11
258 60 -1.190515623658994e-12
261 60 -2.51764933816869e-10
264 60 -2.799821858311915e-08
270 60 -1.532827924337795e-09
273 60 -4.424764067564964e-07
10 61 -1.677009303120813e-10
34 61 -2.080176917362947e-09
58 61 -2.106369322261948e-09
61 61 3.197483997868962e-10
64 61 2.493974076025935e-11
67 61 2.516906442215795e-11
103 61 6.498656367105662e-10
109 61 7.399204166384996e-09
121 61 7.497294515082213e-09
217 61 1.069462750008976e-09
220 61 -3.63232371536001e-09
223 61 1.050076668011739e-09
11 62 -1.677009303120813e-10
35 62 -2.080176917362947e-09
59 62 -2.106369322261948e-09
62 62 3.197483997868962e-10
65 62 2.493974076025935e-11
68 62 2.516906442215795e-11
104 62 6.498656367105662e-10
110 62 7.399204166384996e-09
122 62 7.497294515082213e-09
218 62 1.069462750008976e-09
221 62 -3.63232371536001e-09
224 62 1.050076668011739e-09
12 63 -1.677009303120813e-10
36 63 -2.080176917362947e-09
60 63 -2.106369322261948e-09
63 63 3.197483997868962e-10
66 63 2.493974076025935e-11
69 63 2.516906442215795e-11
105 63 6.498656367105662e-10
111 63 7.399204166384996e-09
123 63 7.497294515082213e-09
219 63 1.069462750008976e-09
222 63 -3.63232371536001e-09
225 63 1.050076668011739e-09
4 64 -2.248913351612556e-10
10 64 -8.027566998928497e-10
13 64 3.913285215746755e-11
34 64 -6.996824104856977e-10
43 64  3.3426972116358e-11
58 64 -1.697017584233313e-10
61 64 2.493974076025935e-11
64 64 1.248271637990546e-10
67 64 2.917072064465767e-11
103 64 3.236912833291764e-09
109 64 2.775521725089542e-09
112 64 8.660884081415375e-10
121 64 6.498656367105661e-10
5 65 -2.248913351612556e-10
11 65 -8.027566998928497e-10
14 65 3.913285215746755e-11
35 65 -6.996824104856977e-10
44 65  3.3426972116358e-11
59 65 -1.697017584233313e-10
62 65 2.493974076025935e-11
65 65 1.248271637990546e-10
68 65 2.917072064465767e-11
104 65 3.236912833291764e-09
110 65 2.775521725089542e-09
113 65 8.660884081415375e-10
122 65 6.498656367105661e-10
6 66 -2.248913351612556e-10
12 66 -8.027566998928497e-10
15 66 3.913285215746755e-11
36 66 -6.996824104856977e-10
45 66  3.3426972116358e-11
60 66 -1.697017584233313e-10
63 66 2.493974076025935e-11
66 66 1.248271637990546e-10
69 66 2.917072064465767e-11
105 66 3.236912833291764e-09
111 66 2.775521725089542e-09
114 66 8.660884081415375e-10
123 66 6.498656367105661e-10
10 67 -1.798362196025783e-08
16 67 -2.52940901155382e-10
19 67 4.395737092525197e-11
34 67 -1.698164202542804e-10
58 67 -1.624827774150488e-08
61 67 2.516906442215795e-11
64 67 2.917072064465767e-11
67 67 3.415562580032216e-09
103 67 3.636795992024238e-08
109 67 6.498656367105661e-10
118 67 3.98668895607402e-11
121 67 3.209247625986332e-08
124 67 9.719827506433977e-10
130 67 3.396676557648911e-08
133 67 3.78555364501455e-08
11 68 -1.798362196025783e-08
17 68 -2.52940901155382e-10
20 68 4.395737092525197e-11
35 68 -1.698164202542804e-10
59 68 -1.624827774150488e-08
62 68 2.516906442215795e-11
65 68 2.917072064465767e-11
68 68 3.415562580032216e-09
104 68 3.636795992024238e-08
110 68 6.498656367105661e-10
119 68 3.98668895607402e-11
122 68 3.209247625986332e-08
125 68 9.719827506433977e-10
131 68 3.396676557648911e-08
134 68 3.78555364501455e-08
12 69 -1.798362196025783e-08
18 69 -2.52940901155382e-10
21 69 4.395737092525197e-11
36 69 -1.698164202542804e-10
60 69 -1.624827774150488e-08
63 69 2.516906442215795e-11
66 69 2.917072064465767e-11
69 69 3.415562580032216e-09
105 69 3.636795992024238e-08
111 69 6.498656367105661e-10
120 69 3.98668895607402e-11
123 69 3.209247625986332e-08
126 69 9.719827506433977e-10
132 69 3.396676557648911e-08
135 69 3.78555364501455e-08
1 70 -3.087981676566706e-07
22 70 1.901077103476736e-09
25 70 -9.280456150941586e-09
28 70 -1.303139776654725e-07
31 70 3.13595139545613e-08
46 70 5.05436217325938e-10
49 70 -1.38598790498631e-08
52 70 2.780454964842561e-09
55 70 7.674080609248121e-10
70 70 9.22716820185829e-07
76 70 5.363277803948646e-08
79 70 3.63542739045529e-08
82 70 3.506258582898256e-07
91 70 1.644946646759753e-07
94 70 3.968857418427426e-07
2 71 -3.087981676566706e-07
23 71 1.901077103476736e-09
26 71 -9.280456150941586e-09
29 71 -1.303139776654725e-07
32 71 3.13595139545613e-08
47 71 5.05436217325938e-10
50 71 -1.38598790498631e-08
53 71 2.780454964842561e-09
56 71 7.674080609248121e-10
71 71 9.22716820185829e-07
77 71 5.363277803948646e-08
80 71 3.63542739045529e-08
83 71 3.506258582898256e-07
92 71 1.644946646759753e-07
95 71 3.968857418427426e-07
3 72 -3.087981676566706e-07
24 72 1.901077103476736e-09
27 72 -9.280456150941586e-09
30 72 -1.303139776654725e-07
33 72 3.13595139545613e-08
48 72 5.05436217325938e-10
51 72 -1.38598790498631e-08
54 72 2.780454964842561e-09
57 72 7.674080609248121e-10
72 72 9.22716820185829e-07
78 72 5.363277803948646e-08
81 72 3.63542739045529e-08
84 72 3.506258582898256e-07
93 72 1.644946646759753e-07
96 72 3.968857418427426e-07
73 73   0.3311118832842161
74 73 -0.03424703635073988
75 73 -0.002283899895911798
88 73   0.0101576249483802
89 73 -0.006165217201596429
90 73 -0.0001576111648738827
97 73 -0.07368816279824449
98 73  0.03391926785302417
99 73 6.277089061024028e-05
175 73 -0.04167044676152942
176 73  0.01075674115547712
177 73 5.55102532453914e-05
184 73  0.01027959928221048
185 73 -0.004222702165019391
186 73 -0.0001246410237793585
196 73  -0.2477644145569876
197 73  0.05200873077647671
198 73  0.04848916204366173
211 73  0.03382367859652648
212 73 -0.02011074532060859
213 73 -0.009848097663610498
244 73 -0.04679189303170807
245 73 -0.03065414729886947
246 73  0.02566490717618509
247 73 0.008818231691143371
248 73 -0.001442227344822666
249 73 0.0006372033765992194
283 73 -0.0003103213715656665
284 73 1.14293879983442e-05
285 73 -8.697712605056749e-05
286 73 -0.00127493211713992
287 73 -4.391562563670677e-05
288 73 0.001593772126004721
289 73 0.002906106925422913
290 73 0.0002198899807698475
291 73 -0.003262392384526586
292 73 0.0001249700413821154
293 73 -1.859684934568482e-05
294 73 1.859684934568482e-05
295 73 0.002686856326541468
296 73 -3.022218574284431e-05
297 73 -0.003450350474582101
298 73 1.223028351835766e-05
299 73 -1.83454252775365e-05
300 73 -8.448388828682934e-05
302 73 4.397453239662039e-05
303 73 0.0002420950531607121
304 73 5.05772883095287e-05
305 73 -0.000183301229199676
306 73 -0.0008600366545852172
307 73 -6.502794211225125e-05
308 73 1.914632079755001e-05
309 73 -5.72199648993282e-05
310 73 2.220370284364832e-06
311 73 -5.890675991364404e-08
312 73 -3.330555426547251e-06
73 74 -0.03424703635073988
74 74   0.3639851135808523
75 74 -0.04382389893279846
88 74 -0.004110144801064286
89 74   0.0355516873193308
90 74 -0.005889868982442035
97 74  0.02861770260283588
98 74  -0.1586998284438476
99 74  0.03422466500061878
175 74  0.01613511173321567
176 74  -0.1455806306852618
177 74  0.02446824992398086
184 74 -0.006334053247529101
185 74  0.03597859748773664
186 74 -0.00896070465200729
196 74  0.05067782731220082
197 74   -0.100021270621276
198 74 -0.01568967637846165
211 74 -0.01941202091455885
212 74  0.03731730062677505
213 74 0.009848097663610497
244 74 -0.02940004916214389
245 74  -0.0437892191058939
246 74   0.0177995282719596
247 74 -0.002163341017233983
248 74  0.03086381091900193
249 74 -0.01164802330006211
283 74 7.619591998896123e-06
284 74 -1.567583891217258e-05
285 74 -4.439284850277107e-05
286 74 -2.92770837578045e-05
287 74 -0.00127493211713992
288 74 0.0003479031334629609
289 74 0.0001620906949679692
290 74 0.002906106925422913
291 74 -0.001249560273902916
292 74 -2.789527401852726e-05
293 74 0.0001714621647463275
294 74 -0.0001781566374003308
295 74 -2.014812382856312e-05
296 74 0.002345718670523769
297 74 2.014812382856312e-05
298 74 -1.223028351835767e-05
299 74 4.280599231425178e-05
300 74 8.448388828682932e-05
301 74 2.931635493108029e-05
303 74 -0.0002714114080917923
304 74 -0.0001323927223984154
305 74 1.44506538027225e-05
306 74 0.0009718635814217309
307 74 2.295611679699809e-05
308 74 -5.947701640133915e-05
309 74 7.039048260913641e-05
310 74 -3.927117327576323e-08
311 74 2.220370284364832e-06
312 74 3.927117327576323e-08
73 75 -0.002283899895911798
74 75 -0.04382389893279846
75 75   0.4496826418053705
88 75 -0.000105074109915922
89 75 -0.008966146111057982
90 75   0.0101576249483802
97 75 4.184726040682677e-05
98 75  0.04231772313196661
99 75 -0.07381675758472526
175 75 8.326537986808703e-05
176 75  0.01635455239831309
177 75 -0.04193637974162049
184 75 -0.0001869615356690377
185 75 -0.005869935581522053
186 75  0.01027959928221048
196 75  0.03392931949027814
197 75 -0.01022829236671334
198 75 -0.08403623550885969
211 75 -0.006565398442406982
212 75 0.006565398442406977
213 75  0.01580910649406705
244 75  0.01886578820374163
245 75  0.01225450743624171
246 75 -0.02900890719159267
247 75 0.0009558050648988273
248 75 -0.008384996007237775
249 75 0.008818231691143371
283 75 5.572780130552331e-05
284 75 -2.04475178795235e-05
285 75 0.0004954867749640565
286 75 0.001062514750669815
287 75 0.0002563329921068112
288 75 -0.00446226240998971
289 75 -0.00219042563080579
290 75 -0.0009448697000598123
291 75  0.01017137423898023
292 75 2.789527401852726e-05
293 75 -0.0001342684660549579
294 75 0.0003909030214731919
295 75 -0.00241394620172731
296 75 3.022218574284431e-05
297 75 0.007868877690815472
298 75 -5.632259219121965e-05
299 75 5.632259219121964e-05
300 75 1.223028351835766e-05
301 75 0.0001613967021071415
302 75 -0.0002053712345037619
304 75 -0.0005752080782937821
305 75 0.0007429484685485529
306 75 1.44506538027225e-05
307 75 -3.629633469591469e-05
308 75 5.327664840517096e-05
309 75 -3.445223331635709e-05
310 75 -2.220370284364832e-06
311 75 5.890675991364404e-08
312 75 7.771295995276912e-06
1 76 -1.359293210900552e-08
22 76 7.674080609248122e-10
25 76 -1.262799812545228e-07
28 76 -2.48942594124282e-08
31 76 5.054362173259378e-10
46 76 4.071622942969467e-09
49 76 -1.069045819261626e-06
52 76 2.246561083127378e-09
55 76 2.515568516837767e-08
70 76 5.363277803948646e-08
76 76 3.02061124994161e-06
79 76 3.501337730328085e-07
82 76 9.104513900916964e-08
178 76 1.086393070634312e-06
181 76 1.600558697700879e-07
187 76 8.047297799937265e-09
190 76 -3.658673739561111e-07
193 76 9.248271762053033e-08
235 76 1.836847343581349e-07
238 76  3.7167406166004e-07
241 76 -1.212480422953146e-06
2 77 -1.359293210900552e-08
23 77 7.674080609248122e-10
26 77 -1.262799812545228e-07
29 77 -2.48942594124282e-08
32 77 5.054362173259378e-10
47 77 4.071622942969467e-09
50 77 -1.069045819261626e-06
53 77 2.246561083127378e-09
56 77 2.515568516837767e-08
71 77 5.363277803948646e-08
77 77 3.02061124994161e-06
80 77 3.501337730328085e-07
83 77 9.104513900916964e-08
179 77 1.086393070634312e-06
182 77 1.600558697700879e-07
188 77 8.047297799937265e-09
191 77 -3.658673739561111e-07
194 77 9.248271762053033e-08
236 77 1.836847343581349e-07
239 77  3.7167406166004e-07
242 77 -1.212480422953146e-06
3 78 -1.359293210900552e-08
24 78 7.674080609248122e-10
27 78 -1.262799812545228e-07
30 78 -2.48942594124282e-08
33 78 5.054362173259378e-10
48 78 4.071622942969467e-09
51 78 -1.069045819261626e-06
54 78 2.246561083127378e-09
57 78 2.515568516837767e-08
72 78 5.363277803948646e-08
78 78 3.02061124994161e-06
81 78 3.501337730328085e-07
84 78 9.104513900916964e-08
180 78 1.086393070634312e-06
183 78 1.600558697700879e-07
189 78 8.047297799937265e-09
192 78 -3.658673739561111e-07
195 78 9.248271762053033e-08
237 78 1.836847343581349e-07
240 78  3.7167406166004e-07
243 78 -1.212480422953146e-06
1 79 -9.280384831797253e-09
22 79 1.900934465188078e-09
25 79 -2.915269879282152e-07
49 79 -1.29198544177388e-07
52 79 7.674080609248122e-10
55 79 3.099281101410755e-08
70 79 3.63542739045529e-08
76 79 3.501337730328085e-07
79 79 8.563316827424602e-07
178 79 1.600558697700879e-07
181 79 3.915138393297961e-07
2 80 -9.280384831797253e-09
23 80 1.900934465188078e-09
26 80 -2.915269879282152e-07
50 80 -1.29198544177388e-07
53 80 7.674080609248122e-10
56 80 3.099281101410755e-08
71 80 3.63542739045529e-08
77 80 3.501337730328085e-07
80 80 8.563316827424602e-07
179 80 1.600558697700879e-07
182 80 3.915138393297961e-07
3 81 -9.280384831797253e-09
24 81 1.900934465188078e-09
27 81 -2.915269879282152e-07
51 81 -1.29198544177388e-07
54 81 7.674080609248122e-10
57 81 3.099281101410755e-08
72 81 3.63542739045529e-08
78 81 3.501337730328085e-07
81 81 8.563316827424602e-07
180 81 1.600558697700879e-07
183 81 3.915138393297961e-07
1 82 -1.274990019260912e-07
28 82 -9.323294674817664e-07
31 82 2.572956247579888e-08
46 82 4.092458319689482e-09
49 82 -2.490467710078821e-08
52 82 5.05436217325938e-10
70 82 3.506258582898256e-07
76 82 9.104513900916964e-08
82 82 2.477632363558648e-06
91 82 1.170754402749527e-06
94 82 1.644946646759753e-07
187 82 3.497543719988569e-07
190 82 -1.042681552346495e-06
193 82 8.047297799937265e-09
2 83 -1.274990019260912e-07
29 83 -9.323294674817664e-07
32 83 2.572956247579888e-08
47 83 4.092458319689482e-09
50 83 -2.490467710078821e-08
53 83 5.05436217325938e-10
71 83 3.506258582898256e-07
77 83 9.104513900916964e-08
83 83 2.477632363558648e-06
92 83 1.170754402749527e-06
