%%MatrixMarket matrix coordinate real general
1359 1359 35097
1 1 6.107825657735163e-06
4 1 6.201839572433923e-07
7 1 -5.506378980285294e-07
22 1 -5.334550988442727e-07
25 1 6.005770756993423e-07
28 1 3.636571225588975e-06
31 1 -3.20286175159152e-06
40 1 -2.397680291886445e-07
46 1 -1.048265302097588e-07
49 1 8.053301248364094e-07
52 1 -6.055202901527441e-07
55 1 -2.246952090135887e-07
76 1 -2.798459591137994e-06
82 1 -6.683993010559432e-06
91 1 -7.294647708139156e-06
2 2 6.107825657735163e-06
5 2 6.201839572433923e-07
8 2 -5.506378980285294e-07
23 2 -5.334550988442727e-07
26 2 6.005770756993423e-07
29 2 3.636571225588975e-06
32 2 -3.20286175159152e-06
41 2 -2.397680291886445e-07
47 2 -1.048265302097588e-07
50 2 8.053301248364094e-07
53 2 -6.055202901527441e-07
56 2 -2.246952090135887e-07
77 2 -2.798459591137994e-06
83 2 -6.683993010559432e-06
92 2 -7.294647708139156e-06
3 3 6.107825657735163e-06
6 3 6.201839572433923e-07
9 3 -5.506378980285294e-07
24 3 -5.334550988442727e-07
27 3 6.005770756993423e-07
30 3 3.636571225588975e-06
33 3 -3.20286175159152e-06
42 3 -2.397680291886445e-07
48 3 -1.048265302097588e-07
51 3 8.053301248364094e-07
54 3 -6.055202901527441e-07
57 3 -2.246952090135887e-07
78 3 -2.798459591137994e-06
84 3 -6.683993010559432e-06
93 3 -7.294647708139156e-06
1 4 6.201839572433923e-07
4 4 6.397603684657971e-06
7 4 -5.512068265647849e-07
10 4 6.595569107070799e-07
13 4 -5.855298772430756e-07
28 4 8.653809355218649e-07
31 4 -2.393730307819752e-07
34 4 3.916631391540959e-06
37 4 -1.214726141640993e-07
40 4 -6.586244998262408e-07
43 4 -3.519789638523033e-06
64 4 -2.712295047257765e-07
91 4 -3.016240523941291e-06
100 4 -7.226133002032225e-06
109 4 -7.959834409810794e-06
2 5 6.201839572433923e-07
5 5 6.397603684657971e-06
8 5 -5.512068265647849e-07
11 5 6.595569107070799e-07
14 5 -5.855298772430756e-07
29 5 8.653809355218649e-07
32 5 -2.393730307819752e-07
35 5 3.916631391540959e-06
38 5 -1.214726141640993e-07
41 5 -6.586244998262408e-07
44 5 -3.519789638523033e-06
65 5 -2.712295047257765e-07
92 5 -3.016240523941291e-06
101 5 -7.226133002032225e-06
110 5 -7.959834409810794e-06
3 6 6.201839572433923e-07
6 6 6.397603684657971e-06
9 6 -5.512068265647849e-07
12 6 6.595569107070799e-07
15 6 -5.855298772430756e-07
30 6 8.653809355218649e-07
33 6 -2.393730307819752e-07
36 6 3.916631391540959e-06
39 6 -1.214726141640993e-07
42 6 -6.586244998262408e-07
45 6 -3.519789638523033e-06
66 6 -2.712295047257765e-07
93 6 -3.016240523941291e-06
102 6 -7.226133002032225e-06
111 6 -7.959834409810794e-06
1 7 -5.506378980285294e-07
4 7 -5.512068265647849e-07
7 7 5.506342476348314e-07
28 7 -2.685974793780723e-07
31 7 1.910212211895931e-07
40 7 1.918112180029311e-07
91 7 8.249197991305014e-07
2 8 -5.506378980285294e-07
5 8 -5.512068265647849e-07
8 8 5.506342476348314e-07
29 8 -2.685974793780723e-07
32 8 1.910212211895931e-07
41 8 1.918112180029311e-07
92 8 8.249197991305014e-07
3 9 -5.506378980285294e-07
6 9 -5.512068265647849e-07
9 9 5.506342476348314e-07
30 9 -2.685974793780723e-07
33 9 1.910212211895931e-07
42 9 1.918112180029311e-07
93 9 8.249197991305014e-07
4 10 6.595569107070799e-07
10 10 6.914387543893397e-06
13 10 -5.866810992137933e-07
16 10 7.260980513517578e-07
19 10 -6.446882329786361e-07
34 10 9.887678832685251e-07
43 10 -2.703792608980534e-07
58 10 4.410497529737262e-06
61 10 -1.586529321601953e-07
64 10 -7.702334445754175e-07
67 10 -4.110489872606355e-06
109 10 -3.467705993205731e-06
118 10 -3.28656532768582e-07
121 10 -8.23882441611002e-06
130 10 -9.128945148822267e-06
5 11 6.595569107070799e-07
11 11 6.914387543893397e-06
14 11 -5.866810992137933e-07
17 11 7.260980513517578e-07
20 11 -6.446882329786361e-07
35 11 9.887678832685251e-07
44 11 -2.703792608980534e-07
59 11 4.410497529737262e-06
62 11 -1.586529321601953e-07
65 11 -7.702334445754175e-07
68 11 -4.110489872606355e-06
110 11 -3.467705993205731e-06
119 11 -3.28656532768582e-07
122 11 -8.23882441611002e-06
131 11 -9.128945148822267e-06
6 12 6.595569107070799e-07
12 12 6.914387543893397e-06
15 12 -5.866810992137933e-07
18 12 7.260980513517578e-07
21 12 -6.446882329786361e-07
36 12 9.887678832685251e-07
45 12 -2.703792608980534e-07
60 12 4.410497529737262e-06
63 12 -1.586529321601953e-07
66 12 -7.702334445754175e-07
69 12 -4.110489872606355e-06
111 12 -3.467705993205731e-06
120 12 -3.28656532768582e-07
123 12 -8.23882441611002e-06
132 12 -9.128945148822267e-06
4 13 -5.855298772430756e-07
10 13 -5.866810992137933e-07
13 13  5.8596854561765e-07
34 13 -2.98983082109179e-07
43 13 2.15672805802869e-07
64 13 2.173732934583142e-07
109 13 9.230518802115962e-07
5 14 -5.855298772430756e-07
11 14 -5.866810992137933e-07
14 14  5.8596854561765e-07
35 14 -2.98983082109179e-07
44 14 2.15672805802869e-07
65 14 2.173732934583142e-07
110 14 9.230518802115962e-07
6 15 -5.855298772430756e-07
12 15 -5.866810992137933e-07
15 15  5.8596854561765e-07
36 15 -2.98983082109179e-07
45 15 2.15672805802869e-07
66 15 2.173732934583142e-07
111 15 9.230518802115962e-07
10 16 7.260980513517578e-07
16 16 7.761206165471036e-06
19 16 -6.466886912470111e-07
58 16 1.213048270209598e-06
67 16 -3.270291439850232e-07
118 16 -9.828951657492738e-07
130 16 -4.297814899898936e-06
139 16 5.210464724506288e-06
142 16 -2.388259540988283e-07
145 16 -5.16591684271412e-06
148 16 8.352295142976368e-07
151 16 -7.421208418289151e-07
154 16 -4.344041998467919e-07
157 16 -9.987076884119294e-06
166 16 -1.108020047113038e-05
11 17 7.260980513517578e-07
17 17 7.761206165471036e-06
20 17 -6.466886912470111e-07
59 17 1.213048270209598e-06
68 17 -3.270291439850232e-07
119 17 -9.828951657492738e-07
131 17 -4.297814899898936e-06
140 17 5.210464724506288e-06
143 17 -2.388259540988283e-07
146 17 -5.16591684271412e-06
149 17 8.352295142976368e-07
152 17 -7.421208418289151e-07
155 17 -4.344041998467919e-07
158 17 -9.987076884119294e-06
167 17 -1.108020047113038e-05
12 18 7.260980513517578e-07
18 18 7.761206165471036e-06
21 18 -6.466886912470111e-07
60 18 1.213048270209598e-06
69 18 -3.270291439850232e-07
120 18 -9.828951657492738e-07
132 18 -4.297814899898936e-06
141 18 5.210464724506288e-06
144 18 -2.388259540988283e-07
147 18 -5.16591684271412e-06
150 18 8.352295142976368e-07
153 18 -7.421208418289151e-07
156 18 -4.344041998467919e-07
159 18 -9.987076884119294e-06
168 18 -1.108020047113038e-05
10 19 -6.446882329786361e-07
16 19 -6.466886912470111e-07
19 19 6.459081569011762e-07
58 19 -3.525589732236503e-07
67 19 2.608631378831408e-07
118 19 2.64117915450258e-07
130 19 1.098313096534208e-06
11 20 -6.446882329786361e-07
17 20 -6.466886912470111e-07
20 20 6.459081569011762e-07
59 20 -3.525589732236503e-07
68 20 2.608631378831408e-07
119 20 2.64117915450258e-07
131 20 1.098313096534208e-06
12 21 -6.446882329786361e-07
18 21 -6.466886912470111e-07
21 21 6.459081569011762e-07
60 21 -3.525589732236503e-07
69 21 2.608631378831408e-07
120 21 2.64117915450258e-07
132 21 1.098313096534208e-06
1 22 -5.334550988442727e-07
22 22 5.330375660087106e-07
25 22 -5.333475996949714e-07
49 22 -2.538711149765061e-07
52 22 1.795631469691029e-07
55 22 1.794186171951856e-07
76 22 7.77714030785004e-07
2 23 -5.334550988442727e-07
23 23 5.330375660087106e-07
26 23 -5.333475996949714e-07
50 23 -2.538711149765061e-07
53 23 1.795631469691029e-07
56 23 1.794186171951856e-07
77 23 7.77714030785004e-07
3 24 -5.334550988442727e-07
24 24 5.330375660087106e-07
27 24 -5.333475996949714e-07
51 24 -2.538711149765061e-07
54 24 1.795631469691029e-07
57 24 1.794186171951856e-07
78 24 7.77714030785004e-07
1 25 6.005770756993423e-07
22 25 -5.333475996949714e-07
25 25 4.664726140579041e-06
49 25 3.202001833271561e-06
52 25 -2.247674739005475e-07
55 25 -2.836642181976762e-06
76 25 -6.99544470049283e-06
178 25 -5.351676370683187e-06
2 26 6.005770756993423e-07
23 26 -5.333475996949714e-07
26 26 4.664726140579041e-06
50 26 3.202001833271561e-06
53 26 -2.247674739005475e-07
56 26 -2.836642181976762e-06
77 26 -6.99544470049283e-06
179 26 -5.351676370683187e-06
3 27 6.005770756993423e-07
24 27 -5.333475996949714e-07
27 27 4.664726140579041e-06
51 27 3.202001833271561e-06
54 27 -2.247674739005475e-07
57 27 -2.836642181976762e-06
78 27 -6.99544470049283e-06
180 27 -5.351676370683187e-06
1 28 3.636571225588975e-06
4 28 8.653809355218649e-07
7 28 -2.685974793780723e-07
28 28 1.678331030934295e-05
31 28 -2.886042446496479e-06
34 28 1.053513367957685e-06
37 28 -5.920203605040914e-07
40 28 -5.635442210368038e-07
43 28 -1.360554244663672e-07
46 28 -4.625996887032895e-07
49 28 8.512525412905983e-07
52 28 -1.180095468934215e-07
76 28 -2.73663495405435e-06
82 28 -2.471785666604194e-05
91 28 -3.686641625096644e-05
100 28 -3.271080624746114e-06
187 28 1.142203548320259e-08
190 28 -1.82273516806718e-09
199 28 -5.94319654736485e-11
205 28 -1.085621091471323e-12
208 28 7.431869407582507e-11
211 28 -6.863480373776086e-12
214 28 -1.935033511429257e-12
217 28 -1.361691583893808e-05
223 28 -2.923042838382513e-10
226 28 -6.084724262029508e-07
229 28 -1.455534989763002e-08
235 28 -9.067955256979227e-07
241 28 -3.066433446654663e-08
244 28 -6.390056088755182e-06
2 29 3.636571225588975e-06
5 29 8.653809355218649e-07
8 29 -2.685974793780723e-07
29 29 1.678331030934295e-05
32 29 -2.886042446496479e-06
35 29 1.053513367957685e-06
38 29 -5.920203605040914e-07
41 29 -5.635442210368038e-07
44 29 -1.360554244663672e-07
47 29 -4.625996887032895e-07
50 29 8.512525412905983e-07
53 29 -1.180095468934215e-07
77 29 -2.73663495405435e-06
83 29 -2.471785666604194e-05
92 29 -3.686641625096644e-05
101 29 -3.271080624746114e-06
188 29 1.142203548320259e-08
191 29 -1.82273516806718e-09
200 29 -5.94319654736485e-11
206 29 -1.085621091471323e-12
209 29 7.431869407582507e-11
212 29 -6.863480373776086e-12
215 29 -1.935033511429257e-12
218 29 -1.361691583893808e-05
224 29 -2.923042838382513e-10
227 29 -6.084724262029508e-07
230 29 -1.455534989763002e-08
236 29 -9.067955256979227e-07
242 29 -3.066433446654663e-08
245 29 -6.390056088755182e-06
3 30 3.636571225588975e-06
6 30 8.653809355218649e-07
9 30 -2.685974793780723e-07
30 30 1.678331030934295e-05
33 30 -2.886042446496479e-06
36 30 1.053513367957685e-06
39 30 -5.920203605040914e-07
42 30 -5.635442210368038e-07
45 30 -1.360554244663672e-07
48 30 -4.625996887032896e-07
51 30 8.512525412905983e-07
54 30 -1.180095468934215e-07
78 30 -2.73663495405435e-06
84 30 -2.471785666604194e-05
93 30 -3.686641625096644e-05
102 30 -3.271080624746114e-06
189 30 1.142203548320259e-08
192 30 -1.82273516806718e-09
201 30 -5.94319654736485e-11
207 30 -1.085621091471323e-12
210 30 7.431869407582507e-11
213 30 -6.863480373776086e-12
216 30 -1.935033511429257e-12
219 30 -1.361691583893808e-05
225 30 -2.923042838382513e-10
228 30 -6.084724262029508e-07
231 30 -1.455534989763002e-08
237 30 -9.067955256979227e-07
243 30 -3.066433446654663e-08
246 30 -6.390056088755182e-06
1 31 -3.20286175159152e-06
4 31 -2.393730307819752e-07
7 31 1.910212211895931e-07
28 31 -2.886042446496479e-06
31 31 2.730663675792063e-06
40 31 1.333623208107373e-07
46 31 5.710140071003858e-08
49 31 -1.182508523677038e-07
52 31 8.346743407736398e-08
76 31 3.890533644448864e-07
82 31 5.529948352514617e-06
91 31 6.011297073622904e-06
2 32 -3.20286175159152e-06
5 32 -2.393730307819752e-07
8 32 1.910212211895931e-07
29 32 -2.886042446496479e-06
32 32 2.730663675792063e-06
41 32 1.333623208107373e-07
47 32 5.710140071003858e-08
50 32 -1.182508523677038e-07
53 32 8.346743407736398e-08
77 32 3.890533644448864e-07
83 32 5.529948352514617e-06
92 32 6.011297073622904e-06
3 33 -3.20286175159152e-06
6 33 -2.393730307819752e-07
9 33 1.910212211895931e-07
30 33 -2.886042446496479e-06
33 33 2.730663675792063e-06
42 33 1.333623208107373e-07
48 33 5.710140071003858e-08
51 33 -1.182508523677038e-07
54 33 8.346743407736398e-08
78 33 3.890533644448864e-07
84 33 5.529948352514617e-06
93 33 6.011297073622904e-06
4 34 3.916631391540959e-06
10 34 9.887678832685251e-07
13 34 -2.98983082109179e-07
28 34 1.053513367957685e-06
34 34 2.071774061938071e-05
37 34 -6.002375961974485e-07
40 34 -1.354883592892555e-07
43 34 -3.241972863799544e-06
58 34 1.558605911260441e-06
61 34 -9.561461615068144e-07
64 34 -6.810907629464345e-07
67 34 -1.751047369734639e-07
91 34 -3.250384783737239e-06
100 34 -2.777537641196885e-05
109 34 -4.399323288633189e-05
121 34 -4.454510417465099e-06
187 34 1.306496476645976e-09
190 34 -5.914023714146535e-11
193 34 1.012293326055378e-07
196 34 -3.816586793010234e-11
199 34 -2.198430812337993e-10
202 34 -2.846744669350505e-08
235 34 -1.9385295113268e-05
241 34 -5.070116296100721e-09
244 34 -8.998686114960819e-07
256 34 -1.543856751635391e-09
259 34 -1.330154949265981e-07
262 34 -1.798251466010016e-06
268 34 -2.658845819704829e-07
271 34 -1.153229904980486e-05
5 35 3.916631391540959e-06
11 35 9.887678832685251e-07
14 35 -2.98983082109179e-07
29 35 1.053513367957685e-06
35 35 2.071774061938071e-05
38 35 -6.002375961974485e-07
41 35 -1.354883592892555e-07
44 35 -3.241972863799544e-06
59 35 1.558605911260441e-06
62 35 -9.561461615068144e-07
65 35 -6.810907629464345e-07
68 35 -1.751047369734639e-07
92 35 -3.250384783737239e-06
101 35 -2.777537641196885e-05
110 35 -4.399323288633189e-05
122 35 -4.454510417465099e-06
188 35 1.306496476645976e-09
191 35 -5.914023714146535e-11
194 35 1.012293326055378e-07
197 35 -3.816586793010234e-11
200 35 -2.198430812337993e-10
203 35 -2.846744669350505e-08
236 35 -1.9385295113268e-05
242 35 -5.070116296100721e-09
245 35 -8.998686114960819e-07
257 35 -1.543856751635391e-09
260 35 -1.330154949265981e-07
263 35 -1.798251466010016e-06
269 35 -2.658845819704829e-07
272 35 -1.153229904980486e-05
6 36 3.916631391540959e-06
12 36 9.887678832685251e-07
15 36 -2.98983082109179e-07
30 36 1.053513367957685e-06
36 36 2.071774061938071e-05
39 36 -6.002375961974485e-07
42 36 -1.354883592892555e-07
45 36 -3.241972863799544e-06
60 36 1.558605911260441e-06
63 36 -9.561461615068144e-07
66 36 -6.810907629464345e-07
69 36 -1.751047369734639e-07
93 36 -3.250384783737239e-06
102 36 -2.777537641196885e-05
111 36 -4.399323288633189e-05
123 36 -4.454510417465099e-06
189 36 1.306496476645976e-09
192 36 -5.914023714146535e-11
195 36 1.012293326055378e-07
198 36 -3.816586793010234e-11
201 36 -2.198430812337993e-10
204 36 -2.846744669350505e-08
237 36 -1.9385295113268e-05
243 36 -5.070116296100721e-09
246 36 -8.998686114960819e-07
258 36 -1.543856751635391e-09
261 36 -1.330154949265981e-07
264 36 -1.798251466010016e-06
270 36 -2.658845819704829e-07
273 36 -1.153229904980486e-05
4 37 -1.214726141640993e-07
28 37 -5.920203605040914e-07
34 37 -6.002375961974485e-07
37 37 3.424788992913439e-07
40 37 6.779672683400941e-08
43 37 6.893085718823314e-08
91 37 2.013804950168986e-06
100 37 2.055196632186747e-06
187 37 -6.044327391533049e-11
190 37 8.276669672169167e-12
199 37 8.860126336535515e-12
235 37 4.602546339920329e-07
241 37 2.308903524414227e-10
244 37 4.464008055883472e-07
5 38 -1.214726141640993e-07
29 38 -5.920203605040914e-07
35 38 -6.002375961974485e-07
38 38 3.424788992913439e-07
41 38 6.779672683400941e-08
44 38 6.893085718823314e-08
92 38 2.013804950168986e-06
101 38 2.055196632186747e-06
188 38 -6.044327391533049e-11
191 38 8.276669672169167e-12
200 38 8.860126336535515e-12
236 38 4.602546339920329e-07
242 38 2.308903524414227e-10
245 38 4.464008055883472e-07
6 39 -1.214726141640993e-07
30 39 -5.920203605040914e-07
36 39 -6.002375961974485e-07
39 39 3.424788992913439e-07
42 39 6.779672683400941e-08
45 39 6.893085718823314e-08
93 39 2.013804950168986e-06
102 39 2.055196632186747e-06
189 39 -6.044327391533049e-11
192 39 8.276669672169167e-12
201 39 8.860126336535515e-12
237 39 4.602546339920329e-07
243 39 2.308903524414227e-10
246 39 4.464008055883472e-07
1 40 -2.397680291886445e-07
4 40 -6.586244998262408e-07
7 40 1.918112180029311e-07
28 40 -5.635442210368038e-07
31 40 1.333623208107373e-07
34 40 -1.354883592892555e-07
37 40 6.779672683400941e-08
40 40 4.594749386413023e-07
43 40 9.696234743854533e-08
91 40 2.074303247681154e-06
100 40 4.461252200727003e-07
2 41 -2.397680291886445e-07
5 41 -6.586244998262408e-07
8 41 1.918112180029311e-07
29 41 -5.635442210368038e-07
32 41 1.333623208107373e-07
35 41 -1.354883592892555e-07
38 41 6.779672683400941e-08
41 41 4.594749386413023e-07
44 41 9.696234743854533e-08
92 41 2.074303247681154e-06
101 41 4.461252200727003e-07
3 42 -2.397680291886445e-07
6 42 -6.586244998262408e-07
9 42 1.918112180029311e-07
30 42 -5.635442210368038e-07
33 42 1.333623208107373e-07
36 42 -1.354883592892555e-07
39 42 6.779672683400941e-08
42 42 4.594749386413023e-07
45 42 9.696234743854533e-08
93 42 2.074303247681154e-06
102 42 4.461252200727003e-07
4 43 -3.519789638523033e-06
10 43 -2.703792608980534e-07
13 43 2.15672805802869e-07
28 43 -1.360554244663672e-07
34 43 -3.241972863799544e-06
37 43 6.893085718823314e-08
40 43 9.696234743854533e-08
43 43 3.14646220783381e-06
64 43 1.601656510360634e-07
91 43 4.461252200727003e-07
100 43 6.231697442637807e-06
109 43 6.887018982921123e-06
5 44 -3.519789638523033e-06
11 44 -2.703792608980534e-07
14 44 2.15672805802869e-07
29 44 -1.360554244663672e-07
35 44 -3.241972863799544e-06
38 44 6.893085718823314e-08
41 44 9.696234743854533e-08
44 44 3.14646220783381e-06
65 44 1.601656510360634e-07
92 44 4.461252200727003e-07
101 44 6.231697442637807e-06
110 44 6.887018982921123e-06
6 45 -3.519789638523033e-06
12 45 -2.703792608980534e-07
15 45 2.15672805802869e-07
30 45 -1.360554244663672e-07
36 45 -3.241972863799544e-06
39 45 6.893085718823314e-08
42 45 9.696234743854533e-08
45 45 3.14646220783381e-06
66 45 1.601656510360634e-07
93 45 4.461252200727003e-07
102 45 6.231697442637807e-06
111 45 6.887018982921123e-06
1 46 -1.048265302097588e-07
28 46 -4.625996887032895e-07
31 46 5.710140071003858e-08
46 46 2.519498122450483e-07
49 46 -4.595948521517333e-07
52 46 5.661878976147416e-08
76 46 1.614835830434929e-06
82 46 1.630325776762572e-06
208 46 -1.958388054636446e-12
211 46 1.563888136070717e-13
214 46 1.511333754819556e-13
217 46 2.931377816375095e-07
223 46 7.635709756649447e-12
226 46 2.891517044239416e-07
2 47 -1.048265302097588e-07
29 47 -4.625996887032895e-07
32 47 5.710140071003858e-08
47 47 2.519498122450483e-07
50 47 -4.595948521517333e-07
53 47 5.661878976147416e-08
77 47 1.614835830434929e-06
83 47 1.630325776762572e-06
209 47 -1.958388054636446e-12
212 47 1.563888136070717e-13
215 47 1.511333754819556e-13
218 47 2.931377816375095e-07
224 47 7.635709756649447e-12
227 47 2.891517044239416e-07
3 48 -1.048265302097588e-07
30 48 -4.625996887032895e-07
33 48 5.710140071003858e-08
48 48 2.519498122450483e-07
51 48 -4.595948521517333e-07
54 48 5.661878976147416e-08
78 48 1.614835830434929e-06
84 48 1.630325776762572e-06
210 48 -1.958388054636446e-12
213 48 1.563888136070717e-13
216 48 1.511333754819556e-13
219 48 2.931377816375095e-07
225 48 7.635709756649447e-12
228 48 2.891517044239416e-07
1 49 8.053301248364094e-07
22 49 -2.538711149765061e-07
25 49 3.202001833271561e-06
28 49 8.512525412905983e-07
31 49 -1.182508523677038e-07
46 49 -4.595948521517333e-07
49 49 1.395657603916757e-05
52 49 -5.088484716017382e-07
55 49 -2.542447175049373e-06
76 49 -3.358401971689717e-05
82 49 -2.744379927218168e-06
178 49 -1.916616448367873e-05
208 49 1.539529696715116e-09
211 49 -1.937661230491814e-12
214 49 -1.427844372501959e-10
217 49 -6.104654648097354e-07
223 49 -3.716565807291223e-09
226 49 -4.477453923800626e-06
286 49 -2.402145274278196e-09
289 49 -1.064160970621699e-05
2 50 8.053301248364094e-07
23 50 -2.538711149765061e-07
26 50 3.202001833271561e-06
29 50 8.512525412905983e-07
32 50 -1.182508523677038e-07
47 50 -4.595948521517333e-07
50 50 1.395657603916757e-05
53 50 -5.088484716017382e-07
56 50 -2.542447175049373e-06
77 50 -3.358401971689717e-05
83 50 -2.744379927218168e-06
179 50 -1.916616448367873e-05
209 50 1.539529696715116e-09
212 50 -1.937661230491814e-12
215 50 -1.427844372501959e-10
218 50 -6.104654648097354e-07
224 50 -3.716565807291223e-09
227 50 -4.477453923800626e-06
287 50 -2.402145274278196e-09
290 50 -1.064160970621699e-05
3 51 8.053301248364094e-07
24 51 -2.538711149765061e-07
27 51 3.202001833271561e-06
30 51 8.512525412905983e-07
33 51 -1.182508523677038e-07
48 51 -4.595948521517333e-07
51 51 1.395657603916757e-05
54 51 -5.088484716017382e-07
57 51 -2.542447175049373e-06
78 51 -3.358401971689717e-05
84 51 -2.744379927218168e-06
180 51 -1.916616448367873e-05
210 51 1.539529696715116e-09
213 51 -1.937661230491814e-12
216 51 -1.427844372501959e-10
219 51 -6.104654648097354e-07
225 51 -3.716565807291223e-09
228 51 -4.477453923800626e-06
288 51 -2.402145274278196e-09
291 51 -1.064160970621699e-05
1 52 -6.055202901527441e-07
22 52 1.795631469691029e-07
25 52 -2.247674739005475e-07
28 52 -1.180095468934215e-07
31 52 8.346743407736398e-08
46 52 5.661878976147416e-08
49 52 -5.088484716017382e-07
52 52 4.083658992512653e-07
55 52 1.212113350432684e-07
76 52 1.864229060735637e-06
82 52 3.890533644448865e-07
2 53 -6.055202901527441e-07
23 53 1.795631469691029e-07
26 53 -2.247674739005475e-07
29 53 -1.180095468934215e-07
32 53 8.346743407736398e-08
47 53 5.661878976147416e-08
50 53 -5.088484716017382e-07
53 53 4.083658992512653e-07
56 53 1.212113350432684e-07
77 53 1.864229060735637e-06
83 53 3.890533644448865e-07
3 54 -6.055202901527441e-07
24 54 1.795631469691029e-07
27 54 -2.247674739005475e-07
30 54 -1.180095468934215e-07
33 54 8.346743407736398e-08
48 54 5.661878976147416e-08
51 54 -5.088484716017382e-07
54 54 4.083658992512653e-07
57 54 1.212113350432684e-07
78 54 1.864229060735637e-06
84 54 3.890533644448865e-07
1 55 -2.246952090135887e-07
22 55 1.794186171951856e-07
25 55 -2.836642181976762e-06
49 55 -2.542447175049373e-06
52 55 1.212113350432684e-07
55 55 2.408676453443932e-06
76 55 5.634988085165935e-06
178 55 4.529741717823669e-06
2 56 -2.246952090135887e-07
23 56 1.794186171951856e-07
26 56 -2.836642181976762e-06
50 56 -2.542447175049373e-06
53 56 1.212113350432684e-07
56 56 2.408676453443932e-06
77 56 5.634988085165935e-06
179 56 4.529741717823669e-06
3 57 -2.246952090135887e-07
24 57 1.794186171951856e-07
27 57 -2.836642181976762e-06
51 57 -2.542447175049373e-06
54 57 1.212113350432684e-07
57 57 2.408676453443932e-06
78 57 5.634988085165935e-06
180 57 4.529741717823669e-06
10 58 4.410497529737262e-06
16 58 1.213048270209598e-06
19 58 -3.525589732236503e-07
34 58 1.558605911260441e-06
58 58 2.782377415054917e-05
61 58 -9.780761579914046e-07
64 58 -1.738203675165112e-07
67 58 -3.906466552277813e-06
109 58 -4.401928189138092e-06
118 58 -9.099651895446269e-07
121 58 -3.326443419266737e-05
130 58 -5.565804517015932e-05
139 58 2.734555236579938e-06
142 58 -1.996427768208383e-06
145 58 -2.57067600718618e-07
157 58 -6.873181414388869e-06
193 58 1.965959950065475e-08
202 58 -1.52362011023007e-09
256 58 -5.917379805864376e-09
262 58 -3.134963577965839e-05
268 58 -7.461993991567436e-08
271 58 -1.770794926284723e-06
301 58 6.376265264178046e-07
304 58 -1.189331378023403e-09
307 58 -2.98278193625597e-07
310 58 -2.450617107849104e-08
313 58 -8.996405836528346e-07
316 58 -4.319417594198466e-06
322 58 -1.610982173156008e-06
325 58 -2.268895280002832e-05
11 59 4.410497529737262e-06
17 59 1.213048270209598e-06
20 59 -3.525589732236503e-07
35 59 1.558605911260441e-06
59 59 2.782377415054917e-05
62 59 -9.780761579914046e-07
65 59 -1.738203675165112e-07
68 59 -3.906466552277813e-06
110 59 -4.401928189138092e-06
119 59 -9.099651895446269e-07
122 59 -3.326443419266737e-05
131 59 -5.565804517015932e-05
140 59 2.734555236579938e-06
143 59 -1.996427768208383e-06
146 59 -2.57067600718618e-07
158 59 -6.873181414388869e-06
194 59 1.965959950065475e-08
203 59 -1.52362011023007e-09
257 59 -5.917379805864376e-09
263 59 -3.134963577965839e-05
269 59 -7.461993991567436e-08
272 59 -1.770794926284723e-06
302 59 6.376265264178046e-07
305 59 -1.189331378023403e-09
308 59 -2.98278193625597e-07
311 59 -2.450617107849104e-08
314 59 -8.996405836528346e-07
317 59 -4.319417594198466e-06
323 59 -1.610982173156008e-06
326 59 -2.268895280002832e-05
12 60 4.410497529737262e-06
18 60 1.213048270209598e-06
21 60 -3.525589732236503e-07
36 60 1.558605911260441e-06
60 60 2.782377415054917e-05
63 60 -9.780761579914046e-07
66 60 -1.738203675165112e-07
69 60 -3.906466552277813e-06
111 60 -4.401928189138092e-06
120 60 -9.099651895446269e-07
123 60 -3.326443419266737e-05
132 60 -5.565804517015932e-05
141 60 2.734555236579938e-06
144 60 -1.996427768208383e-06
147 60 -2.57067600718618e-07
159 60 -6.873181414388869e-06
195 60 1.965959950065475e-08
204 60 -1.52362011023007e-09
258 60 -5.917379805864376e-09
264 60 -3.134963577965839e-05
270 60 -7.461993991567436e-08
273 60 -1.770794926284723e-06
303 60 6.376265264178046e-07
306 60 -1.189331378023403e-09
309 60 -2.98278193625597e-07
312 60 -2.450617107849104e-08
315 60 -8.996405836528346e-07
318 60 -4.319417594198466e-06
324 60 -1.610982173156008e-06
327 60 -2.268895280002832e-05
10 61 -1.586529321601953e-07
34 61 -9.561461615068144e-07
58 61 -9.780761579914046e-07
61 61 6.14268419249139e-07
64 61 9.417372646948223e-08
67 61 9.67424653833876e-08
109 61 3.010450238772229e-06
121 61 3.115614695426248e-06
193 61 -1.581331246394199e-09
202 61 3.795950435969471e-10
256 61 4.20068326407589e-10
262 61 1.045641074177329e-06
268 61 5.830307669651592e-09
271 61 9.907279947267327e-07
11 62 -1.586529321601953e-07
35 62 -9.561461615068144e-07
59 62 -9.780761579914046e-07
62 62 6.14268419249139e-07
65 62 9.417372646948223e-08
68 62 9.67424653833876e-08
110 62 3.010450238772229e-06
122 62 3.115614695426248e-06
194 62 -1.581331246394199e-09
203 62 3.795950435969471e-10
257 62 4.20068326407589e-10
263 62 1.045641074177329e-06
269 62 5.830307669651592e-09
272 62 9.907279947267327e-07
12 63 -1.586529321601953e-07
36 63 -9.561461615068144e-07
60 63 -9.780761579914046e-07
63 63 6.14268419249139e-07
66 63 9.417372646948223e-08
69 63 9.67424653833876e-08
111 63 3.010450238772229e-06
123 63 3.115614695426248e-06
195 63 -1.581331246394199e-09
204 63 3.795950435969471e-10
258 63 4.20068326407589e-10
264 63 1.045641074177329e-06
270 63 5.830307669651592e-09
273 63 9.907279947267327e-07
4 64 -2.712295047257765e-07
10 64 -7.702334445754175e-07
13 64 2.173732934583142e-07
34 64 -6.810907629464345e-07
43 64 1.601656510360634e-07
58 64 -1.738203675165112e-07
61 64 9.417372646948223e-08
64 64 5.723621243934912e-07
67 64 1.270773360960197e-07
109 64 2.53164234391792e-06
121 64 5.707728728839312e-07
5 65 -2.712295047257765e-07
11 65 -7.702334445754175e-07
14 65 2.173732934583142e-07
35 65 -6.810907629464345e-07
44 65 1.601656510360634e-07
59 65 -1.738203675165112e-07
62 65 9.417372646948223e-08
65 65 5.723621243934912e-07
68 65 1.270773360960197e-07
110 65 2.53164234391792e-06
122 65 5.707728728839312e-07
6 66 -2.712295047257765e-07
12 66 -7.702334445754175e-07
15 66 2.173732934583142e-07
36 66 -6.810907629464345e-07
45 66 1.601656510360634e-07
60 66 -1.738203675165112e-07
63 66 9.417372646948223e-08
66 66 5.723621243934912e-07
69 66 1.270773360960197e-07
111 66 2.53164234391792e-06
123 66 5.707728728839312e-07
10 67 -4.110489872606355e-06
16 67 -3.270291439850232e-07
19 67 2.608631378831408e-07
34 67 -1.751047369734639e-07
58 67 -3.906466552277813e-06
61 67 9.67424653833876e-08
64 67 1.270773360960197e-07
67 67 3.971720848571775e-06
109 67 5.707728728839312e-07
118 67 2.130582569730038e-07
121 67 7.612889940103795e-06
130 67 8.537400009132212e-06
11 68 -4.110489872606355e-06
17 68 -3.270291439850232e-07
20 68 2.608631378831408e-07
35 68 -1.751047369734639e-07
59 68 -3.906466552277813e-06
62 68 9.67424653833876e-08
65 68 1.270773360960197e-07
68 68 3.971720848571775e-06
110 68 5.707728728839312e-07
119 68 2.130582569730038e-07
122 68 7.612889940103795e-06
131 68 8.537400009132212e-06
12 69 -4.110489872606355e-06
18 69 -3.270291439850232e-07
21 69 2.608631378831408e-07
36 69 -1.751047369734639e-07
60 69 -3.906466552277813e-06
63 69 9.67424653833876e-08
66 69 1.270773360960197e-07
69 69 3.971720848571775e-06
111 69 5.707728728839312e-07
120 69 2.130582569730038e-07
123 69 7.612889940103795e-06
132 69 8.537400009132212e-06
70 70   0.6304290093244501
71 70 -0.04102386551481365
72 70 -0.07068116044128074
73 70 -0.08901683400437227
74 70 -0.002939938120211479
75 70  0.03276898597058031
79 70   -0.060129204510817
80 70  0.06610182299806169
81 70 -0.01986551133807525
88 70 0.009377912375772604
89 70 -0.01003509016530887
94 70 -0.02401903972519176
95 70  0.00825354540581456
96 70 -0.005008768957559322
97 70  0.00776418445596866
98 70   0.0129750282855204
99 70  0.01282172571637977
70 71 -0.04102386551481365
71 71     0.67865196365634
72 71  -0.1239485202585181
73 71 -0.001959958746807634
74 71  -0.1123396841866742
75 71  0.04685868184457252
79 71  0.09915273449709289
80 71  -0.2253837620059712
81 71  0.08922598700150663
88 71 -0.006690060110205947
89 71  0.03282269331520401
90 71 -0.002687852265566651
94 71 -0.008131614648685025
95 71  -0.1606971900139684
96 71  0.05425505761994261
97 71 0.008650018857013598
98 71 0.007642253698839133
99 71 -0.03314240740877223
70 72 -0.07068116044128075
71 72  -0.1239485202585181
72 72   0.8804074200509401
73 72  0.02184599064705348
74 72   0.0406467035794887
75 72  -0.2882360688330003
79 72 -0.02979826700711275
80 72  0.07603858411606711
81 72 -0.04519765829270392
89 72 -0.004031778398349983
90 72 0.009377912375772604
94 72 0.003171617993977495
95 72  0.06093161905107172
96 72 -0.06492097448287598
97 72 0.008547817144253187
98 72 -0.02926264373431624
99 72  0.02729657635301981
70 73 -0.08901683400437227
71 73 -0.001959958746807634
72 73  0.02184599064705348
73 73   0.1680528819218942
74 73 -0.01259423446175204
79 73 -0.02695970192763831
80 73  0.00205629527647673
81 73  0.01438391527697529
88 73 0.0004283655966428482
89 73 0.0006564942241849348
94 73  0.01593548487884045
95 73 0.006606344805919693
96 73 -0.006606344805919693
97 73 -0.03414695903592081
98 73   0.0110069835124938
175 73 -0.01369991806582051
176 73 0.0005525691510039311
181 73 0.009335482951843306
182 73 -0.006705874925123873
184 73 0.0006139893703739528
185 73 0.0003494795929510955
220 73  0.02831673379026257
221 73 -0.004430852862605979
222 73 -0.009047302226293895
232 73  -0.1181431892405018
233 73    0.016454116226829
234 73  0.01020270801574134
250 73  0.02026129162037725
251 73 -0.01293745492714899
252 73 -0.006160405589441263
283 73  0.03097827196177077
284 73 -0.0002135197480456768
285 73 -0.01306288252128466
293 73 0.004857825229276353
294 73 -0.003301960574721457
295 73 -0.03726879492249278
296 73 -0.001796061689680414
297 73 0.001243492538676483
298 73 0.006290522960722021
299 73 -0.001905344247505991
70 74 -0.002939938120211481
71 74  -0.1123396841866742
72 74   0.0406467035794887
73 74 -0.01259423446175204
74 74   0.1726558805874814
75 74 -0.01925068784990294
79 74 0.003084442914715084
80 74  -0.0502984093072465
81 74 -0.01746835819169036
88 74 0.0004376628161232914
89 74 0.001499279588249977
90 74 -0.0008660284127661392
94 74 0.009909517208879505
95 74  0.03925833506114232
96 74 -0.01923865728180032
97 74   0.0107604365580188
98 74 -0.05679545269011416
99 74  0.01847582076160683
175 74 0.0008288537265058961
176 74 -0.04794971323037184
177 74 0.003084442914715083
181 74 -0.01005881238768579
182 74   0.0326741903314515
183 74 -0.00394441204007916
184 74 0.0005242193894266458
185 74 0.002148962796308834
186 74 -0.001445203444987578
220 74 -0.004072578605012487
221 74 0.008090495368646464
222 74 0.002013618053895298
232 74  0.01628616566841189
233 74 -0.05267773521340365
234 74 -0.0007396408634250383
250 74 -0.01204741750112228
251 74    0.024711478750511
252 74 0.006160405589441261
283 74 -0.0001423464986971192
284 74 0.008850934846220255
292 74 0.004535104031646663
294 74 -0.002333796981832346
295 74 -0.001657848752290222
296 74 -0.03086776520874734
297 74 0.0008288537265058966
298 74 -0.002858016371258991
299 74  0.02201683036252709
300 74 -0.006577768069824039
70 75  0.03276898597058031
71 75  0.04685868184457251
72 75  -0.2882360688330003
74 75 -0.01925068784990293
75 75   0.2538199884452779
79 75  0.02157587291546292
80 75 -0.02363216819193965
81 75 -0.07102024936712581
89 75 -0.00129904261914921
90 75 0.0004283655966428482
94 75 -0.009909517208879507
95 75 -0.02060005491530089
96 75  0.03245134689363959
98 75  0.01945580013501068
99 75 -0.04039547840165124
176 75  0.00205629527647673
177 75 -0.01369991806582051
182 75 -0.002629608026719442
183 75 0.009335482951843306
185 75 -0.0009634689633250488
186 75 0.0006139893703739528
220 75 -0.006031534817529274
221 75 0.001342412035930199
222 75 0.008090495368646464
232 75 0.006801805343827542
233 75 -0.0004930939089500239
234 75 -0.03796020543420119
250 75 -0.004106937059627503
251 75 0.004106937059627502
252 75 0.009993948971308517
283 75 -0.00870858834752314
285 75 0.008850934846220255
292 75 -0.002201307049814317
293 75 -0.001555864654554897
295 75 0.0008289950257843258
296 75 0.0005525691510039311
297 75 -0.01514145780694228
299 75 -0.004385178713216022
300 75 0.006290522960722021
1 76 -2.798459591137994e-06
22 76 7.77714030785004e-07
25 76 -6.99544470049283e-06
28 76 -2.73663495405435e-06
31 76 3.890533644448864e-07
46 76 1.614835830434929e-06
49 76 -3.358401971689717e-05
52 76 1.864229060735637e-06
55 76 5.634988085165935e-06
76 76 0.0001093771925801157
82 76 9.123208906811702e-06
178 76 2.899234853458561e-05
217 76 1.449767491288436e-06
226 76 1.002881039547075e-05
289 76 1.889308400641654e-05
2 77 -2.798459591137994e-06
23 77 7.77714030785004e-07
26 77 -6.99544470049283e-06
29 77 -2.73663495405435e-06
32 77 3.890533644448864e-07
47 77 1.614835830434929e-06
50 77 -3.358401971689717e-05
53 77 1.864229060735637e-06
56 77 5.634988085165935e-06
77 77 0.0001093771925801157
83 77 9.123208906811702e-06
179 77 2.899234853458561e-05
218 77 1.449767491288436e-06
227 77 1.002881039547075e-05
290 77 1.889308400641654e-05
3 78 -2.798459591137994e-06
24 78 7.77714030785004e-07
27 78 -6.99544470049283e-06
30 78 -2.73663495405435e-06
33 78 3.890533644448864e-07
48 78 1.614835830434929e-06
51 78 -3.358401971689717e-05
54 78 1.864229060735637e-06
57 78 5.634988085165935e-06
78 78 0.0001093771925801157
84 78 9.123208906811702e-06
180 78 2.899234853458561e-05
219 78 1.449767491288436e-06
228 78 1.002881039547075e-05
291 78 1.889308400641654e-05
70 79   -0.060129204510817
71 79  0.09915273449709289
72 79 -0.02979826700711275
73 79 -0.02695970192763831
74 79 0.003084442914715084
75 79  0.02157587291546292
79 79   0.5269434852204811
80 79  -0.1239027052361199
81 79  0.07182163724629141
175 79 -0.01750209424035639
176 79  -0.0131185112998446
177 79  0.02626749331565618
181 79 -0.02334952064864821
182 79 -0.008260802481725877
183 79 0.002896141329068231
184 79  0.01601529390518181
185 79  0.01003406838512946
186 79 -0.01003406838512946
70 80  0.06610182299806169
71 80  -0.2253837620059712
72 80  0.07603858411606711
73 80  0.00205629527647673
74 80  -0.0502984093072465
75 80 -0.02363216819193965
79 80  -0.1239027052361199
80 80   0.5988036441755602
81 80  -0.1569526450314199
175 80 -0.008745674199896384
176 80 -0.01747817431515362
177 80  0.03355678555531746
181 80  0.00828472240692865
182 80  -0.1609038051561741
183 80  0.06109886628177508
184 80 0.006689378923419674
185 80  0.03933008135958722
186 80 -0.02067825139606295
70 81 -0.01986551133807525
71 81  0.08922598700150663
72 81 -0.04519765829270392
73 81  0.01438391527697529
74 81 -0.01746835819169036
75 81 -0.07102024936712581
79 81  0.07182163724629141
80 81  -0.1569526450314199
81 81   0.6227566176997359
175 81  0.01751166221043743
176 81  0.02965925220345853
177 81    -0.06128124976645
181 81 -0.005374229122738742
182 81  0.05451652827419497
183 81 -0.06470137290768324
184 81 -0.006689378923419674
185 81 -0.01935998336689168
186 81  0.03273874121373105
1 82 -6.683993010559432e-06
28 82 -2.471785666604194e-05
31 82 5.529948352514617e-06
46 82 1.630325776762572e-06
49 82 -2.744379927218168e-06
52 82 3.890533644448865e-07
76 82 9.123208906811702e-06
82 82 7.891858518732867e-05
91 82 3.062796162789356e-05
217 82 1.576534626479633e-05
226 82 1.449767491288436e-06
2 83 -6.683993010559432e-06
29 83 -2.471785666604194e-05
32 83 5.529948352514617e-06
47 83 1.630325776762572e-06
50 83 -2.744379927218168e-06
53 83 3.890533644448865e-07
77 83 9.123208906811702e-06
83 83 7.891858518732867e-05
92 83 3.062796162789356e-05
218 83 1.576534626479633e-05
227 83 1.449767491288436e-06
3 84 -6.683993010559432e-06
30 84 -2.471785666604194e-05
33 84 5.529948352514617e-06
48 84 1.630325776762572e-06
51 84 -2.744379927218168e-06
54 84 3.890533644448865e-07
78 84 9.123208906811702e-06
84 84 7.891858518732867e-05
93 84 3.062796162789356e-05
219 84 1.576534626479633e-05
228 84 1.449767491288436e-06
85 85    0.617350555539441
86 85 -0.04012453664362443
87 85 -0.06571859681581123
88 85 -0.08745464494363396
89 85 -0.002444222967958958
90 85  0.03068732972094193
94 85 -0.05899390587687508
95 85  0.06512703724222574
96 85 -0.01910503582502495
106 85 0.009449878289812978
107 85 -0.009904308062258069
112 85 -0.02555362742437114
113 85 0.008117017149001581
114 85 -0.004156819568189313
115 85 0.007819785254751447
116 85  0.01234853103021701
117 85  0.01206871464321746
85 86 -0.04012453664362443
86 86    0.669078388651174
87 86  -0.1221432192110639
88 86 -0.001629481978639306
89 86  -0.1108490661174744
90 86  0.04576752246268576
94 86  0.09769055586333887
95 86  -0.2218114989824394
96 86  0.08816963032143421
106 86 -0.006602872041505383
107 86  0.03307457401434527
108 86 -0.002847006248307558
112 86 -0.007886742598309831
113 86  -0.1601733181218596
114 86  0.05368880911516018
115 86 0.008232354020144697
116 86 0.007589510704059743
117 86 -0.03207680145562759
85 87 -0.06571859681581123
86 87  -0.1221432192110639
87 87   0.8682270167035476
88 87  0.02045821981396123
89 87  0.03966772368193688
90 87  -0.2826968361288775
94 87  -0.0286575537375373
95 87  0.07470061673514367
96 87  -0.0436610774634973
107 87 -0.004270509372461335
108 87 0.009449878289812978
112 87 0.003822032850397243
113 87  0.06058608262627387
114 87 -0.06544788951730396
115 87 0.008045809762144956
116 87 -0.02816807113697507
117 87  0.02759952294232176
70 88 0.009377912375772604
71 88 -0.006690060110205947
73 88 0.0004283655966428482
74 88 0.0004376628161232914
85 88 -0.08745464494363396
86 88 -0.001629481978639306
87 88  0.02045821981396123
88 88   0.1592053156690376
89 88 -0.01112890451831084
94 88 -0.02711183154216341
95 88 0.001839285747061871
96 88  0.01382907954013729
97 88 -0.01312952704061523
98 88 0.0003547767433290706
106 88 3.887073692174074e-05
107 88 0.0008992180365123878
112 88  0.01580464614676338
113 88 0.006446877677227099
114 88 -0.006446877677227102
115 88 -0.03095890063743779
116 88 0.009373433299625044
221 88   0.0040162240804119
222 88 -0.002689242573643642
232 88 0.006010048762909914
233 88 -0.001764644322891547
238 88  0.02282015105749341
239 88 -0.002931966747308215
240 88 -0.007670694430002165
247 88  0.02825735186982384
248 88 -0.000579872264720031
249 88 -0.01153042139377588
250 88 -0.03426740063273376
251 88 -0.001138230596631324
252 88 0.0007834538533022537
253 88  -0.1053705744775841
254 88   0.0135836877308269
255 88 0.008529364893343605
277 88  0.01760096394257204
278 88  -0.0111213842569666
279 88 -0.005392962937726367
70 89 -0.01003509016530887
71 89  0.03282269331520401
72 89 -0.004031778398349982
73 89 0.000656494224184935
74 89 0.001499279588249977
75 89 -0.00129904261914921
85 89 -0.002444222967958957
86 89  -0.1108490661174744
87 89  0.03966772368193688
88 89 -0.01112890451831084
89 89   0.1653014067488724
90 89 -0.01859502556984102
94 89 0.002758928620592795
95 89 -0.05055661248159482
96 89 -0.01658800816073008
97 89 0.000532165114993606
98 89 -0.04595334464215328
99 89 0.002758928620592795
106 89 0.0005994786910082598
107 89 0.0001360475792260927
108 89 -0.0006383494279300003
112 89 0.009670316515840681
113 89  0.03919906732060403
114 89 -0.01902808498537687
115 89 0.009245046054042414
116 89  -0.0517917360050167
117 89  0.01774667617170703
220 89  0.00378330064258149
222 89 -0.001990472260152395
232 89 -0.002646966484337326
233 89  0.02103517067018476
