%%MatrixMarket matrix coordinate real general
1431 1431 39401
1 1 2.71936448341547e-06
4 1 1.619445528995666e-07
7 1 -9.304228422985514e-08
22 1 -9.040697955630955e-08
25 1 1.57286737060668e-07
28 1 1.439015193449417e-06
31 1 -8.986356460067062e-07
40 1 -3.957274762940869e-08
46 1 -1.975577361491933e-08
49 1 2.139128671539813e-07
52 1 -1.125268305092694e-07
55 1 -3.732576661892606e-08
70 1 -6.79599737888838e-06
76 1 -7.792115472450205e-07
79 1 -6.05022395020239e-07
82 1 -2.713331320902238e-06
85 1 -6.219687724269975e-07
91 1 -2.87658279067224e-06
94 1 -6.087027689780467e-06
2 2 2.71936448341547e-06
5 2 1.619445528995666e-07
8 2 -9.304228422985514e-08
23 2 -9.040697955630955e-08
26 2 1.57286737060668e-07
29 2 1.439015193449417e-06
32 2 -8.986356460067062e-07
41 2 -3.957274762940869e-08
47 2 -1.975577361491933e-08
50 2 2.139128671539813e-07
53 2 -1.125268305092694e-07
56 2 -3.732576661892606e-08
71 2 -6.79599737888838e-06
77 2 -7.792115472450205e-07
80 2 -6.05022395020239e-07
83 2 -2.713331320902238e-06
86 2 -6.219687724269975e-07
92 2 -2.87658279067224e-06
95 2 -6.087027689780467e-06
3 3 2.71936448341547e-06
6 3 1.619445528995666e-07
9 3 -9.304228422985514e-08
24 3 -9.040697955630955e-08
27 3 1.57286737060668e-07
30 3 1.439015193449417e-06
33 3 -8.986356460067062e-07
42 3 -3.957274762940869e-08
48 3 -1.975577361491933e-08
51 3 2.139128671539813e-07
54 3 -1.125268305092694e-07
57 3 -3.732576661892606e-08
72 3 -6.79599737888838e-06
78 3 -7.792115472450205e-07
81 3 -6.05022395020239e-07
84 3 -2.713331320902238e-06
87 3 -6.219687724269975e-07
93 3 -2.87658279067224e-06
96 3 -6.087027689780467e-06
1 4 1.619445528995666e-07
4 4 2.834980092505758e-06
7 4 -9.313170225287914e-08
10 4 1.709873970126388e-07
13 4 -9.821579575930239e-08
28 4 2.288654520070834e-07
31 4 -3.954745014121013e-08
34 4 1.546429032767788e-06
37 4 -2.247275016152967e-08
40 4 -1.213103254297906e-07
43 4 -9.775306500111503e-07
64 4 -4.410664636896171e-08
85 4 -7.047848129442501e-06
91 4 -8.353972133849185e-07
94 4 -6.21712795382492e-07
100 4 -2.916757557097318e-06
103 4 -6.545129317642743e-07
109 4 -3.122897577349761e-06
112 4 -6.339192046026937e-06
2 5 1.619445528995666e-07
5 5 2.834980092505758e-06
8 5 -9.313170225287914e-08
11 5 1.709873970126388e-07
14 5 -9.821579575930239e-08
29 5 2.288654520070834e-07
32 5 -3.954745014121013e-08
35 5 1.546429032767788e-06
38 5 -2.247275016152967e-08
41 5 -1.213103254297906e-07
44 5 -9.775306500111503e-07
65 5 -4.410664636896171e-08
86 5 -7.047848129442501e-06
92 5 -8.353972133849185e-07
95 5 -6.21712795382492e-07
101 5 -2.916757557097318e-06
104 5 -6.545129317642743e-07
110 5 -3.122897577349761e-06
113 5 -6.339192046026937e-06
3 6 1.619445528995666e-07
6 6 2.834980092505758e-06
9 6 -9.313170225287914e-08
12 6 1.709873970126388e-07
15 6 -9.821579575930239e-08
30 6 2.288654520070834e-07
33 6 -3.954745014121013e-08
36 6 1.546429032767788e-06
39 6 -2.247275016152967e-08
42 6 -1.213103254297906e-07
45 6 -9.775306500111503e-07
66 6 -4.410664636896171e-08
87 6 -7.047848129442501e-06
93 6 -8.353972133849185e-07
96 6 -6.21712795382492e-07
102 6 -2.916757557097318e-06
105 6 -6.545129317642743e-07
111 6 -3.122897577349761e-06
114 6 -6.339192046026937e-06
1 7 -9.304228422985514e-08
4 7 -9.313170225287914e-08
7 7 5.449063461410796e-08
28 7 -4.216426631062597e-08
31 7 2.016662369444045e-08
40 7 2.02172186708375e-08
85 7 3.796573712109111e-07
91 7 1.43256809209232e-07
94 7   3.791454171219e-07
2 8 -9.304228422985514e-08
5 8 -9.313170225287914e-08
8 8 5.449063461410796e-08
29 8 -4.216426631062597e-08
32 8 2.016662369444045e-08
41 8 2.02172186708375e-08
86 8 3.796573712109111e-07
92 8 1.43256809209232e-07
95 8   3.791454171219e-07
3 9 -9.304228422985514e-08
6 9 -9.313170225287914e-08
9 9 5.449063461410796e-08
30 9 -4.216426631062597e-08
33 9 2.016662369444045e-08
42 9 2.02172186708375e-08
87 9 3.796573712109111e-07
93 9 1.43256809209232e-07
96 9   3.791454171219e-07
4 10 1.709873970126388e-07
10 10 3.035790736057754e-06
13 10 -9.839457960078053e-08
16 10 1.858767586263865e-07
19 10 -1.067536978635968e-07
34 10 2.588631457889954e-07
43 10 -4.405324983201784e-08
58 10 1.735426214259441e-06
61 10 -2.829693675134674e-08
64 10 -1.3914599882334e-07
67 10 -1.120635644039046e-06
103 10 -7.496975638585098e-06
109 10 -9.487402275858879e-07
112 10 -6.540038824490181e-07
118 10 -5.209413903266191e-08
121 10 -3.289785476913485e-06
124 10 -7.075438847201578e-07
130 10 -3.551775967909674e-06
133 10 -6.756798592731009e-06
5 11 1.709873970126388e-07
11 11 3.035790736057754e-06
14 11 -9.839457960078053e-08
17 11 1.858767586263865e-07
20 11 -1.067536978635968e-07
35 11 2.588631457889954e-07
44 11 -4.405324983201784e-08
59 11 1.735426214259441e-06
62 11 -2.829693675134674e-08
65 11 -1.3914599882334e-07
68 11 -1.120635644039046e-06
104 11 -7.496975638585098e-06
110 11 -9.487402275858879e-07
113 11 -6.540038824490181e-07
119 11 -5.209413903266191e-08
122 11 -3.289785476913485e-06
125 11 -7.075438847201578e-07
131 11 -3.551775967909674e-06
134 11 -6.756798592731009e-06
6 12 1.709873970126388e-07
12 12 3.035790736057754e-06
15 12 -9.839457960078053e-08
18 12 1.858767586263865e-07
21 12 -1.067536978635968e-07
36 12 2.588631457889954e-07
45 12 -4.405324983201784e-08
60 12 1.735426214259441e-06
63 12 -2.829693675134674e-08
66 12 -1.3914599882334e-07
69 12 -1.120635644039046e-06
105 12 -7.496975638585098e-06
111 12 -9.487402275858879e-07
114 12 -6.540038824490181e-07
120 12 -5.209413903266191e-08
123 12 -3.289785476913485e-06
126 12 -7.075438847201578e-07
132 12 -3.551775967909674e-06
135 12 -6.756798592731009e-06
4 13 -9.821579575930239e-08
10 13 -9.839457960078053e-08
13 13 5.755469843572423e-08
34 13 -4.652740183337937e-08
43 13 2.245524481675917e-08
64 13 2.256203789064692e-08
103 13 3.999986929948801e-07
109 13 1.587060585140353e-07
112 13 3.989805943643692e-07
5 14 -9.821579575930239e-08
11 14 -9.839457960078053e-08
14 14 5.755469843572423e-08
35 14 -4.652740183337937e-08
44 14 2.245524481675917e-08
65 14 2.256203789064692e-08
104 14 3.999986929948801e-07
110 14 1.587060585140353e-07
113 14 3.989805943643692e-07
6 15 -9.821579575930239e-08
12 15 -9.839457960078053e-08
15 15 5.755469843572423e-08
36 15 -4.652740183337937e-08
45 15 2.245524481675917e-08
66 15 2.256203789064692e-08
105 15 3.999986929948801e-07
111 15 1.587060585140353e-07
114 15 3.989805943643692e-07
10 16 1.858767586263865e-07
16 16 3.356629993459141e-06
19 16 -1.070577442182768e-07
58 16 3.122735045085386e-07
67 16 -5.199548397146584e-08
118 16 -1.717469167043546e-07
124 16 -8.215814521163772e-06
130 16 -1.152026906585472e-06
133 16 -7.0668569570604e-07
139 16 2.045554454152125e-06
142 16 -4.011159270772869e-08
145 16 -1.367782776038568e-06
148 16 2.095270659984702e-07
151 16 -1.203447809416488e-07
154 16 -6.610897691107022e-08
157 16 -3.923696106571043e-06
160 16 -7.904609299873712e-07
166 16 -4.264672426693945e-06
169 16 -7.400897940780914e-06
11 17 1.858767586263865e-07
17 17 3.356629993459141e-06
20 17 -1.070577442182768e-07
59 17 3.122735045085386e-07
68 17 -5.199548397146584e-08
119 17 -1.717469167043546e-07
125 17 -8.215814521163772e-06
131 17 -1.152026906585472e-06
134 17 -7.0668569570604e-07
140 17 2.045554454152125e-06
143 17 -4.011159270772869e-08
146 17 -1.367782776038568e-06
149 17 2.095270659984702e-07
152 17 -1.203447809416488e-07
155 17 -6.610897691107022e-08
158 17 -3.923696106571043e-06
161 17 -7.904609299873712e-07
167 17 -4.264672426693945e-06
170 17 -7.400897940780914e-06
12 18 1.858767586263865e-07
18 18 3.356629993459141e-06
21 18 -1.070577442182768e-07
60 18 3.122735045085386e-07
69 18 -5.199548397146584e-08
120 18 -1.717469167043546e-07
126 18 -8.215814521163772e-06
132 18 -1.152026906585472e-06
135 18 -7.0668569570604e-07
141 18 2.045554454152125e-06
144 18 -4.011159270772869e-08
147 18 -1.367782776038568e-06
150 18 2.095270659984702e-07
153 18 -1.203447809416488e-07
156 18 -6.610897691107022e-08
159 18 -3.923696106571043e-06
162 18 -7.904609299873712e-07
168 18 -4.264672426693945e-06
171 18 -7.400897940780914e-06
10 19 -1.067536978635968e-07
16 19 -1.070577442182768e-07
19 19 6.260882595057905e-08
58 19 -5.405587140480734e-08
67 19 2.649805653791292e-08
118 19 2.669536666030512e-08
124 19 4.331894959979901e-07
130 19 1.856046542146336e-07
133 19 4.314731179697536e-07
11 20 -1.067536978635968e-07
17 20 -1.070577442182768e-07
20 20 6.260882595057905e-08
59 20 -5.405587140480734e-08
68 20 2.649805653791292e-08
119 20 2.669536666030512e-08
125 20 4.331894959979901e-07
131 20 1.856046542146336e-07
134 20 4.314731179697536e-07
12 21 -1.067536978635968e-07
18 21 -1.070577442182768e-07
21 21 6.260882595057905e-08
60 21 -5.405587140480734e-08
69 21 2.649805653791292e-08
120 21 2.669536666030512e-08
126 21 4.331894959979901e-07
132 21 1.856046542146336e-07
135 21 4.314731179697536e-07
1 22 -9.040697955630955e-08
22 22 5.291165140968342e-08
25 22 -9.0390009181737e-08
49 22 -3.998291463026908e-08
52 22 1.905241857129987e-08
55 22 1.904309853443463e-08
70 22 3.690507764865008e-07
76 22 1.355742639639558e-07
79 22 3.689533057346457e-07
2 23 -9.040697955630955e-08
23 23 5.291165140968342e-08
26 23 -9.0390009181737e-08
50 23 -3.998291463026908e-08
53 23 1.905241857129987e-08
56 23 1.904309853443463e-08
71 23 3.690507764865008e-07
77 23 1.355742639639558e-07
80 23 3.689533057346457e-07
3 24 -9.040697955630955e-08
24 24 5.291165140968342e-08
27 24 -9.0390009181737e-08
51 24 -3.998291463026908e-08
54 24 1.905241857129987e-08
57 24 1.904309853443463e-08
72 24 3.690507764865008e-07
78 24 1.355742639639558e-07
81 24 3.689533057346457e-07
1 25 1.57286737060668e-07
22 25 -9.0390009181737e-08
25 25 2.266754003507076e-06
49 25 1.305401218987251e-06
52 25 -3.733042663735873e-08
55 25 -8.195142335162241e-07
70 25 -6.050711303961679e-07
76 25 -2.763396105513537e-06
79 25 -5.968308344231648e-06
178 25 -2.31168202324298e-06
181 25 -4.937696675569019e-06
2 26 1.57286737060668e-07
23 26 -9.0390009181737e-08
26 26 2.266754003507076e-06
50 26 1.305401218987251e-06
53 26 -3.733042663735873e-08
56 26 -8.195142335162241e-07
71 26 -6.050711303961679e-07
77 26 -2.763396105513537e-06
80 26 -5.968308344231648e-06
179 26 -2.31168202324298e-06
182 26 -4.937696675569019e-06
3 27 1.57286737060668e-07
24 27 -9.0390009181737e-08
27 27 2.266754003507076e-06
51 27 1.305401218987251e-06
54 27 -3.733042663735873e-08
57 27 -8.195142335162241e-07
72 27 -6.050711303961679e-07
78 27 -2.763396105513537e-06
81 27 -5.968308344231648e-06
180 27 -2.31168202324298e-06
183 27 -4.937696675569019e-06
1 28 1.439015193449417e-06
4 28 2.288654520070834e-07
7 28 -4.216426631062597e-08
28 28 7.961897934454468e-06
31 28 -7.630402422588799e-07
34 28 3.33942830741968e-07
37 28 -1.347407693238516e-07
40 28 -1.002607118723411e-07
43 28 -2.394174206798197e-08
46 28 -1.0619368741946e-07
49 28 2.700051695633818e-07
52 28 -2.112243855666239e-08
70 28 -2.947329578013483e-06
76 28 -9.027604496773738e-07
82 28 -1.203936167100097e-05
85 28 -8.973054218042524e-07
91 28 -1.734796378383509e-05
94 28 -3.117441892847556e-06
100 28 -1.082474649014651e-06
187 28 2.82703669271477e-10
190 28 -1.918888577018964e-11
199 28 -5.141197110261046e-13
205 28 -1.815529513681435e-17
208 28 7.72262454621738e-15
211 28 -1.074222802721529e-16
214 28 -2.930513069739376e-17
217 28 -5.599146507489721e-06
223 28 -3.081587619494897e-14
226 28 -1.652184384621426e-07
229 28 -2.037623860493925e-10
235 28 -2.451071512793871e-07
241 28 -9.227186924678976e-10
244 28 -2.114319536910263e-06
2 29 1.439015193449417e-06
5 29 2.288654520070834e-07
8 29 -4.216426631062597e-08
29 29 7.961897934454468e-06
32 29 -7.630402422588799e-07
35 29 3.33942830741968e-07
38 29 -1.347407693238516e-07
41 29 -1.002607118723411e-07
44 29 -2.394174206798197e-08
47 29 -1.0619368741946e-07
50 29 2.700051695633818e-07
53 29 -2.112243855666239e-08
71 29 -2.947329578013483e-06
77 29 -9.027604496773738e-07
83 29 -1.203936167100097e-05
86 29 -8.973054218042524e-07
92 29 -1.734796378383509e-05
95 29 -3.117441892847556e-06
101 29 -1.082474649014651e-06
188 29 2.82703669271477e-10
191 29 -1.918888577018964e-11
200 29 -5.141197110261046e-13
206 29 -1.815529513681435e-17
209 29 7.72262454621738e-15
212 29 -1.074222802721529e-16
215 29 -2.930513069739376e-17
218 29 -5.599146507489721e-06
224 29 -3.081587619494897e-14
227 29 -1.652184384621426e-07
230 29 -2.037623860493925e-10
236 29 -2.451071512793871e-07
242 29 -9.227186924678976e-10
245 29 -2.114319536910263e-06
3 30 1.439015193449417e-06
6 30 2.288654520070834e-07
9 30 -4.216426631062597e-08
30 30 7.961897934454468e-06
33 30 -7.630402422588799e-07
36 30 3.33942830741968e-07
39 30 -1.347407693238516e-07
42 30 -1.002607118723411e-07
45 30 -2.394174206798197e-08
48 30 -1.0619368741946e-07
51 30 2.700051695633818e-07
54 30 -2.112243855666239e-08
72 30 -2.947329578013483e-06
78 30 -9.027604496773738e-07
84 30 -1.203936167100097e-05
87 30 -8.973054218042524e-07
93 30 -1.734796378383509e-05
96 30 -3.117441892847556e-06
102 30 -1.082474649014651e-06
189 30 2.82703669271477e-10
192 30 -1.918888577018964e-11
201 30 -5.141197110261046e-13
207 30 -1.815529513681435e-17
210 30 7.72262454621738e-15
213 30 -1.074222802721529e-16
216 30 -2.930513069739376e-17
219 30 -5.599146507489721e-06
225 30 -3.081587619494897e-14
228 30 -1.652184384621426e-07
231 30 -2.037623860493925e-10
237 30 -2.451071512793871e-07
243 30 -9.227186924678976e-10
246 30 -2.114319536910263e-06
1 31 -8.986356460067062e-07
4 31 -3.954745014121013e-08
7 31 2.016662369444045e-08
28 31 -7.630402422588799e-07
31 31  4.6894248189957e-07
40 31 1.498358633200585e-08
46 31 7.329616965944322e-09
49 31 -2.114784571449487e-08
52 31 1.006294684943049e-08
70 31 1.966711640633781e-06
76 31 7.447762169288404e-08
82 31 1.498715126411282e-06
85 31 1.43256809209232e-07
91 31 1.588687164864209e-06
94 31 2.070405369214831e-06
2 32 -8.986356460067062e-07
5 32 -3.954745014121013e-08
8 32 2.016662369444045e-08
29 32 -7.630402422588799e-07
32 32  4.6894248189957e-07
41 32 1.498358633200585e-08
47 32 7.329616965944322e-09
50 32 -2.114784571449487e-08
53 32 1.006294684943049e-08
71 32 1.966711640633781e-06
77 32 7.447762169288404e-08
83 32 1.498715126411282e-06
86 32 1.43256809209232e-07
92 32 1.588687164864209e-06
95 32 2.070405369214831e-06
3 33 -8.986356460067062e-07
6 33 -3.954745014121013e-08
9 33 2.016662369444045e-08
30 33 -7.630402422588799e-07
33 33  4.6894248189957e-07
42 33 1.498358633200585e-08
48 33 7.329616965944322e-09
51 33 -2.114784571449487e-08
54 33 1.006294684943049e-08
72 33 1.966711640633781e-06
78 33 7.447762169288404e-08
84 33 1.498715126411282e-06
87 33 1.43256809209232e-07
93 33 1.588687164864209e-06
96 33 2.070405369214831e-06
4 34 1.546429032767788e-06
10 34 2.588631457889954e-07
13 34 -4.652740183337937e-08
28 34 3.33942830741968e-07
34 34 1.014115541900063e-05
37 34 -1.364653865098022e-07
40 34 -2.388826241429512e-08
43 34 -8.525287015396906e-07
58 34 5.006891476859776e-07
61 34 -2.155962418315681e-07
64 34 -1.192724309701387e-07
67 34 -2.986360773758016e-08
85 34 -3.139377797639344e-06
91 34 -1.078699615690619e-06
100 34 -1.377420233220481e-05
103 34 -1.008187956193508e-06
109 34 -2.141686102551977e-05
112 34 -3.347258835129898e-06
121 34 -1.49549092290353e-06
187 34 2.695893831123452e-11
190 34 -5.132444039390122e-13
193 34 1.218327674638083e-08
196 34 -3.569404540099811e-13
199 34 -1.958699175551565e-12
202 34 -1.965074556395927e-09
235 34 -8.358029194929081e-06
241 34 -1.064988017544703e-10
244 34 -2.441124613940445e-07
256 34 -8.151463076316913e-11
259 34 -1.303857117068436e-08
262 34 -5.072287618256764e-07
268 34 -3.532902545611873e-08
271 34 -4.281780682189957e-06
5 35 1.546429032767788e-06
11 35 2.588631457889954e-07
14 35 -4.652740183337937e-08
29 35 3.33942830741968e-07
35 35 1.014115541900063e-05
38 35 -1.364653865098022e-07
41 35 -2.388826241429512e-08
44 35 -8.525287015396906e-07
59 35 5.006891476859776e-07
62 35 -2.155962418315681e-07
65 35 -1.192724309701387e-07
68 35 -2.986360773758016e-08
86 35 -3.139377797639344e-06
92 35 -1.078699615690619e-06
101 35 -1.377420233220481e-05
104 35 -1.008187956193508e-06
110 35 -2.141686102551977e-05
113 35 -3.347258835129898e-06
122 35 -1.49549092290353e-06
188 35 2.695893831123452e-11
191 35 -5.132444039390122e-13
194 35 1.218327674638083e-08
197 35 -3.569404540099811e-13
200 35 -1.958699175551565e-12
203 35 -1.965074556395927e-09
236 35 -8.358029194929081e-06
242 35 -1.064988017544703e-10
245 35 -2.441124613940445e-07
257 35 -8.151463076316913e-11
260 35 -1.303857117068436e-08
263 35 -5.072287618256764e-07
269 35 -3.532902545611873e-08
272 35 -4.281780682189957e-06
6 36 1.546429032767788e-06
12 36 2.588631457889954e-07
15 36 -4.652740183337937e-08
30 36 3.33942830741968e-07
36 36 1.014115541900063e-05
39 36 -1.364653865098022e-07
42 36 -2.388826241429512e-08
45 36 -8.525287015396906e-07
60 36 5.006891476859776e-07
63 36 -2.155962418315681e-07
66 36 -1.192724309701387e-07
69 36 -2.986360773758016e-08
87 36 -3.139377797639344e-06
93 36 -1.078699615690619e-06
102 36 -1.377420233220481e-05
105 36 -1.008187956193508e-06
111 36 -2.141686102551977e-05
114 36 -3.347258835129898e-06
123 36 -1.49549092290353e-06
189 36 2.695893831123452e-11
192 36 -5.132444039390122e-13
195 36 1.218327674638083e-08
198 36 -3.569404540099811e-13
201 36 -1.958699175551565e-12
204 36 -1.965074556395927e-09
237 36 -8.358029194929081e-06
243 36 -1.064988017544703e-10
246 36 -2.441124613940445e-07
258 36 -8.151463076316913e-11
261 36 -1.303857117068436e-08
264 36 -5.072287618256764e-07
270 36 -3.532902545611873e-08
273 36 -4.281780682189957e-06
4 37 -2.247275016152967e-08
28 37 -1.347407693238516e-07
34 37 -1.364653865098022e-07
37 37 5.327967093569665e-08
40 37 8.525591417801822e-09
43 37 8.632550725175541e-09
85 37 8.419643373384779e-08
91 37 4.698996035059159e-07
100 37 4.774496701539773e-07
187 37 -5.173052039487945e-13
190 37 3.067782730558705e-14
199 37 3.242844147977303e-14
235 37 8.783552538743008e-08
241 37 2.030421388470027e-12
244 37 8.584614561674448e-08
5 38 -2.247275016152967e-08
29 38 -1.347407693238516e-07
35 38 -1.364653865098022e-07
38 38 5.327967093569665e-08
41 38 8.525591417801822e-09
44 38 8.632550725175541e-09
86 38 8.419643373384779e-08
92 38 4.698996035059159e-07
101 38 4.774496701539773e-07
188 38 -5.173052039487945e-13
191 38 3.067782730558705e-14
200 38 3.242844147977303e-14
236 38 8.783552538743008e-08
242 38 2.030421388470027e-12
245 38 8.584614561674448e-08
6 39 -2.247275016152967e-08
30 39 -1.347407693238516e-07
36 39 -1.364653865098022e-07
39 39 5.327967093569665e-08
42 39 8.525591417801822e-09
45 39 8.632550725175541e-09
87 39 8.419643373384779e-08
93 39 4.698996035059159e-07
102 39 4.774496701539773e-07
189 39 -5.173052039487945e-13
192 39 3.067782730558705e-14
201 39 3.242844147977303e-14
237 39 8.783552538743008e-08
243 39 2.030421388470027e-12
246 39 8.584614561674448e-08
1 40 -3.957274762940869e-08
4 40 -1.213103254297906e-07
7 40 2.02172186708375e-08
28 40 -1.002607118723411e-07
31 40 1.498358633200585e-08
34 40 -2.388826241429512e-08
37 40 8.525591417801822e-09
40 40 5.275041715610911e-08
43 40 1.146357523070642e-08
85 40 5.073605250117738e-07
91 40 3.83544108173106e-07
94 40 1.43256809209232e-07
100 40 8.41964337338478e-08
2 41 -3.957274762940869e-08
5 41 -1.213103254297906e-07
8 41 2.02172186708375e-08
29 41 -1.002607118723411e-07
32 41 1.498358633200585e-08
35 41 -2.388826241429512e-08
38 41 8.525591417801822e-09
41 41 5.275041715610911e-08
44 41 1.146357523070642e-08
86 41 5.073605250117738e-07
92 41 3.83544108173106e-07
95 41 1.43256809209232e-07
101 41 8.41964337338478e-08
3 42 -3.957274762940869e-08
6 42 -1.213103254297906e-07
9 42 2.02172186708375e-08
30 42 -1.002607118723411e-07
33 42 1.498358633200585e-08
36 42 -2.388826241429512e-08
39 42 8.525591417801822e-09
42 42 5.275041715610911e-08
45 42 1.146357523070642e-08
87 42 5.073605250117738e-07
93 42 3.83544108173106e-07
96 42 1.43256809209232e-07
102 42 8.41964337338478e-08
4 43 -9.775306500111503e-07
10 43 -4.405324983201784e-08
13 43 2.245524481675917e-08
28 43 -2.394174206798197e-08
34 43 -8.525287015396906e-07
37 43 8.632550725175541e-09
40 43 1.146357523070642e-08
43 43 5.321206977649335e-07
64 43 1.761373388792391e-08
85 43 2.117654728876464e-06
91 43 8.41964337338478e-08
100 43 1.672414247792404e-06
103 43 1.587060585140354e-07
109 43 1.802494970509026e-06
112 43 2.251217486069282e-06
5 44 -9.775306500111503e-07
11 44 -4.405324983201784e-08
14 44 2.245524481675917e-08
29 44 -2.394174206798197e-08
35 44 -8.525287015396906e-07
38 44 8.632550725175541e-09
41 44 1.146357523070642e-08
44 44 5.321206977649335e-07
65 44 1.761373388792391e-08
86 44 2.117654728876464e-06
92 44 8.41964337338478e-08
101 44 1.672414247792404e-06
104 44 1.587060585140354e-07
110 44 1.802494970509026e-06
113 44 2.251217486069282e-06
6 45 -9.775306500111503e-07
12 45 -4.405324983201784e-08
15 45 2.245524481675917e-08
30 45 -2.394174206798197e-08
36 45 -8.525287015396906e-07
39 45 8.632550725175541e-09
42 45 1.146357523070642e-08
45 45 5.321206977649335e-07
66 45 1.761373388792391e-08
87 45 2.117654728876464e-06
93 45 8.41964337338478e-08
102 45 1.672414247792404e-06
105 45 1.587060585140354e-07
111 45 1.802494970509026e-06
114 45 2.251217486069282e-06
1 46 -1.975577361491933e-08
28 46 -1.0619368741946e-07
31 46 7.329616965944322e-09
46 46 3.997834432779175e-08
49 46 -1.055234613835696e-07
52 46 7.278802650279386e-09
70 46 7.447762169288404e-08
76 46 3.779166296332558e-07
82 46 3.809538055850829e-07
208 46 -2.934982088097714e-17
211 46 3.503745399315744e-19
214 46 3.406170010595843e-19
217 46 5.701326727596481e-08
223 46 1.16969286155682e-16
226 46 5.640016226609496e-08
2 47 -1.975577361491933e-08
29 47 -1.0619368741946e-07
32 47 7.329616965944322e-09
47 47 3.997834432779175e-08
50 47 -1.055234613835696e-07
53 47 7.278802650279386e-09
71 47 7.447762169288404e-08
77 47 3.779166296332558e-07
83 47 3.809538055850829e-07
209 47 -2.934982088097714e-17
212 47 3.503745399315744e-19
215 47 3.406170010595843e-19
218 47 5.701326727596481e-08
224 47 1.16969286155682e-16
227 47 5.640016226609496e-08
3 48 -1.975577361491933e-08
30 48 -1.0619368741946e-07
33 48 7.329616965944322e-09
48 48 3.997834432779175e-08
51 48 -1.055234613835696e-07
54 48 7.278802650279386e-09
72 48 7.447762169288404e-08
78 48 3.779166296332558e-07
84 48 3.809538055850829e-07
210 48 -2.934982088097714e-17
213 48 3.503745399315744e-19
216 48 3.406170010595843e-19
219 48 5.701326727596481e-08
225 48 1.16969286155682e-16
228 48 5.640016226609496e-08
1 49 2.139128671539813e-07
22 49 -3.998291463026908e-08
25 49 1.305401218987251e-06
28 49 2.700051695633818e-07
31 49 -2.114784571449487e-08
46 49 -1.055234613835696e-07
49 49 6.725302580189504e-06
52 49 -9.116868934985613e-08
55 49 -6.886474752266173e-07
70 49 -8.414861352415253e-07
76 49 -1.558607557620574e-05
79 49 -3.010555859948797e-06
82 49 -9.042790376532875e-07
178 49 -9.876403702678689e-06
181 49 -2.523383845954451e-06
208 49 1.615776269734068e-13
211 49 -2.931000946682964e-17
214 49 -2.162235572485812e-15
217 49 -1.655249909670773e-07
223 49 -6.027670311664607e-13
226 49 -1.426045953523115e-06
283 49 -2.371981210819566e-06
286 49 -4.301260608792207e-14
289 49 -4.43232397943426e-06
292 49 3.707416201322684e-06
2 50 2.139128671539813e-07
23 50 -3.998291463026908e-08
26 50 1.305401218987251e-06
29 50 2.700051695633818e-07
32 50 -2.114784571449487e-08
47 50 -1.055234613835696e-07
50 50 6.725302580189504e-06
53 50 -9.116868934985613e-08
56 50 -6.886474752266173e-07
71 50 -8.414861352415253e-07
77 50 -1.558607557620574e-05
80 50 -3.010555859948797e-06
83 50 -9.042790376532875e-07
179 50 -9.876403702678689e-06
182 50 -2.523383845954451e-06
209 50 1.615776269734068e-13
212 50 -2.931000946682964e-17
215 50 -2.162235572485812e-15
218 50 -1.655249909670773e-07
224 50 -6.027670311664607e-13
227 50 -1.426045953523115e-06
284 50 -2.371981210819566e-06
287 50 -4.301260608792207e-14
290 50 -4.43232397943426e-06
293 50 3.707416201322684e-06
3 51 2.139128671539813e-07
24 51 -3.998291463026908e-08
27 51 1.305401218987251e-06
30 51 2.700051695633818e-07
33 51 -2.114784571449487e-08
48 51 -1.055234613835696e-07
51 51 6.725302580189504e-06
54 51 -9.116868934985613e-08
57 51 -6.886474752266173e-07
72 51 -8.414861352415253e-07
78 51 -1.558607557620574e-05
81 51 -3.010555859948797e-06
84 51 -9.042790376532875e-07
180 51 -9.876403702678689e-06
183 51 -2.523383845954451e-06
210 51 1.615776269734068e-13
213 51 -2.931000946682964e-17
216 51 -2.162235572485812e-15
219 51 -1.655249909670773e-07
225 51 -6.027670311664607e-13
228 51 -1.426045953523115e-06
285 51 -2.371981210819566e-06
288 51 -4.301260608792207e-14
291 51 -4.43232397943426e-06
294 51 3.707416201322684e-06
1 52 -1.125268305092694e-07
22 52 1.905241857129987e-08
25 52 -3.733042663735873e-08
28 52 -2.112243855666239e-08
31 52 1.006294684943049e-08
46 52 7.278802650279386e-09
49 52 -9.116868934985613e-08
52 52 4.749258866810112e-08
55 52 1.373812254861383e-08
70 52 4.722065282382496e-07
76 52  3.4765735224524e-07
79 52 1.355742639639558e-07
82 52 7.447762169288404e-08
2 53 -1.125268305092694e-07
23 53 1.905241857129987e-08
26 53 -3.733042663735873e-08
29 53 -2.112243855666239e-08
32 53 1.006294684943049e-08
47 53 7.278802650279386e-09
50 53 -9.116868934985613e-08
53 53 4.749258866810112e-08
56 53 1.373812254861383e-08
71 53 4.722065282382496e-07
77 53  3.4765735224524e-07
80 53 1.355742639639558e-07
83 53 7.447762169288404e-08
3 54 -1.125268305092694e-07
24 54 1.905241857129987e-08
27 54 -3.733042663735873e-08
30 54 -2.112243855666239e-08
33 54 1.006294684943049e-08
48 54 7.278802650279386e-09
51 54 -9.116868934985613e-08
54 54 4.749258866810112e-08
57 54 1.373812254861383e-08
72 54 4.722065282382496e-07
78 54  3.4765735224524e-07
81 54 1.355742639639558e-07
84 54 7.447762169288404e-08
1 55 -3.732576661892606e-08
22 55 1.904309853443463e-08
25 55 -8.195142335162241e-07
49 55 -6.886474752266173e-07
52 55 1.373812254861383e-08
55 55 4.238971103704041e-07
70 55 1.355742639639558e-07
76 55 1.494069416683622e-06
79 55 1.988388925554147e-06
178 55 1.290123237143181e-06
181 55 1.713526882566125e-06
2 56 -3.732576661892606e-08
23 56 1.904309853443463e-08
26 56 -8.195142335162241e-07
50 56 -6.886474752266173e-07
53 56 1.373812254861383e-08
56 56 4.238971103704041e-07
71 56 1.355742639639558e-07
77 56 1.494069416683622e-06
80 56 1.988388925554147e-06
179 56 1.290123237143181e-06
182 56 1.713526882566125e-06
3 57 -3.732576661892606e-08
24 57 1.904309853443463e-08
27 57 -8.195142335162241e-07
51 57 -6.886474752266173e-07
54 57 1.373812254861383e-08
57 57 4.238971103704041e-07
72 57 1.355742639639558e-07
78 57 1.494069416683622e-06
81 57 1.988388925554147e-06
180 57 1.290123237143181e-06
183 57 1.713526882566125e-06
10 58 1.735426214259441e-06
16 58 3.122735045085386e-07
19 58 -5.405587140480734e-08
34 58 5.006891476859776e-07
58 58 1.472694478137982e-05
61 58 -2.203152386692857e-07
64 58 -2.975330532024046e-08
67 58 -1.018251466062768e-06
103 58 -3.484343121883985e-06
109 58 -1.486060867085861e-06
118 58 -1.552964505564345e-07
121 58 -1.708549040319234e-05
124 58 -1.202665257134867e-06
130 58 -2.898896916888397e-05
133 58 -3.737268156293752e-06
139 58 9.37189484770287e-07
142 58 -4.639454396237226e-07
145 58 -4.167632544246339e-08
157 58 -2.40191979882257e-06
193 58 1.844841817581442e-09
202 58 -8.101980987445597e-11
256 58 -3.218667881318583e-10
262 58 -1.509072021077042e-05
268 58 -7.167655096164796e-09
271 58 -5.032054280812493e-07
301 58 1.500824647184446e-07
304 58 -6.598396503478161e-11
307 58 -4.554017966385792e-08
310 58 -2.738126777729527e-09
313 58 -1.94151335637047e-07
316 58 -1.385615771348548e-06
322 58 -4.006658760049077e-07
325 58 -1.011173518931102e-05
11 59 1.735426214259441e-06
17 59 3.122735045085386e-07
20 59 -5.405587140480734e-08
35 59 5.006891476859776e-07
59 59 1.472694478137982e-05
62 59 -2.203152386692857e-07
65 59 -2.975330532024046e-08
68 59 -1.018251466062768e-06
104 59 -3.484343121883985e-06
110 59 -1.486060867085861e-06
119 59 -1.552964505564345e-07
122 59 -1.708549040319234e-05
125 59 -1.202665257134867e-06
131 59 -2.898896916888397e-05
134 59 -3.737268156293752e-06
140 59 9.37189484770287e-07
143 59 -4.639454396237226e-07
146 59 -4.167632544246339e-08
158 59 -2.40191979882257e-06
194 59 1.844841817581442e-09
203 59 -8.101980987445597e-11
257 59 -3.218667881318583e-10
263 59 -1.509072021077042e-05
269 59 -7.167655096164796e-09
272 59 -5.032054280812493e-07
302 59 1.500824647184446e-07
305 59 -6.598396503478161e-11
308 59 -4.554017966385792e-08
311 59 -2.738126777729527e-09
314 59 -1.94151335637047e-07
317 59 -1.385615771348548e-06
323 59 -4.006658760049077e-07
326 59 -1.011173518931102e-05
12 60 1.735426214259441e-06
18 60 3.122735045085386e-07
21 60 -5.405587140480734e-08
36 60 5.006891476859776e-07
60 60 1.472694478137982e-05
63 60 -2.203152386692857e-07
66 60 -2.975330532024046e-08
69 60 -1.018251466062768e-06
105 60 -3.484343121883985e-06
111 60 -1.486060867085861e-06
120 60 -1.552964505564345e-07
123 60 -1.708549040319234e-05
126 60 -1.202665257134867e-06
132 60 -2.898896916888397e-05
135 60 -3.737268156293752e-06
141 60 9.37189484770287e-07
144 60 -4.639454396237226e-07
147 60 -4.167632544246339e-08
159 60 -2.40191979882257e-06
195 60 1.844841817581442e-09
204 60 -8.101980987445597e-11
258 60 -3.218667881318583e-10
264 60 -1.509072021077042e-05
270 60 -7.167655096164796e-09
273 60 -5.032054280812493e-07
303 60 1.500824647184446e-07
306 60 -6.598396503478161e-11
309 60 -4.554017966385792e-08
312 60 -2.738126777729527e-09
315 60 -1.94151335637047e-07
318 60 -1.385615771348548e-06
324 60 -4.006658760049077e-07
327 60 -1.011173518931102e-05
10 61 -2.829693675134674e-08
34 61 -2.155962418315681e-07
58 61 -2.203152386692857e-07
61 61 9.224672964265998e-08
64 61 1.132985738461218e-08
67 61 1.155046221929156e-08
103 61 1.047706267585622e-07
109 61 7.012894656969536e-07
121 61 7.20149577332294e-07
193 61 -8.247427865893307e-11
202 61 1.153998206562325e-11
256 61 1.252962384304969e-11
262 61 1.999268245335697e-07
268 61 3.154481950011547e-10
271 61 1.918801570447107e-07
11 62 -2.829693675134674e-08
35 62 -2.155962418315681e-07
59 62 -2.203152386692857e-07
62 62 9.224672964265998e-08
65 62 1.132985738461218e-08
68 62 1.155046221929156e-08
104 62 1.047706267585622e-07
110 62 7.012894656969536e-07
122 62 7.20149577332294e-07
194 62 -8.247427865893307e-11
203 62 1.153998206562325e-11
257 62 1.252962384304969e-11
263 62 1.999268245335697e-07
269 62 3.154481950011547e-10
272 62 1.918801570447107e-07
12 63 -2.829693675134674e-08
36 63 -2.155962418315681e-07
60 63 -2.203152386692857e-07
63 63 9.224672964265998e-08
66 63 1.132985738461218e-08
69 63 1.155046221929156e-08
105 63 1.047706267585622e-07
111 63 7.012894656969536e-07
123 63 7.20149577332294e-07
195 63 -8.247427865893307e-11
204 63 1.153998206562325e-11
258 63 1.252962384304969e-11
264 63 1.999268245335697e-07
270 63 3.154481950011547e-10
273 63 1.918801570447107e-07
4 64 -4.410664636896171e-08
10 64 -1.3914599882334e-07
13 64 2.256203789064692e-08
34 64 -1.192724309701387e-07
43 64 1.761373388792391e-08
58 64 -2.975330532024046e-08
61 64 1.132985738461218e-08
64 64 6.39128309199497e-08
67 64  1.4463199357079e-08
103 64 5.780643875562026e-07
109 64 4.59168930340962e-07
112 64 1.587060585140353e-07
121 64 1.047706267585622e-07
5 65 -4.410664636896171e-08
11 65 -1.3914599882334e-07
14 65 2.256203789064692e-08
35 65 -1.192724309701387e-07
44 65 1.761373388792391e-08
59 65 -2.975330532024046e-08
62 65 1.132985738461218e-08
65 65 6.39128309199497e-08
68 65  1.4463199357079e-08
104 65 5.780643875562026e-07
110 65 4.59168930340962e-07
113 65 1.587060585140353e-07
122 65 1.047706267585622e-07
6 66 -4.410664636896171e-08
12 66 -1.3914599882334e-07
15 66 2.256203789064692e-08
36 66 -1.192724309701387e-07
45 66 1.761373388792391e-08
60 66 -2.975330532024046e-08
63 66 1.132985738461218e-08
66 66 6.39128309199497e-08
69 66  1.4463199357079e-08
105 66 5.780643875562026e-07
111 66 4.59168930340962e-07
114 66 1.587060585140353e-07
123 66 1.047706267585622e-07
10 67 -1.120635644039046e-06
16 67 -5.199548397146584e-08
19 67 2.649805653791292e-08
34 67 -2.986360773758016e-08
58 67 -1.018251466062768e-06
61 67 1.155046221929156e-08
64 67  1.4463199357079e-08
67 67 6.53197071574088e-07
103 67 2.395381295875864e-06
109 67 1.047706267585622e-07
118 67 2.257459179362213e-08
121 67 2.006266005934887e-06
124 67 1.856046542146336e-07
130 67 2.197878487394663e-06
133 67 2.568862864162825e-06
11 68 -1.120635644039046e-06
17 68 -5.199548397146584e-08
20 68 2.649805653791292e-08
35 68 -2.986360773758016e-08
59 68 -1.018251466062768e-06
62 68 1.155046221929156e-08
65 68  1.4463199357079e-08
68 68 6.53197071574088e-07
104 68 2.395381295875864e-06
110 68 1.047706267585622e-07
119 68 2.257459179362213e-08
122 68 2.006266005934887e-06
125 68 1.856046542146336e-07
131 68 2.197878487394663e-06
134 68 2.568862864162825e-06
12 69 -1.120635644039046e-06
18 69 -5.199548397146584e-08
21 69 2.649805653791292e-08
36 69 -2.986360773758016e-08
60 69 -1.018251466062768e-06
63 69 1.155046221929156e-08
66 69  1.4463199357079e-08
69 69 6.53197071574088e-07
105 69 2.395381295875864e-06
111 69 1.047706267585622e-07
120 69 2.257459179362213e-08
123 69 2.006266005934887e-06
126 69 1.856046542146336e-07
132 69 2.197878487394663e-06
135 69 2.568862864162825e-06
1 70 -6.79599737888838e-06
22 70 3.690507764865008e-07
25 70 -6.050711303961679e-07
28 70 -2.947329578013483e-06
31 70 1.966711640633781e-06
46 70 7.447762169288404e-08
49 70 -8.414861352415253e-07
52 70 4.722065282382496e-07
55 70 1.355742639639558e-07
70 70 2.481651868824809e-05
76 70 3.031343479316251e-06
79 70 2.28461278686886e-06
82 70 7.919363092704523e-06
91 70 3.327481083433987e-06
94 70 8.420974730861027e-06
2 71 -6.79599737888838e-06
23 71 3.690507764865008e-07
26 71 -6.050711303961679e-07
29 71 -2.947329578013483e-06
32 71 1.966711640633781e-06
47 71 7.447762169288404e-08
50 71 -8.414861352415253e-07
53 71 4.722065282382496e-07
56 71 1.355742639639558e-07
71 71 2.481651868824809e-05
77 71 3.031343479316251e-06
80 71 2.28461278686886e-06
83 71 7.919363092704523e-06
92 71 3.327481083433987e-06
95 71 8.420974730861027e-06
3 72 -6.79599737888838e-06
24 72 3.690507764865008e-07
27 72 -6.050711303961679e-07
30 72 -2.947329578013483e-06
33 72 1.966711640633781e-06
48 72 7.447762169288404e-08
51 72 -8.414861352415253e-07
54 72 4.722065282382496e-07
57 72 1.355742639639558e-07
72 72 2.481651868824809e-05
78 72 3.031343479316251e-06
81 72 2.28461278686886e-06
84 72 7.919363092704523e-06
93 72 3.327481083433987e-06
96 72 8.420974730861027e-06
73 73   0.2200048238650453
74 73  -0.0179121023506741
75 73 -2.499070818555212e-06
88 73 0.003888503966674286
89 73 -0.001118970706097105
97 73 -0.04825648391591619
98 73   0.0172519925242703
175 73 -0.02234976515688122
176 73 0.002635396560454216
177 73 1.828529209356821e-10
184 73 0.004065802822289273
185 73 -0.0008608695297799385
186 73 -1.491576530488354e-08
220 73   0.0413193556487892
221 73 -0.008071078972567867
222 73 -0.01224435657809274
232 73  -0.1578563131586396
233 73   0.0260434347986697
234 73  0.02011034290419102
250 73  0.02609742804978728
251 73 -0.01625666034166382
252 73 -0.008078640611653115
295 73 -0.04295867806461525
296 73 -0.008035603799399752
297 73 0.005408652430317519
298 73 0.007617179970165162
299 73 -0.001974423242600635
300 73 5.981258160920936e-08
337 73 -1.680111151866367e-09
339 73 -1.222069581985725e-08
340 73 -1.025168438223653e-06
342 73 1.515163952007277e-06
343 73 3.429762229919105e-06
344 73 5.296777730877725e-09
345 73 -5.054686600019248e-06
346 73 2.346318794661271e-10
347 73 -4.563014944046661e-11
348 73 4.563014944046662e-11
349 73 6.794497926553694e-07
350 73 -5.251147581437259e-09
351 73 -1.004296437502315e-06
73 74  -0.0179121023506741
74 74   0.2325386873429149
75 74 -0.02697548141810452
88 74 -0.0007459804707314043
89 74  0.01360976388335994
90 74 -0.003142523495942882
97 74  0.01598946202265412
98 74 -0.08940088927717323
99 74   0.0252769010459514
175 74 0.003953094840681345
176 74 -0.07822417757657961
177 74 0.009693924171465352
184 74 -0.001291304294669903
185 74  0.01423030987801247
186 74 -0.004807385022998694
220 74 -0.007553624886344738
221 74  0.01180553018536835
222 74 0.003910883615387678
232 74  0.02550589622063732
233 74 -0.06839706590161157
234 74 -0.003787577523109495
250 74 -0.01532590723424979
251 74  0.03075119358685727
252 74 0.008078640611653113
295 74 -0.007553232999978341
296 74 -0.03676015060987095
297 74 0.003953231137180103
298 74 -0.002961634863900962
299 74  0.02666012989557813
300 74 -0.008464194809427523
338 74 6.957726110261241e-09
339 74 -1.602040078023563e-10
341 74 -1.025168438223653e-06
342 74 2.258870532820311e-08
343 74 3.56921027845221e-09
344 74 3.429762229919105e-06
345 74 -9.350314006314396e-08
346 74 -6.844522416069995e-11
347 74 3.487072530672932e-10
348 74 -3.291327444789573e-10
349 74 -3.50076505429151e-09
350 74 6.706978800196405e-07
351 74 3.50076505429151e-09
73 75 -2.499070818555212e-06
74 75 -0.02697548141810452
75 75   0.3281332841242446
89 75 -0.004713785243914308
90 75 0.003888503966674286
98 75  0.02846185164835984
99 75 -0.05369908273762914
175 75 2.742793814035231e-10
176 75 0.006462616119434088
177 75 -0.02234976562938555
184 75 -2.237364795732531e-08
185 75 -0.003204910918861379
186 75 0.004065802822289273
220 75 -0.008162615707935569
221 75 0.002606967066132262
222 75  0.01180553018536835
232 75  0.01340743961560743
233 75 -0.00252504003062386
234 75 -0.05028056733790719
250 75 -0.00538576040776876
251 75 0.005385760407768758
252 75  0.01263302703036544
295 75 0.003608576268373038
296 75 0.002635525774657029
297 75 -0.01772577509003277
298 75 8.971887241381397e-08
299 75 -0.005642846540937815
300 75 0.007617179970165162
337 75 -5.229826334661907e-09
338 75 -6.877754733451543e-11
339 75 3.361729320284836e-08
340 75 1.010109301338185e-06
341 75 1.505913688546873e-08
342 75 -3.588089533782792e-06
343 75 -3.36982909180403e-06
344 75 -6.525273092067221e-08
345 75 1.200416780471687e-05
346 75 6.844522416069995e-11
347 75 -2.574469541863606e-10
348 75 7.071362045302776e-10
349 75 -6.724482625467868e-07
350 75 5.251147581437259e-09
351 75 2.338690667433015e-06
1 76 -7.792115472450205e-07
22 76 1.355742639639558e-07
25 76 -2.763396105513537e-06
28 76 -9.027604496773738e-07
31 76 7.447762169288404e-08
46 76 3.779166296332558e-07
49 76 -1.558607557620574e-05
52 76  3.4765735224524e-07
55 76 1.494069416683622e-06
70 76 3.031343479316251e-06
76 76 4.773969947977056e-05
79 76 8.185622669166674e-06
82 76 3.100955062349941e-06
178 76 1.398110629438812e-05
181 76 3.226706997794004e-06
217 76 4.386462906185051e-07
226 76 3.54152440273988e-06
283 76 3.982568597706771e-06
289 76 7.991993863937011e-06
292 76 -8.158651665929812e-06
2 77 -7.792115472450205e-07
23 77 1.355742639639558e-07
26 77 -2.763396105513537e-06
29 77 -9.027604496773738e-07
32 77 7.447762169288404e-08
47 77 3.779166296332558e-07
50 77 -1.558607557620574e-05
53 77  3.4765735224524e-07
56 77 1.494069416683622e-06
71 77 3.031343479316251e-06
77 77 4.773969947977056e-05
80 77 8.185622669166674e-06
83 77 3.100955062349941e-06
179 77 1.398110629438812e-05
182 77 3.226706997794004e-06
218 77 4.386462906185051e-07
227 77 3.54152440273988e-06
284 77 3.982568597706771e-06
290 77 7.991993863937011e-06
293 77 -8.158651665929812e-06
3 78 -7.792115472450205e-07
24 78 1.355742639639558e-07
27 78 -2.763396105513537e-06
30 78 -9.027604496773738e-07
33 78 7.447762169288404e-08
48 78 3.779166296332558e-07
51 78 -1.558607557620574e-05
54 78  3.4765735224524e-07
57 78 1.494069416683622e-06
72 78 3.031343479316251e-06
78 78 4.773969947977056e-05
81 78 8.185622669166674e-06
84 78 3.100955062349941e-06
180 78 1.398110629438812e-05
183 78 3.226706997794004e-06
219 78 4.386462906185051e-07
228 78 3.54152440273988e-06
285 78 3.982568597706771e-06
291 78 7.991993863937011e-06
294 78 -8.158651665929812e-06
1 79 -6.05022395020239e-07
22 79 3.689533057346457e-07
25 79 -5.968308344231648e-06
49 79 -3.010555859948797e-06
52 79 1.355742639639558e-07
