%%MatrixMarket matrix coordinate real general
308 308 3508
1 1 0.007199999999999999
2 1              -0.0023
3 1 0.0001333333333333333
4 1 -0.0007666666666666666
5 1              -0.0023
6 1 -0.0007666666666666666
7 1 0.0001333333333333333
1 2              -0.0023
2 2  0.01659999999999999
3 2               0.0004
4 2 0.0001333333333333333
5 2 0.0002666666666666667
7 2              -0.0023
8 2              -0.0023
9 2 0.0002666666666666667
10 2              -0.0046
11 2              -0.0023
12 2 0.0001333333333333333
1 3 0.0001333333333333333
2 3               0.0004
3 3 0.009399999999999997
4 3 -0.001533333333333334
5 3              -0.0023
8 3 0.0001333333333333333
9 3              -0.0023
10 3 0.0002666666666666666
13 3 -0.001533333333333334
1 4 -0.0007666666666666666
2 4 0.0001333333333333333
3 4 -0.001533333333333334
4 4 0.003599999999999999
8 4 -0.0007666666666666665
1 5              -0.0023
2 5 0.0002666666666666667
3 5              -0.0023
5 5               0.0166
6 5 0.0001333333333333333
7 5               0.0004
10 5 -0.004599999999999999
13 5 0.0001333333333333333
14 5              -0.0023
15 5              -0.0023
16 5 0.0002666666666666666
1 6 -0.0007666666666666666
5 6 0.0001333333333333333
6 6               0.0072
7 6              -0.0023
15 6 -0.002300000000000001
17 6 -0.0007666666666666664
18 6 0.0001333333333333334
1 7 0.0001333333333333333
2 7              -0.0023
5 7               0.0004
6 7              -0.0023
7 7  0.01659999999999999
10 7 0.0002666666666666667
12 7              -0.0023
15 7 0.0002666666666666667
16 7 -0.004600000000000001
18 7 -0.002299999999999999
19 7 0.0001333333333333334
2 8              -0.0023
3 8 0.0001333333333333333
4 8 -0.0007666666666666665
8 8 0.007199999999999998
9 8              -0.0023
11 8 0.0001333333333333333
20 8 -0.0007666666666666665
2 9 0.0002666666666666667
3 9              -0.0023
8 9              -0.0023
9 9               0.1816
10 9 -0.004599999999999999
11 9               0.0004
13 9 0.0001333333333333333
20 9 0.0001333333333333333
21 9              -0.0023
22 9 0.0002666666666666666
23 9  -0.1672999999999999
2 10              -0.0046
3 10 0.0002666666666666666
5 10 -0.004599999999999999
7 10 0.0002666666666666667
9 10 -0.004599999999999999
10 10               0.1982
11 10 0.0002666666666666667
12 10               0.0004
13 10               0.0004
14 10 0.0002666666666666667
16 10 -0.004599999999999999
21 10 0.0002666666666666667
22 10              -0.1696
24 10              -0.0046
25 10 0.0002666666666666666
2 11              -0.0023
8 11 0.0001333333333333333
9 11               0.0004
10 11 0.0002666666666666667
11 11               1.0066
12 11  -0.1672999999999999
20 11  -0.1672999999999999
22 11  -0.4171000000000001
23 11 0.0002666666666666667
26 11  -0.2497999999999999
27 11 0.0001333333333333334
2 12 0.0001333333333333333
7 12              -0.0023
10 12               0.0004
11 12  -0.1672999999999999
12 12               1.0066
16 12 0.0002666666666666667
19 12  -0.1672999999999999
22 12 0.0002666666666666667
25 12  -0.4171000000000001
27 12  -0.2497999999999999
28 12 0.0001333333333333334
3 13 -0.001533333333333334
5 13 0.0001333333333333333
9 13 0.0001333333333333333
10 13               0.0004
13 13 0.009399999999999997
14 13              -0.0023
21 13              -0.0023
24 13 0.0002666666666666667
29 13 -0.001533333333333333
5 14              -0.0023
10 14 0.0002666666666666667
13 14              -0.0023
14 14               0.0166
15 14 0.0001333333333333333
16 14               0.0004
24 14 -0.004600000000000001
29 14 0.0001333333333333334
30 14 -0.002299999999999999
31 14              -0.0023
32 14 0.0002666666666666667
5 15              -0.0023
6 15 -0.002300000000000001
7 15 0.0002666666666666667
14 15 0.0001333333333333333
15 15               0.0166
16 15              -0.0046
17 15 0.0001333333333333334
18 15 0.0004000000000000001
31 15 -0.002300000000000001
33 15 -0.002299999999999999
34 15 0.0002666666666666667
5 16 0.0002666666666666666
7 16 -0.004600000000000001
10 16 -0.004599999999999999
12 16 0.0002666666666666667
14 16               0.0004
15 16              -0.0046
16 16               0.1982
18 16 0.0002666666666666668
19 16 0.0004000000000000001
24 16 0.0002666666666666667
25 16              -0.1696
31 16 0.0002666666666666667
32 16 -0.004600000000000001
34 16 -0.004599999999999998
35 16 0.0002666666666666667
6 17 -0.0007666666666666664
15 17 0.0001333333333333334
17 17 0.007199999999999999
18 17              -0.0023
33 17              -0.0023
36 17 -0.0007666666666666665
37 17 0.0001333333333333333
6 18 0.0001333333333333334
7 18 -0.002299999999999999
15 18 0.0004000000000000001
16 18 0.0002666666666666668
17 18              -0.0023
18 18               0.0166
19 18              -0.0023
33 18 0.0002666666666666667
34 18 -0.004600000000000001
37 18 -0.002299999999999999
38 18 0.0001333333333333333
7 19 0.0001333333333333334
12 19  -0.1672999999999999
16 19 0.0004000000000000001
18 19              -0.0023
19 19               1.0066
25 19 0.0002666666666666668
28 19  -0.2497999999999999
34 19 0.0002666666666666667
35 19  -0.4171000000000001
38 19  -0.1672999999999999
39 19 0.0001333333333333333
8 20 -0.0007666666666666665
9 20 0.0001333333333333333
11 20  -0.1672999999999999
20 20   0.5022000000000001
23 20  -0.2498000000000001
26 20 0.0001333333333333334
40 20 -0.08326666666666663
9 21              -0.0023
10 21 0.0002666666666666667
13 21              -0.0023
21 21               0.1816
22 21               0.0004
23 21 0.0001333333333333333
24 21 -0.004600000000000001
29 21 0.0001333333333333334
41 21 -0.002299999999999999
42 21 0.0002666666666666667
43 21  -0.1672999999999999
9 22 0.0002666666666666666
10 22              -0.1696
11 22  -0.4171000000000001
12 22 0.0002666666666666667
21 22               0.0004
22 22    2.343200000000001
23 22  -0.4170999999999999
24 22 0.0002666666666666667
25 22  -0.4170999999999999
26 22 0.0002666666666666667
27 22 0.0004000000000000001
42 22  -0.4171000000000001
43 22 0.0002666666666666667
44 22  -0.4995999999999997
45 22 0.0002666666666666667
9 23  -0.1672999999999999
11 23 0.0002666666666666667
20 23  -0.2498000000000001
21 23 0.0001333333333333333
22 23  -0.4170999999999999
23 23               1.3366
26 23 0.0004000000000000001
40 23 0.0001333333333333334
43 23  -0.2498000000000001
44 23 0.0002666666666666667
46 23  -0.2497999999999999
10 24              -0.0046
13 24 0.0002666666666666667
14 24 -0.004600000000000001
16 24 0.0002666666666666667
21 24 -0.004600000000000001
22 24 0.0002666666666666667
24 24               0.1982
25 24               0.0004
29 24 0.0004000000000000002
30 24 0.0002666666666666668
32 24 -0.004600000000000001
41 24 0.0002666666666666668
42 24              -0.1696
47 24 -0.004599999999999998
48 24 0.0002666666666666667
10 25 0.0002666666666666666
12 25  -0.4171000000000001
16 25              -0.1696
19 25 0.0002666666666666668
22 25  -0.4170999999999999
24 25               0.0004
25 25    2.343200000000001
27 25 0.0002666666666666668
28 25 0.0004000000000000002
32 25 0.0002666666666666667
35 25  -0.4170999999999999
42 25 0.0002666666666666667
45 25  -0.4995999999999998
48 25  -0.4171000000000001
49 25 0.0002666666666666668
11 26  -0.2497999999999999
20 26 0.0001333333333333334
22 26 0.0002666666666666667
23 26 0.0004000000000000001
26 26       1.336591127792
27 26  -0.2497975940076994
40 26   -0.249797635111687
44 26  -0.4170918277196619
46 26 0.0002667326183686109
226 26  -0.1671260551909874
227 26 0.000295963575842516
11 27 0.0001333333333333334
12 27  -0.2497999999999999
22 27 0.0004000000000000001
25 27 0.0002666666666666668
26 27  -0.2497975940076994
27 27    1.336590902047189
28 27  -0.2497975217185861
44 27 0.000266734893724384
45 27  -0.4170914687079803
227 27   -0.167121837155022
228 27 0.0003004572842169851
12 28 0.0001333333333333334
19 28  -0.2497999999999999
25 28 0.0004000000000000002
27 28  -0.2497975217185861
28 28     1.33659039787493
35 28 0.0002666666666666667
39 28  -0.2497974106644612
45 28 0.0002667407367080282
49 28  -0.4170909398445853
228 28  -0.1671165350292524
229 28 0.0003059861448736352
13 29 -0.001533333333333333
14 29 0.0001333333333333334
21 29 0.0001333333333333334
24 29 0.0004000000000000002
29 29 0.009400000000000002
30 29 -0.002300000000000001
41 29 -0.002300000000000001
47 29 0.0002666666666666668
54 29 -0.001533333333333334
14 30 -0.002299999999999999
24 30 0.0002666666666666668
29 30 -0.002300000000000001
30 30               0.0166
31 30 0.0001333333333333334
32 30 0.0004000000000000002
47 30 -0.004600000000000003
54 30 0.0001333333333333334
55 30 -0.002300000000000001
56 30 -0.002300000000000001
57 30 0.0002666666666666668
14 31              -0.0023
15 31 -0.002300000000000001
16 31 0.0002666666666666667
30 31 0.0001333333333333334
31 31               0.0166
32 31 -0.004600000000000002
33 31 0.0001333333333333334
34 31 0.0004000000000000001
56 31 -0.002299999999999999
58 31 -0.002299999999999999
59 31 0.0002666666666666668
14 32 0.0002666666666666667
16 32 -0.004600000000000001
24 32 -0.004600000000000001
25 32 0.0002666666666666667
30 32 0.0004000000000000002
31 32 -0.004600000000000002
32 32               0.1982
34 32 0.0002666666666666668
35 32 0.0004000000000000001
47 32 0.0002666666666666668
48 32              -0.1696
56 32 0.0002666666666666668
57 32 -0.004599999999999998
59 32 -0.004599999999999998
60 32 0.0002666666666666668
15 33 -0.002299999999999999
17 33              -0.0023
18 33 0.0002666666666666667
31 33 0.0001333333333333334
33 33  0.01659999999999999
34 33              -0.0046
36 33 0.0001333333333333333
37 33 0.0003999999999999999
58 33              -0.0023
61 33              -0.0023
62 33 0.0002666666666666666
15 34 0.0002666666666666667
16 34 -0.004599999999999998
18 34 -0.004600000000000001
19 34 0.0002666666666666667
31 34 0.0004000000000000001
32 34 0.0002666666666666668
33 34              -0.0046
34 34   0.1981999999999999
35 34  -0.1695999999999999
37 34 0.0002666666666666666
38 34 0.0003999999999999999
58 34 0.0002666666666666667
59 34 -0.004600000000000001
62 34 -0.004599999999999998
63 34 0.0002666666666666666
16 35 0.0002666666666666667
19 35  -0.4171000000000001
25 35  -0.4170999999999999
28 35 0.0002666666666666667
32 35 0.0004000000000000001
34 35  -0.1695999999999999
35 35    2.343200000000001
38 35 0.0002666666666666666
39 35 0.0004000000000000001
48 35 0.0002666666666666668
49 35  -0.4995999999999997
59 35 0.0002666666666666667
60 35  -0.4171000000000001
63 35  -0.4170999999999999
64 35 0.0002666666666666667
17 36 -0.0007666666666666665
33 36 0.0001333333333333333
36 36 0.007199999999999997
37 36 -0.002299999999999999
61 36              -0.0023
65 36 -0.0007666666666666665
66 36 0.0001333333333333333
17 37 0.0001333333333333333
18 37 -0.002299999999999999
33 37 0.0003999999999999999
34 37 0.0002666666666666666
36 37 -0.002299999999999999
37 37  0.01659999999999999
38 37 -0.002299999999999999
61 37 0.0002666666666666666
62 37 -0.004599999999999999
66 37 -0.002299999999999999
67 37 0.0001333333333333333
18 38 0.0001333333333333333
19 38  -0.1672999999999999
34 38 0.0003999999999999999
35 38 0.0002666666666666666
37 38 -0.002299999999999999
38 38               1.0066
39 38  -0.2497999999999998
62 38 0.0002666666666666666
63 38  -0.4170999999999999
67 38  -0.1672999999999999
68 38 0.0001333333333333333
19 39 0.0001333333333333333
28 39  -0.2497974106644612
35 39 0.0004000000000000001
38 39  -0.2497999999999998
39 39     1.33658968055653
49 39 0.0002667482482935742
63 39 0.0002666666666666667
64 39  -0.4170901180399195
68 39  -0.2497972517871664
229 39  -0.1671078915000819
232 39 0.000314847566561193
20 40 -0.08326666666666663
23 40 0.0001333333333333334
26 40   -0.249797635111687
40 40   0.5021997073269999
46 40  -0.1672939637990328
226 40 0.0002944656334477057
233 40 -0.0006051510242496751
21 41 -0.002299999999999999
24 41 0.0002666666666666668
29 41 -0.002300000000000001
41 41   0.1816000000000001
42 41 0.0004000000000000002
43 41 0.0001333333333333334
47 41 -0.004600000000000003
54 41 0.0001333333333333334
71 41 -0.002300000000000001
72 41 0.0002666666666666668
73 41  -0.1673000000000001
21 42 0.0002666666666666667
22 42  -0.4171000000000001
24 42              -0.1696
25 42 0.0002666666666666667
41 42 0.0004000000000000002
42 42    2.343200000000001
43 42              -0.4171
44 42 0.0002666666666666667
45 42 0.0004000000000000001
47 42 0.0002666666666666668
48 42              -0.4171
72 42  -0.4170999999999999
73 42 0.0002666666666666668
74 42  -0.4995999999999998
75 42 0.0002666666666666668
21 43  -0.1672999999999999
22 43 0.0002666666666666667
23 43  -0.2498000000000001
41 43 0.0001333333333333334
42 43              -0.4171
43 43               1.3366
44 43 0.0004000000000000001
46 43 0.0001333333333333334
73 43  -0.2497999999999999
74 43 0.0002666666666666668
76 43  -0.2497999999999999
22 44  -0.4995999999999997
23 44 0.0002666666666666667
26 44  -0.4170918277196619
27 44 0.000266734893724384
42 44 0.0002666666666666667
43 44 0.0004000000000000001
44 44    2.343171265262153
45 44  -0.4170977141518241
46 44  -0.4170978209128751
74 44  -0.4171000000000002
76 44 0.0002666666666666667
77 44  -0.1695862108081791
78 44 0.000273412745818148
226 44 0.000367600545806248
227 44 0.0005833422244695137
22 45 0.0002666666666666667
25 45  -0.4995999999999998
27 45  -0.4170914687079803
28 45 0.0002667407367080282
42 45 0.0004000000000000001
44 45  -0.4170977141518241
45 45    2.343168292795899
48 45 0.0002666666666666668
49 45  -0.4170974955094262
74 45 0.0002666666666666667
75 45  -0.4171000000000002
78 45  -0.1695768483326072
79 45 0.0002816400921969474
227 45 0.0004061781444226953
228 45 0.0006864045203940506
23 46  -0.2497999999999999
26 46 0.0002667326183686109
40 46  -0.1672939637990328
43 46 0.0001333333333333334
44 46  -0.4170978209128751
46 46    1.006576711625032
76 46              -0.1673
77 46 0.0002713501896495823
80 46 -0.002289133066080641
226 46 0.0005495167555138919
233 46 0.0002165374042190515
24 47 -0.004599999999999998
29 47 0.0002666666666666668
30 47 -0.004600000000000003
32 47 0.0002666666666666668
41 47 -0.004600000000000003
42 47 0.0002666666666666668
47 47   0.1982000000000001
48 47 0.0004000000000000002
54 47 0.0004000000000000001
55 47 0.0002666666666666667
57 47 -0.004600000000000003
71 47 0.0002666666666666668
72 47  -0.1696000000000001
81 47 -0.004600000000000002
82 47 0.0002666666666666668
24 48 0.0002666666666666667
25 48  -0.4171000000000001
32 48              -0.1696
35 48 0.0002666666666666668
42 48              -0.4171
45 48 0.0002666666666666668
47 48 0.0004000000000000002
48 48    2.343200000000001
49 48 0.0004000000000000002
57 48 0.0002666666666666668
60 48              -0.4171
72 48 0.0002666666666666668
75 48  -0.4995999999999999
82 48              -0.4171
83 48 0.0002666666666666669
25 49 0.0002666666666666668
28 49  -0.4170909398445853
35 49  -0.4995999999999997
39 49 0.0002667482482935742
45 49  -0.4170974955094262
48 49 0.0004000000000000002
49 49    2.343161983165624
60 49 0.0002666666666666667
64 49  -0.4170969890316344
75 49 0.0002666666666666667
79 49  -0.1695267842924153
83 49  -0.4171000000000002
84 49 0.0003366283859573718
228 49 0.0004978212701146991
229 49 0.001009944248605875
50 50     5154699.73967305
51 50    673040.5150166963
70 50    666415.8407165703
85 50    1978190.949186405
86 50    1328948.342888868
217 50    184.8441998190206
221 50    180.8067485038102
222 50    1051.823145431131
224 50    1073.158557159056
234 50    1732185.608468555
237 50    1070039.181261408
50 51    673040.5150166963
51 51    5234725.516450865
52 51    687766.8393217489
86 51    1983182.414623401
87 51    1330670.209902824
217 51    183.2230190655172
218 51    188.9180275869432
222 51    1199.533642283582
223 51    1248.812202839285
234 51    1100966.030181529
235 51    1783342.610322917
51 52    687766.8393217489
52 52    5379973.856357405
53 52    711440.6177526468
87 52    1990909.123791275
88 52     1332480.70555625
218 52    187.9773156532036
219 52    195.6322560616051
223 52    1527.283480256501
225 52    1721.364799672779
235 52     1165946.71904625
236 52    1872857.948212153
52 53    711440.6177526467
53 53    5599348.071368204
69 53    745152.0300758508
88 53    1997868.843838093
89 53     1333311.59148408
219 53    195.4391132909056
220 53    205.5505092795813
225 53    2463.266873126301
230 53    3127.470190789254
236 53     1272545.37950303
238 53    2007389.343209547
29 54 -0.001533333333333334
30 54 0.0001333333333333334
41 54 0.0001333333333333334
47 54 0.0004000000000000001
54 54 0.009400000000000002
55 54 -0.002300000000000001
71 54 -0.002300000000000001
81 54 0.0002666666666666667
90 54 -0.001533333333333334
30 55 -0.002300000000000001
47 55 0.0002666666666666667
54 55 -0.002300000000000001
55 55               0.0166
56 55 0.0001333333333333334
57 55 0.0004000000000000001
81 55 -0.004600000000000002
90 55 0.0001333333333333334
91 55 -0.002300000000000001
92 55 -0.002300000000000001
93 55 0.0002666666666666667
30 56 -0.002300000000000001
31 56 -0.002299999999999999
32 56 0.0002666666666666668
55 56 0.0001333333333333334
56 56               0.0166
57 56 -0.004600000000000003
58 56 0.0001333333333333334
59 56 0.0004000000000000002
92 56 -0.002300000000000001
94 56 -0.002299999999999999
95 56 0.0002666666666666668
30 57 0.0002666666666666668
32 57 -0.004599999999999998
47 57 -0.004600000000000003
48 57 0.0002666666666666668
55 57 0.0004000000000000001
56 57 -0.004600000000000003
57 57   0.1982000000000002
59 57 0.0002666666666666668
60 57 0.0004000000000000002
81 57 0.0002666666666666668
82 57  -0.1696000000000001
92 57 0.0002666666666666668
93 57 -0.004600000000000003
95 57 -0.004599999999999998
96 57 0.0002666666666666668
31 58 -0.002299999999999999
33 58              -0.0023
34 58 0.0002666666666666667
56 58 0.0001333333333333334
58 58               0.0166
59 58 -0.004600000000000001
61 58 0.0001333333333333333
62 58 0.0003999999999999999
94 58 -0.002299999999999999
97 58              -0.0023
98 58 0.0002666666666666667
31 59 0.0002666666666666668
32 59 -0.004599999999999998
34 59 -0.004600000000000001
35 59 0.0002666666666666667
56 59 0.0004000000000000002
57 59 0.0002666666666666668
58 59 -0.004600000000000001
59 59   0.1981999999999999
60 59  -0.1695999999999999
62 59 0.0002666666666666666
63 59 0.0003999999999999999
94 59 0.0002666666666666668
95 59 -0.004599999999999998
98 59 -0.004600000000000001
99 59 0.0002666666666666667
32 60 0.0002666666666666668
35 60  -0.4171000000000001
48 60              -0.4171
49 60 0.0002666666666666667
57 60 0.0004000000000000002
59 60  -0.1695999999999999
60 60    2.343200000000001
63 60 0.0002666666666666666
64 60 0.0004000000000000001
82 60 0.0002666666666666669
83 60              -0.4996
95 60 0.0002666666666666668
96 60  -0.4170999999999999
99 60  -0.4171000000000001
100 60 0.0002666666666666667
33 61              -0.0023
36 61              -0.0023
37 61 0.0002666666666666666
58 61 0.0001333333333333333
61 61  0.01659999999999999
62 61 -0.004599999999999997
65 61 0.0001333333333333333
66 61 0.0003999999999999999
97 61              -0.0023
101 61              -0.0023
102 61 0.0002666666666666666
33 62 0.0002666666666666666
34 62 -0.004599999999999998
37 62 -0.004599999999999999
38 62 0.0002666666666666666
58 62 0.0003999999999999999
59 62 0.0002666666666666666
61 62 -0.004599999999999997
62 62   0.1981999999999999
63 62  -0.1695999999999999
66 62 0.0002666666666666666
67 62 0.0003999999999999999
97 62 0.0002666666666666666
98 62 -0.004599999999999999
102 62 -0.004599999999999998
103 62 0.0002666666666666666
34 63 0.0002666666666666666
35 63  -0.4170999999999999
38 63  -0.4170999999999999
39 63 0.0002666666666666667
59 63 0.0003999999999999999
60 63 0.0002666666666666666
62 63  -0.1695999999999999
63 63               2.3432
64 63  -0.4995999999999996
67 63 0.0002666666666666666
68 63 0.0004000000000000001
98 63 0.0002666666666666666
99 63  -0.4170999999999999
103 63  -0.4170999999999999
104 63 0.0002666666666666667
35 64 0.0002666666666666667
39 64  -0.4170901180399195
49 64  -0.4170969890316344
60 64 0.0004000000000000001
63 64  -0.4995999999999996
64 64    2.343190837684578
68 64 0.0002667606629988174
83 64 0.0002666666666666666
84 64  -0.1686888042894987
99 64 0.0002666666666666667
100 64  -0.4170969190327629
104 64  -0.4170868387448101
229 64 0.0008294128794656871
232 64 0.002693439767006003
246 64 0.001849952046238998
36 65 -0.0007666666666666665
61 65 0.0001333333333333333
65 65 0.003599999999999998
66 65 -0.001533333333333333
101 65 -0.0007666666666666665
36 66 0.0001333333333333333
37 66 -0.002299999999999999
61 66 0.0003999999999999999
62 66 0.0002666666666666666
65 66 -0.001533333333333333
66 66 0.009399999999999995
67 66 -0.001533333333333333
101 66 0.0001333333333333333
102 66              -0.0023
37 67 0.0001333333333333333
38 67  -0.1672999999999999
62 67 0.0003999999999999999
63 67 0.0002666666666666666
66 67 -0.001533333333333333
67 67   0.5043999999999997
68 67  -0.1665333333333332
102 67 0.0001333333333333333
103 67  -0.1672999999999999
38 68 0.0001333333333333333
39 68  -0.2497972517871664
63 68 0.0004000000000000001
64 68 0.0002667606629988174
67 68  -0.1665333333333332
68 68   0.8343893327072336
103 68 0.0001333333333333334
104 68  -0.2497972517922094
232 68  -0.1665192009287658
53 69    745152.0300758508
69 69    3006366.275142545
89 69    1333312.007725206
105 69    745138.9481806374
220 69    206.2474475955011
230 69    7487.687434249424
231 69    6.761342728848665
238 69    1430384.594694949
245 69    206.2336147482376
50 70    666415.8407165702
70 70    2656257.979771547
85 70    1328123.639029138
106 70    666040.7248503667
221 70    177.7361048373741
224 70    967.6432800836825
237 70    1221486.788381579
41 71 -0.002300000000000001
47 71 0.0002666666666666668
54 71 -0.002300000000000001
71 71               0.1816
72 71 0.0004000000000000001
73 71 0.0001333333333333334
81 71 -0.004600000000000002
90 71 0.0001333333333333334
107 71 -0.002300000000000001
108 71 0.0002666666666666667
109 71              -0.1673
41 72 0.0002666666666666668
42 72  -0.4170999999999999
47 72  -0.1696000000000001
48 72 0.0002666666666666668
71 72 0.0004000000000000001
72 72    2.343200000000001
73 72  -0.4171000000000001
74 72 0.0002666666666666668
75 72 0.0004000000000000002
81 72 0.0002666666666666667
82 72  -0.4171000000000001
108 72  -0.4171000000000001
109 72 0.0002666666666666668
110 72  -0.4995999999999999
111 72 0.0002666666666666668
41 73  -0.1673000000000001
42 73 0.0002666666666666668
43 73  -0.2497999999999999
71 73 0.0001333333333333334
72 73  -0.4171000000000001
73 73               1.3366
74 73 0.0004000000000000002
76 73 0.0001333333333333334
109 73  -0.2498000000000001
110 73 0.0002666666666666668
112 73  -0.2497999999999999
42 74  -0.4995999999999998
43 74 0.0002666666666666668
44 74  -0.4171000000000002
45 74 0.0002666666666666667
72 74 0.0002666666666666668
73 74 0.0004000000000000002
74 74    2.343200000000001
75 74              -0.4171
76 74              -0.4171
77 74 0.0002666666666666666
78 74 0.0003999999999999999
110 74  -0.4170999999999999
112 74 0.0002666666666666668
113 74  -0.1696000000000001
114 74 0.0002666666666666667
42 75 0.0002666666666666668
45 75  -0.4171000000000002
48 75  -0.4995999999999999
49 75 0.0002666666666666667
72 75 0.0004000000000000002
74 75              -0.4171
75 75    2.343200000000001
78 75 0.0002666666666666666
79 75 0.0004000000000000001
82 75 0.0002666666666666669
83 75              -0.4171
110 75 0.0002666666666666668
111 75              -0.4171
114 75  -0.1696000000000001
115 75 0.0002666666666666667
43 76  -0.2497999999999999
44 76 0.0002666666666666667
46 76              -0.1673
73 76 0.0001333333333333334
74 76              -0.4171
76 76               1.0066
77 76 0.0003999999999999999
80 76 0.0001333333333333333
112 76  -0.1672999999999999
113 76 0.0002666666666666667
116 76              -0.0023
44 77  -0.1695862108081791
46 77 0.0002713501896495823
74 77 0.0002666666666666666
76 77 0.0003999999999999999
77 77   0.3399842928140476
78 77  0.02111212675192136
80 77  0.02044552434918071
85 77  0.03333333333333334
86 77  0.06666666666666668
113 77  0.01782029645833994
116 77  0.01488426992098589
117 77  0.06666666666666667
118 77  0.03333333333333333
226 77  0.02530120017445413
227 77   0.0266505665848526
239 77 0.003816913542082948
240 77 0.004982171434854812
252 77  0.01317208416490251
253 77   0.0076415412788225
44 78 0.000273412745818148
45 78  -0.1695768483326072
74 78 0.0003999999999999999
75 78 0.0002666666666666666
77 78  0.02111212675192136
78 78   0.3433027810410633
79 78  0.02258544214388648
86 78  0.03333333333333335
87 78  0.06666666666666668
113 78  0.01605070686768863
114 78  0.01921704847890521
118 78  0.06666666666666668
119 78  0.03333333333333334
227 78  0.02594108355943375
228 78  0.02790975961531987
240 78  0.00319588094127275
241 78 0.003604492820302262
253 78  0.01184666232199752
254 78 0.006190312388278305
45 79 0.0002816400921969474
49 79  -0.1695267842924153
75 79 0.0004000000000000001
78 79  0.02258544214388647
79 79   0.3495342823734038
83 79 0.0002666666666666666
84 79   0.0249191629678676
87 79  0.03333333333333333
88 79  0.06666666666666665
114 79  0.01860340266109963
115 79  0.02166992572873844
119 79  0.06666666666666665
120 79  0.03333333333333332
228 79  0.02721471939322366
229 79  0.02984245583854926
241 79 0.002082041234115806
242 79 0.001488500329257985
254 79 0.009315497109048566
255 79 0.003847000494294042
46 80 -0.002289133066080641
76 80 0.0001333333333333333
77 80  0.02044552434918071
80 80   0.1014247979730449
85 80  0.06666666666666668
106 80  0.03333333333333334
116 80   0.0125854265279095
117 80  0.03333333333333333
121 80  0.06666666666666667
226 80  0.02606659666302983
233 80  0.01490823193519372
239 80 0.005620317559429732
247 80 0.0005043888763723349
252 80 0.008306499089978816
256 80 0.002018014590047724
47 81 -0.004600000000000002
54 81 0.0002666666666666667
55 81 -0.004600000000000002
57 81 0.0002666666666666668
71 81 -0.004600000000000002
72 81 0.0002666666666666667
81 81               0.1982
82 81 0.0004000000000000001
90 81 0.0004000000000000001
91 81 0.0002666666666666667
93 81 -0.004600000000000002
107 81 0.0002666666666666668
108 81              -0.1696
122 81 -0.004600000000000002
123 81 0.0002666666666666667
47 82 0.0002666666666666668
48 82              -0.4171
57 82  -0.1696000000000001
60 82 0.0002666666666666669
72 82  -0.4171000000000001
75 82 0.0002666666666666669
81 82 0.0004000000000000001
82 82    2.343200000000001
83 82 0.0004000000000000005
93 82 0.0002666666666666668
96 82              -0.4171
108 82 0.0002666666666666668
111 82              -0.4996
123 82  -0.4171000000000001
124 82 0.0002666666666666669
48 83 0.0002666666666666669
49 83  -0.4171000000000002
60 83              -0.4996
64 83 0.0002666666666666666
75 83              -0.4171
79 83 0.0002666666666666666
82 83 0.0004000000000000005
83 83               2.3432
84 83 0.0003999999999999996
96 83 0.0002666666666666669
100 83  -0.4171000000000001
111 83 0.0002666666666666669
115 83  -0.1696000000000002
124 83  -0.4171000000000001
125 83 0.0002666666666666666
49 84 0.0003366283859573718
64 84  -0.1686888042894987
79 84  0.02491916296786759
83 84 0.0003999999999999996
84 84   0.3586058380793944
88 84  0.03333333333333333
89 84  0.06666666666666665
100 84 0.0002372434693333973
115 84  0.02311937507805946
120 84  0.06666666666666665
125 84  0.02533463023181293
126 84  0.03333333333333332
229 84  0.02941510056354543
232 84   0.0300776413825606
242 84 0.0005011220142939097
243 84 -0.000169973230295428
246 84  0.02801736110308033
255 84 0.005044063500554367
258 84 0.0006271357450018549
50 85    1978190.949186405
70 85    1328123.639029138
77 85  0.03333333333333334
80 85  0.06666666666666668
85 85    1015615654.032479
86 85     174724796.784146
106 85    174724778.1570892
117 85    331086369.8734329
121 85    330420236.1619343
234 85    2619602.655186201
237 85    3933160.674716262
50 86    1328948.342888868
51 86    1983182.414623401
77 86  0.06666666666666668
78 86  0.03333333333333335
85 86    174724796.7841461
86 86    1015617894.002347
87 86    174724835.0798325
117 86    330420243.2763944
118 86    331086562.0355419
234 86    3944571.306110139
235 86    2631056.929610888
51 87    1330670.209902824
52 87    1990909.123791275
78 87  0.06666666666666668
79 87  0.03333333333333333
86 87    174724835.0798325
87 87    1015620988.718159
88 87    174724864.8142482
118 87    330420256.2763212
119 87    331086791.1169154
235 87    3965585.548387252
236 87    2647695.785272016
52 88     1332480.70555625
53 88    1997868.843838093
79 88  0.06666666666666665
84 88  0.03333333333333333
87 88    174724864.8142482
88 88    1015623132.022047
89 88    174724872.7116997
119 88    330420264.3890799
120 88    331086913.6877619
236 88    3988237.783843144
238 88    2662477.224820133
53 89     1333311.59148408
69 89    1333312.007725206
84 89  0.06666666666666665
88 89    174724872.7116997
89 89    666173861.2660074
105 89    1333311.591483979
120 89    330420265.8892275
126 89    157028726.4005076
238 89    3999618.220288041
54 90 -0.001533333333333334
55 90 0.0001333333333333334
71 90 0.0001333333333333334
81 90 0.0004000000000000001
90 90 0.005800000000000002
91 90 -0.001533333333333334
107 90 -0.001533333333333334
122 90 0.0001333333333333334
55 91 -0.002300000000000001
81 91 0.0002666666666666667
90 91 -0.001533333333333334
91 91 0.009400000000000002
92 91 0.0001333333333333334
93 91 0.0004000000000000001
122 91 -0.002300000000000001
127 91 -0.001533333333333334
128 91 0.0001333333333333334
55 92 -0.002300000000000001
56 92 -0.002300000000000001
57 92 0.0002666666666666668
91 92 0.0001333333333333334
92 92               0.0166
93 92 -0.004600000000000003
94 92 0.0001333333333333334
95 92 0.0004000000000000002
127 92 -0.002300000000000001
129 92 -0.002299999999999999
130 92 0.0002666666666666668
55 93 0.0002666666666666667
57 93 -0.004600000000000003
81 93 -0.004600000000000002
82 93 0.0002666666666666668
91 93 0.0004000000000000001
92 93 -0.004600000000000003
93 93   0.1982000000000001
95 93 0.0002666666666666668
96 93 0.0004000000000000002
122 93 0.0002666666666666668
123 93  -0.1696000000000001
127 93 0.0002666666666666668
128 93 -0.004600000000000003
130 93 -0.004599999999999998
131 93 0.0002666666666666668
56 94 -0.002299999999999999
58 94 -0.002299999999999999
59 94 0.0002666666666666668
92 94 0.0001333333333333334
94 94               0.0166
95 94 -0.004600000000000002
97 94 0.0001333333333333334
98 94 0.0004000000000000001
129 94              -0.0023
132 94 -0.002300000000000001
133 94 0.0002666666666666667
56 95 0.0002666666666666668
57 95 -0.004599999999999998
59 95 -0.004599999999999998
60 95 0.0002666666666666668
92 95 0.0004000000000000002
93 95 0.0002666666666666668
94 95 -0.004600000000000002
95 95               0.1982
96 95              -0.1696
98 95 0.0002666666666666668
99 95 0.0004000000000000001
129 95 0.0002666666666666667
130 95 -0.004600000000000001
133 95 -0.004600000000000002
134 95 0.0002666666666666667
57 96 0.0002666666666666668
60 96  -0.4170999999999999
82 96              -0.4171
83 96 0.0002666666666666669
93 96 0.0004000000000000002
95 96              -0.1696
96 96    2.343200000000001
99 96 0.0002666666666666668
100 96 0.0004000000000000002
123 96 0.0002666666666666668
124 96  -0.4995999999999999
130 96 0.0002666666666666667
131 96  -0.4171000000000001
134 96  -0.4171000000000001
135 96 0.0002666666666666668
58 97              -0.0023
61 97              -0.0023
62 97 0.0002666666666666666
94 97 0.0001333333333333334
97 97               0.0166
98 97 -0.004599999999999999
101 97 0.0001333333333333333
102 97 0.0003999999999999999
132 97 -0.002299999999999999
136 97              -0.0023
137 97 0.0002666666666666667
58 98 0.0002666666666666667
59 98 -0.004600000000000001
62 98 -0.004599999999999999
63 98 0.0002666666666666666
94 98 0.0004000000000000001
95 98 0.0002666666666666668
97 98 -0.004599999999999999
98 98   0.1981999999999999
99 98  -0.1695999999999999
102 98 0.0002666666666666666
103 98 0.0003999999999999999
132 98 0.0002666666666666667
133 98 -0.004599999999999998
137 98 -0.004600000000000001
138 98 0.0002666666666666667
59 99 0.0002666666666666667
60 99  -0.4171000000000001
63 99  -0.4170999999999999
64 99 0.0002666666666666667
95 99 0.0004000000000000001
96 99 0.0002666666666666668
98 99  -0.1695999999999999
99 99               2.3432
100 99  -0.4995999999999997
103 99 0.0002666666666666666
104 99 0.0004000000000000001
133 99 0.0002666666666666667
134 99  -0.4170999999999998
138 99  -0.4171000000000001
139 99 0.0002666666666666667
60 100 0.0002666666666666667
64 100  -0.4170969190327629
83 100  -0.4171000000000001
84 100 0.0002372434693333973
96 100 0.0004000000000000002
99 100  -0.4995999999999997
100 100    2.343198295721022
104 100 0.0002667483318298243
124 100 0.0002666666666666667
125 100  -0.1693906129206931
134 100 0.0002666666666666668
135 100  -0.4170974602697782
139 100  -0.4170912057500448
246 100 0.001236835055550667
261 100 0.001113213084203493
61 101              -0.0023
65 101 -0.0007666666666666665
66 101 0.0001333333333333333
97 101 0.0001333333333333333
101 101 0.007199999999999997
102 101 -0.002299999999999999
136 101 -0.0007666666666666665
61 102 0.0002666666666666666
62 102 -0.004599999999999998
66 102              -0.0023
67 102 0.0001333333333333333
97 102 0.0003999999999999999
98 102 0.0002666666666666666
101 102 -0.002299999999999999
102 102  0.01659999999999999
103 102 -0.002299999999999999
136 102 0.0001333333333333333
137 102              -0.0023
62 103 0.0002666666666666666
63 103  -0.4170999999999999
67 103  -0.1672999999999999
68 103 0.0001333333333333334
98 103 0.0003999999999999999
99 103 0.0002666666666666666
102 103 -0.002299999999999999
103 103               1.0066
104 103  -0.2497999999999998
137 103 0.0001333333333333333
138 103  -0.1672999999999999
63 104 0.0002666666666666667
64 104  -0.4170868387448101
68 104  -0.2497972517922094
99 104 0.0004000000000000001
100 104 0.0002667483318298243
103 104  -0.2497999999999998
104 104    1.336589121151303
138 104 0.0001333333333333334
139 104  -0.2497974106286341
232 104 0.0003541613898235982
246 104   -0.167054858133573
69 105    745138.9481806374
89 105    1333311.591483979
105 105    5599292.873133171
126 105     1997868.84383717
140 105    711424.7696418561
230 105    3126.728163994838
238 105    2007314.945525307
244 105     2463.33832215422
245 105    205.5648326646238
257 105    1272533.233148412
260 105    195.4316953639923
70 106    666040.7248503666
80 106  0.03333333333333334
85 106    174724778.1570892
106 106    349449555.8828381
121 106    174058192.1805262
237 106    1329959.607931767
71 107 -0.002300000000000001
81 107 0.0002666666666666668
90 107 -0.001533333333333334
107 107   0.1744000000000001
108 107 0.0004000000000000001
109 107 0.0001333333333333334
122 107 -0.002300000000000001
141 107  -0.1665333333333333
142 107 0.0001333333333333334
71 108 0.0002666666666666667
72 108  -0.4171000000000001
81 108              -0.1696
82 108 0.0002666666666666668
107 108 0.0004000000000000001
108 108    2.343200000000001
109 108  -0.4171000000000001
110 108 0.0002666666666666668
111 108 0.0004000000000000002
122 108 0.0002666666666666667
123 108  -0.4171000000000001
141 108 0.0002666666666666668
142 108  -0.4171000000000001
143 108  -0.4995999999999999
144 108 0.0002666666666666668
71 109              -0.1673
72 109 0.0002666666666666668
73 109  -0.2498000000000001
107 109 0.0001333333333333334
108 109  -0.4171000000000001
109 109    1.336600000000001
110 109 0.0004000000000000002
112 109 0.0001333333333333334
141 109  -0.2498000000000001
143 109 0.0002666666666666668
145 109  -0.2497999999999999
72 110  -0.4995999999999999
73 110 0.0002666666666666668
74 110  -0.4170999999999999
75 110 0.0002666666666666668
108 110 0.0002666666666666668
109 110 0.0004000000000000002
110 110    2.343200000000001
111 110  -0.4171000000000001
112 110  -0.4171000000000001
113 110 0.0002666666666666667
114 110 0.0004000000000000001
143 110  -0.4171000000000002
145 110 0.0002666666666666667
146 110              -0.1696
147 110 0.0002666666666666667
72 111 0.0002666666666666668
75 111              -0.4171
82 111              -0.4996
83 111 0.0002666666666666669
108 111 0.0004000000000000002
110 111  -0.4171000000000001
111 111    2.343200000000001
114 111 0.0002666666666666668
115 111 0.0004000000000000002
123 111 0.0002666666666666668
124 111              -0.4171
143 111 0.0002666666666666667
144 111  -0.4171000000000002
147 111              -0.1696
148 111 0.0002666666666666668
73 112  -0.2497999999999999
74 112 0.0002666666666666668
76 112  -0.1672999999999999
109 112 0.0001333333333333334
110 112  -0.4171000000000001
112 112               1.0066
113 112 0.0004000000000000001
116 112 0.0001333333333333334
145 112              -0.1673
146 112 0.0002666666666666667
149 112 -0.002300000000000001
74 113  -0.1696000000000001
76 113 0.0002666666666666667
77 113  0.01782029645833994
78 113  0.01605070686768863
110 113 0.0002666666666666667
112 113 0.0004000000000000001
113 113   0.3175416678272392
114 113  0.01486393400530685
116 113  0.01371100024156554
117 113  0.03333333333333334
118 113  0.06666666666666668
146 113  0.01248783525464147
149 113 0.009047335107862257
150 113  0.06666666666666667
151 113  0.03333333333333333
252 113  0.01040817120914555
253 113  0.01552214565015766
266 113  0.01959302998203755
267 113  0.01318018177519068
74 114 0.0002666666666666667
75 114  -0.1696000000000001
78 114  0.01921704847890521
79 114  0.01860340266109963
110 114 0.0004000000000000001
111 114 0.0002666666666666668
113 114  0.01486393400530685
114 114     0.32368785042919
115 114   0.0172808849102605
118 114  0.03333333333333335
119 114  0.06666666666666668
146 114   0.0103364922012167
147 114  0.01449273280578362
151 114  0.06666666666666668
152 114  0.03333333333333334
253 114 0.009142254215211811
254 114  0.01293388741029726
267 114  0.01794037586030868
268 114  0.01107522062147272
75 115 0.0002666666666666667
79 115  0.02166992572873844
83 115  -0.1696000000000002
84 115  0.02311937507805946
111 115 0.0004000000000000002
114 115   0.0172808849102605
115 115   0.3343330318039995
119 115  0.03333333333333333
120 115  0.06666666666666665
124 115 0.0002666666666666667
125 115  0.02110765403749783
147 115  0.01321526248595052
148 115  0.01797304398475747
152 115  0.06666666666666665
153 115  0.03333333333333332
254 115 0.006888842471483995
255 115 0.008424264452256242
268 115  0.01483016942345482
269 115 0.007560871063448362
76 116              -0.0023
77 116  0.01488426992098589
80 116  0.01258542652790951
112 116 0.0001333333333333334
113 116  0.01371100024156554
116 116  0.09560431420875633
117 116  0.06666666666666668
121 116  0.03333333333333334
149 116 0.009800393351816972
150 116  0.03333333333333333
154 116  0.06666666666666667
252 116   0.0166935454491238
256 116  0.00289742785085754
266 116  0.01417904655158012
270 116 0.005253241071846977
77 117  0.06666666666666667
80 117  0.03333333333333333
85 117    331086369.8734329
86 117    330420243.2763945
113 117  0.03333333333333334
116 117  0.06666666666666668
117 117    1990378067.169734
118 117     331083942.860247
121 117    331083251.6224846
150 117     331078288.974794
154 117    330419301.5081353
234 117    3717630.635089269
237 117    2520492.780686957
248 117    2404246.744509174
251 117    3572955.068280845
77 118  0.03333333333333333
78 118  0.06666666666666668
86 118     331086562.035542
87 118    330420256.2763212
113 118  0.06666666666666668
114 118  0.03333333333333335
117 118     331083942.860247
118 118    1990414580.733126
119 118    331085324.2986885
150 118    330419530.7076473
151 118    331081088.1708417
234 118    2540723.893319926
235 118    3771867.761918893
248 118    3635092.497672082
249 118    2461420.236513793
78 119  0.03333333333333334
79 119  0.06666666666666665
