%%MatrixMarket matrix coordinate real general
308 308 3500
1 1 0.007199999999999999
2 1              -0.0023
3 1 0.0001333333333333333
4 1 -0.0007666666666666666
5 1              -0.0023
6 1 -0.0007666666666666666
7 1 0.0001333333333333333
1 2              -0.0023
2 2  0.01659999999999999
3 2               0.0004
4 2 0.0001333333333333333
5 2 0.0002666666666666667
7 2              -0.0023
8 2              -0.0023
9 2 0.0002666666666666667
10 2              -0.0046
11 2              -0.0023
12 2 0.0001333333333333333
1 3 0.0001333333333333333
2 3               0.0004
3 3 0.009399999999999997
4 3 -0.001533333333333334
5 3              -0.0023
8 3 0.0001333333333333333
9 3              -0.0023
10 3 0.0002666666666666666
13 3 -0.001533333333333334
1 4 -0.0007666666666666666
2 4 0.0001333333333333333
3 4 -0.001533333333333334
4 4 0.003599999999999999
8 4 -0.0007666666666666665
1 5              -0.0023
2 5 0.0002666666666666667
3 5              -0.0023
5 5               0.0166
6 5 0.0001333333333333333
7 5               0.0004
10 5 -0.004599999999999999
13 5 0.0001333333333333333
14 5              -0.0023
15 5              -0.0023
16 5 0.0002666666666666666
1 6 -0.0007666666666666666
5 6 0.0001333333333333333
6 6               0.0072
7 6              -0.0023
15 6 -0.002300000000000001
17 6 -0.0007666666666666664
18 6 0.0001333333333333334
1 7 0.0001333333333333333
2 7              -0.0023
5 7               0.0004
6 7              -0.0023
7 7  0.01659999999999999
10 7 0.0002666666666666667
12 7              -0.0023
15 7 0.0002666666666666667
16 7 -0.004600000000000001
18 7 -0.002299999999999999
19 7 0.0001333333333333334
2 8              -0.0023
3 8 0.0001333333333333333
4 8 -0.0007666666666666665
8 8 0.007199999999999998
9 8              -0.0023
11 8 0.0001333333333333333
20 8 -0.0007666666666666665
2 9 0.0002666666666666667
3 9              -0.0023
8 9              -0.0023
9 9               0.1816
10 9 -0.004599999999999999
11 9               0.0004
13 9 0.0001333333333333333
20 9 0.0001333333333333333
21 9              -0.0023
22 9 0.0002666666666666666
23 9  -0.1672999999999999
2 10              -0.0046
3 10 0.0002666666666666666
5 10 -0.004599999999999999
7 10 0.0002666666666666667
9 10 -0.004599999999999999
10 10               0.1982
11 10 0.0002666666666666667
12 10               0.0004
13 10               0.0004
14 10 0.0002666666666666667
16 10 -0.004599999999999999
21 10 0.0002666666666666667
22 10              -0.1696
24 10              -0.0046
25 10 0.0002666666666666666
2 11              -0.0023
8 11 0.0001333333333333333
9 11               0.0004
10 11 0.0002666666666666667
11 11               1.0066
12 11  -0.1672999999999999
20 11  -0.1672999999999999
22 11  -0.4171000000000001
23 11 0.0002666666666666667
26 11  -0.2497999999999999
27 11 0.0001333333333333334
2 12 0.0001333333333333333
7 12              -0.0023
10 12               0.0004
11 12  -0.1672999999999999
12 12               1.0066
16 12 0.0002666666666666667
19 12  -0.1672999999999999
22 12 0.0002666666666666667
25 12  -0.4171000000000001
27 12  -0.2497999999999999
28 12 0.0001333333333333334
3 13 -0.001533333333333334
5 13 0.0001333333333333333
9 13 0.0001333333333333333
10 13               0.0004
13 13 0.009399999999999997
14 13              -0.0023
21 13              -0.0023
24 13 0.0002666666666666667
29 13 -0.001533333333333333
5 14              -0.0023
10 14 0.0002666666666666667
13 14              -0.0023
14 14               0.0166
15 14 0.0001333333333333333
16 14               0.0004
24 14 -0.004600000000000001
29 14 0.0001333333333333334
30 14 -0.002299999999999999
31 14              -0.0023
32 14 0.0002666666666666667
5 15              -0.0023
6 15 -0.002300000000000001
7 15 0.0002666666666666667
14 15 0.0001333333333333333
15 15               0.0166
16 15              -0.0046
17 15 0.0001333333333333334
18 15 0.0004000000000000001
31 15 -0.002300000000000001
33 15 -0.002299999999999999
34 15 0.0002666666666666667
5 16 0.0002666666666666666
7 16 -0.004600000000000001
10 16 -0.004599999999999999
12 16 0.0002666666666666667
14 16               0.0004
15 16              -0.0046
16 16               0.1982
18 16 0.0002666666666666668
19 16 0.0004000000000000001
24 16 0.0002666666666666667
25 16              -0.1696
31 16 0.0002666666666666667
32 16 -0.004600000000000001
34 16 -0.004599999999999998
35 16 0.0002666666666666667
6 17 -0.0007666666666666664
15 17 0.0001333333333333334
17 17 0.007199999999999999
18 17              -0.0023
33 17              -0.0023
36 17 -0.0007666666666666665
37 17 0.0001333333333333333
6 18 0.0001333333333333334
7 18 -0.002299999999999999
15 18 0.0004000000000000001
16 18 0.0002666666666666668
17 18              -0.0023
18 18               0.0166
19 18              -0.0023
33 18 0.0002666666666666667
34 18 -0.004600000000000001
37 18 -0.002299999999999999
38 18 0.0001333333333333333
7 19 0.0001333333333333334
12 19  -0.1672999999999999
16 19 0.0004000000000000001
18 19              -0.0023
19 19               1.0066
25 19 0.0002666666666666668
28 19  -0.2497999999999999
34 19 0.0002666666666666667
35 19  -0.4171000000000001
38 19  -0.1672999999999999
39 19 0.0001333333333333333
8 20 -0.0007666666666666665
9 20 0.0001333333333333333
11 20  -0.1672999999999999
20 20   0.5022000000000001
23 20  -0.2498000000000001
26 20 0.0001333333333333334
40 20 -0.08326666666666663
9 21              -0.0023
10 21 0.0002666666666666667
13 21              -0.0023
21 21               0.1816
22 21               0.0004
23 21 0.0001333333333333333
24 21 -0.004600000000000001
29 21 0.0001333333333333334
41 21 -0.002299999999999999
42 21 0.0002666666666666667
43 21  -0.1672999999999999
9 22 0.0002666666666666666
10 22              -0.1696
11 22  -0.4171000000000001
12 22 0.0002666666666666667
21 22               0.0004
22 22    2.343200000000001
23 22  -0.4170999999999999
24 22 0.0002666666666666667
25 22  -0.4170999999999999
26 22 0.0002666666666666667
27 22 0.0004000000000000001
42 22  -0.4171000000000001
43 22 0.0002666666666666667
44 22  -0.4995999999999997
45 22 0.0002666666666666667
9 23  -0.1672999999999999
11 23 0.0002666666666666667
20 23  -0.2498000000000001
21 23 0.0001333333333333333
22 23  -0.4170999999999999
23 23               1.3366
26 23 0.0004000000000000001
40 23 0.0001333333333333334
43 23  -0.2498000000000001
44 23 0.0002666666666666667
46 23  -0.2497999999999999
10 24              -0.0046
13 24 0.0002666666666666667
14 24 -0.004600000000000001
16 24 0.0002666666666666667
21 24 -0.004600000000000001
22 24 0.0002666666666666667
24 24               0.1982
25 24               0.0004
29 24 0.0004000000000000002
30 24 0.0002666666666666668
32 24 -0.004600000000000001
41 24 0.0002666666666666668
42 24              -0.1696
47 24 -0.004599999999999998
48 24 0.0002666666666666667
10 25 0.0002666666666666666
12 25  -0.4171000000000001
16 25              -0.1696
19 25 0.0002666666666666668
22 25  -0.4170999999999999
24 25               0.0004
25 25    2.343200000000001
27 25 0.0002666666666666668
28 25 0.0004000000000000002
32 25 0.0002666666666666667
35 25  -0.4170999999999999
42 25 0.0002666666666666667
45 25  -0.4995999999999998
48 25  -0.4171000000000001
49 25 0.0002666666666666668
11 26  -0.2497999999999999
20 26 0.0001333333333333334
22 26 0.0002666666666666667
23 26 0.0004000000000000001
26 26    1.336514386061568
27 26  -0.2497771938277777
40 26  -0.2497776222079447
44 26  -0.4170347447259313
46 26 0.0002675106398326615
226 26  -0.1667005729795542
227 26 0.0006552655604832587
11 27 0.0001333333333333334
12 27  -0.2497999999999999
22 27 0.0004000000000000001
25 27 0.0002666666666666668
26 27  -0.2497771938277777
27 27     1.33651162742532
28 27    -0.24977643231293
44 27 0.0002675435858955439
45 27  -0.4170318433195928
227 27  -0.1666866441432692
228 27 0.0006688745026026106
12 28 0.0001333333333333334
19 28  -0.2497999999999999
25 28 0.0004000000000000002
27 28    -0.24977643231293
28 28     1.33661687676629
35 28 0.0002666666666666667
39 28   -0.249775249032051
45 28 0.0002676227145474932
49 28  -0.4169951406586205
228 28  -0.1656065566230549
229 28 0.001619237337633917
13 29 -0.001533333333333333
14 29 0.0001333333333333334
21 29 0.0001333333333333334
24 29 0.0004000000000000002
29 29 0.009400000000000002
30 29 -0.002300000000000001
41 29 -0.002300000000000001
47 29 0.0002666666666666668
54 29 -0.001533333333333334
14 30 -0.002299999999999999
24 30 0.0002666666666666668
29 30 -0.002300000000000001
30 30               0.0166
31 30 0.0001333333333333334
32 30 0.0004000000000000002
47 30 -0.004600000000000003
54 30 0.0001333333333333334
55 30 -0.002300000000000001
56 30 -0.002300000000000001
57 30 0.0002666666666666668
14 31              -0.0023
15 31 -0.002300000000000001
16 31 0.0002666666666666667
30 31 0.0001333333333333334
31 31               0.0166
32 31 -0.004600000000000002
33 31 0.0001333333333333334
34 31 0.0004000000000000001
56 31 -0.002299999999999999
58 31 -0.002299999999999999
59 31 0.0002666666666666668
14 32 0.0002666666666666667
16 32 -0.004600000000000001
24 32 -0.004600000000000001
25 32 0.0002666666666666667
30 32 0.0004000000000000002
31 32 -0.004600000000000002
32 32               0.1982
34 32 0.0002666666666666668
35 32 0.0004000000000000001
47 32 0.0002666666666666668
48 32              -0.1696
56 32 0.0002666666666666668
57 32 -0.004599999999999998
59 32 -0.004599999999999998
60 32 0.0002666666666666668
15 33 -0.002299999999999999
17 33              -0.0023
18 33 0.0002666666666666667
31 33 0.0001333333333333334
33 33  0.01659999999999999
34 33              -0.0046
36 33 0.0001333333333333333
37 33 0.0003999999999999999
58 33              -0.0023
61 33              -0.0023
62 33 0.0002666666666666666
15 34 0.0002666666666666667
16 34 -0.004599999999999998
18 34 -0.004600000000000001
19 34 0.0002666666666666667
31 34 0.0004000000000000001
32 34 0.0002666666666666668
33 34              -0.0046
34 34   0.1981999999999999
35 34  -0.1695999999999999
37 34 0.0002666666666666666
38 34 0.0003999999999999999
58 34 0.0002666666666666667
59 34 -0.004600000000000001
62 34 -0.004599999999999998
63 34 0.0002666666666666666
16 35 0.0002666666666666667
19 35  -0.4171000000000001
25 35  -0.4170999999999999
28 35 0.0002666666666666667
32 35 0.0004000000000000001
34 35  -0.1695999999999999
35 35    2.343200000000001
38 35 0.0002666666666666666
39 35 0.0004000000000000001
48 35 0.0002666666666666668
49 35  -0.4995999999999997
59 35 0.0002666666666666667
60 35  -0.4171000000000001
63 35  -0.4170999999999999
64 35 0.0002666666666666667
17 36 -0.0007666666666666665
33 36 0.0001333333333333333
36 36 0.007199999999999997
37 36 -0.002299999999999999
61 36              -0.0023
65 36 -0.0007666666666666665
66 36 0.0001333333333333333
17 37 0.0001333333333333333
18 37 -0.002299999999999999
33 37 0.0003999999999999999
34 37 0.0002666666666666666
36 37 -0.002299999999999999
37 37  0.01659999999999999
38 37 -0.002299999999999999
61 37 0.0002666666666666666
62 37 -0.004599999999999999
66 37 -0.002299999999999999
67 37 0.0001333333333333333
18 38 0.0001333333333333333
19 38  -0.1672999999999999
34 38 0.0003999999999999999
35 38 0.0002666666666666666
37 38 -0.002299999999999999
38 38               1.0066
39 38  -0.2497999999999998
62 38 0.0002666666666666666
63 38  -0.4170999999999999
67 38  -0.1672999999999999
68 38 0.0001333333333333333
19 39 0.0001333333333333333
28 39   -0.249775249032051
35 39 0.0004000000000000001
38 39  -0.2497999999999998
39 39    1.336534948744404
49 39 0.0002677330182994123
63 39 0.0002666666666666667
64 39  -0.4170083113223854
68 39  -0.2497735323260145
229 39  -0.1664934957025534
232 39 0.001231713063229017
20 40 -0.08326666666666663
23 40 0.0001333333333333334
26 40  -0.2497776222079447
40 40   0.5021937487298601
46 40  -0.1672544068718009
226 40 0.0006500791944779338
233 40 -0.0002561439130310442
21 41 -0.002299999999999999
24 41 0.0002666666666666668
29 41 -0.002300000000000001
41 41   0.1816000000000001
42 41 0.0004000000000000002
43 41 0.0001333333333333334
47 41 -0.004600000000000003
54 41 0.0001333333333333334
71 41 -0.002300000000000001
72 41 0.0002666666666666668
73 41  -0.1673000000000001
21 42 0.0002666666666666667
22 42  -0.4171000000000001
24 42              -0.1696
25 42 0.0002666666666666667
41 42 0.0004000000000000002
42 42    2.343200000000001
43 42              -0.4171
44 42 0.0002666666666666667
45 42 0.0004000000000000001
47 42 0.0002666666666666668
48 42              -0.4171
72 42  -0.4170999999999999
73 42 0.0002666666666666668
74 42  -0.4995999999999998
75 42 0.0002666666666666668
21 43  -0.1672999999999999
22 43 0.0002666666666666667
23 43  -0.2498000000000001
41 43 0.0001333333333333334
42 43              -0.4171
43 43               1.3366
44 43 0.0004000000000000001
46 43 0.0001333333333333334
73 43  -0.2497999999999999
74 43 0.0002666666666666668
76 43  -0.2497999999999999
22 44  -0.4995999999999997
23 44 0.0002666666666666667
26 44  -0.4170347447259313
27 44 0.0002675435858955439
42 44 0.0002666666666666667
43 44 0.0004000000000000001
44 44    2.343139025994799
45 44  -0.4170784154390473
46 44  -0.4170795602494414
74 44  -0.4171000000000002
76 44 0.0002666666666666667
77 44  -0.1692852874134272
78 44 0.0003451054460646135
226 44 0.001379527123046746
227 44 0.001993398592832902
22 45 0.0002666666666666667
25 45  -0.4995999999999998
27 45  -0.4170318433195928
28 45 0.0002676227145474932
42 45 0.0004000000000000001
44 45  -0.4170784154390473
45 45    2.343154972835518
48 45 0.0002666666666666668
49 45  -0.4170760190787016
74 45 0.0002666666666666667
75 45  -0.4171000000000002
78 45  -0.1691121916370428
79 45 0.000438780514182539
227 45 0.001586140898172193
228 45 0.002507277134791208
23 46  -0.2497999999999999
26 46 0.0002675106398326615
40 46  -0.1672544068718009
43 46 0.0001333333333333334
44 46  -0.4170795602494414
46 46    1.006571385687171
76 46              -0.1673
77 46 0.0003208918932237192
80 46 -0.00204410371277342
226 46 0.001803239229404791
233 46 0.001122006721720858
24 47 -0.004599999999999998
29 47 0.0002666666666666668
30 47 -0.004600000000000003
32 47 0.0002666666666666668
41 47 -0.004600000000000003
42 47 0.0002666666666666668
47 47   0.1982000000000001
48 47 0.0004000000000000002
54 47 0.0004000000000000001
55 47 0.0002666666666666667
57 47 -0.004600000000000003
71 47 0.0002666666666666668
72 47  -0.1696000000000001
81 47 -0.004600000000000002
82 47 0.0002666666666666668
24 48 0.0002666666666666667
25 48  -0.4171000000000001
32 48              -0.1696
35 48 0.0002666666666666668
42 48              -0.4171
45 48 0.0002666666666666668
47 48 0.0004000000000000002
48 48    2.343200000000001
49 48 0.0004000000000000002
57 48 0.0002666666666666668
60 48              -0.4171
72 48 0.0002666666666666668
75 48  -0.4995999999999999
82 48              -0.4171
83 48 0.0002666666666666669
25 49 0.0002666666666666668
28 49  -0.4169951406586205
35 49  -0.4995999999999997
39 49 0.0002677330182994123
45 49  -0.4170760190787016
48 49 0.0004000000000000002
49 49    2.343252445008565
60 49 0.0002666666666666667
64 49  -0.4170638069635918
75 49 0.0002666666666666667
79 49  -0.1684533994176652
83 49  -0.4170999972372278
228 49  0.00243676940345481
229 49 0.004467662042433465
239 49 0.001122183651218243
50 50    5721443.522554105
51 50    773742.0029335818
70 50    765698.9446638523
85 50     1989252.26225115
86 50    1331780.589909174
217 50    1705.688361537035
221 50    1643.159859994976
222 50    7938.620588426833
224 50    8708.122316915315
234 50    1873752.356003392
237 50    1200548.075322326
50 51    773742.0029335818
51 51    5818286.091312401
52 51    791661.6181395052
86 51    1992724.749378502
87 51    1332635.993534212
217 51    1667.050599604715
218 51    1747.170552839795
222 51    9730.633847131105
223 51    9266.595720815711
234 51    1238208.868250454
235 51    1934188.140971215
51 52    791661.6181395052
52 52    5994378.961978119
53 52    820129.2117308336
87 52    1997307.502942419
88 52    1333248.831704237
218 52    1714.499211736181
219 52    1816.364493930937
223 52    12352.79023289952
225 52    12211.15601888262
235 52    1317574.823482701
236 52    2040192.200247106
52 53    820129.2117308336
53 53    6257589.257669442
69 53    859406.5168634338
84 53    2198226.043161651
88 53    1999806.218818293
89 53    1333333.333333332
219 53     1789.51282570186
220 53    1919.685921806119
225 53    19378.89044782105
230 53    19052.72229195552
236 53    1445827.753574143
29 54 -0.001533333333333334
30 54 0.0001333333333333334
41 54 0.0001333333333333334
47 54 0.0004000000000000001
54 54 0.009400000000000002
55 54 -0.002300000000000001
71 54 -0.002300000000000001
81 54 0.0002666666666666667
90 54 -0.001533333333333334
30 55 -0.002300000000000001
47 55 0.0002666666666666667
54 55 -0.002300000000000001
55 55               0.0166
56 55 0.0001333333333333334
57 55 0.0004000000000000001
81 55 -0.004600000000000002
90 55 0.0001333333333333334
91 55 -0.002300000000000001
92 55 -0.002300000000000001
93 55 0.0002666666666666667
30 56 -0.002300000000000001
31 56 -0.002299999999999999
32 56 0.0002666666666666668
55 56 0.0001333333333333334
56 56               0.0166
57 56 -0.004600000000000003
58 56 0.0001333333333333334
59 56 0.0004000000000000002
92 56 -0.002300000000000001
94 56 -0.002299999999999999
95 56 0.0002666666666666668
30 57 0.0002666666666666668
32 57 -0.004599999999999998
47 57 -0.004600000000000003
48 57 0.0002666666666666668
55 57 0.0004000000000000001
56 57 -0.004600000000000003
57 57   0.1982000000000002
59 57 0.0002666666666666668
60 57 0.0004000000000000002
81 57 0.0002666666666666668
82 57  -0.1696000000000001
92 57 0.0002666666666666668
93 57 -0.004600000000000003
95 57 -0.004599999999999998
96 57 0.0002666666666666668
31 58 -0.002299999999999999
33 58              -0.0023
34 58 0.0002666666666666667
56 58 0.0001333333333333334
58 58               0.0166
59 58 -0.004600000000000001
61 58 0.0001333333333333333
62 58 0.0003999999999999999
94 58 -0.002299999999999999
97 58              -0.0023
98 58 0.0002666666666666667
31 59 0.0002666666666666668
32 59 -0.004599999999999998
34 59 -0.004600000000000001
35 59 0.0002666666666666667
56 59 0.0004000000000000002
57 59 0.0002666666666666668
58 59 -0.004600000000000001
59 59   0.1981999999999999
60 59  -0.1695999999999999
62 59 0.0002666666666666666
63 59 0.0003999999999999999
94 59 0.0002666666666666668
95 59 -0.004599999999999998
98 59 -0.004600000000000001
99 59 0.0002666666666666667
32 60 0.0002666666666666668
35 60  -0.4171000000000001
48 60              -0.4171
49 60 0.0002666666666666667
57 60 0.0004000000000000002
59 60  -0.1695999999999999
60 60    2.343200000000001
63 60 0.0002666666666666666
64 60 0.0004000000000000001
82 60 0.0002666666666666669
83 60              -0.4996
95 60 0.0002666666666666668
96 60  -0.4170999999999999
99 60  -0.4171000000000001
100 60 0.0002666666666666667
33 61              -0.0023
36 61              -0.0023
37 61 0.0002666666666666666
58 61 0.0001333333333333333
61 61  0.01659999999999999
62 61 -0.004599999999999997
65 61 0.0001333333333333333
66 61 0.0003999999999999999
97 61              -0.0023
101 61              -0.0023
102 61 0.0002666666666666666
33 62 0.0002666666666666666
34 62 -0.004599999999999998
37 62 -0.004599999999999999
38 62 0.0002666666666666666
58 62 0.0003999999999999999
59 62 0.0002666666666666666
61 62 -0.004599999999999997
62 62   0.1981999999999999
63 62  -0.1695999999999999
66 62 0.0002666666666666666
67 62 0.0003999999999999999
97 62 0.0002666666666666666
98 62 -0.004599999999999999
102 62 -0.004599999999999998
103 62 0.0002666666666666666
34 63 0.0002666666666666666
35 63  -0.4170999999999999
38 63  -0.4170999999999999
39 63 0.0002666666666666667
59 63 0.0003999999999999999
60 63 0.0002666666666666666
62 63  -0.1695999999999999
63 63               2.3432
64 63  -0.4995999999999996
67 63 0.0002666666666666666
68 63 0.0004000000000000001
98 63 0.0002666666666666666
99 63  -0.4170999999999999
103 63  -0.4170999999999999
104 63 0.0002666666666666667
35 64 0.0002666666666666667
39 64  -0.4170083113223854
49 64  -0.4170638069635918
60 64 0.0004000000000000001
63 64  -0.4995999999999996
64 64    2.343597982471504
68 64 0.0002679180530255685
83 64 0.0002666667181632789
99 64 0.0002666666666666667
100 64   -0.417069426089697
104 64  -0.4170231293574997
229 64 0.003267914337017316
232 64 0.006533609469437316
239 64  -0.1652419813519891
246 64 0.003782913096405954
36 65 -0.0007666666666666665
61 65 0.0001333333333333333
65 65 0.003599999999999998
66 65 -0.001533333333333333
101 65 -0.0007666666666666665
36 66 0.0001333333333333333
37 66 -0.002299999999999999
61 66 0.0003999999999999999
62 66 0.0002666666666666666
65 66 -0.001533333333333333
66 66 0.009399999999999995
67 66 -0.001533333333333333
101 66 0.0001333333333333333
102 66              -0.0023
37 67 0.0001333333333333333
38 67  -0.1672999999999999
62 67 0.0003999999999999999
63 67 0.0002666666666666666
66 67 -0.001533333333333333
67 67   0.5043999999999997
68 67  -0.1665333333333332
102 67 0.0001333333333333333
103 67  -0.1672999999999999
38 68 0.0001333333333333333
39 68  -0.2497735323260145
63 68 0.0004000000000000001
64 68 0.0002679180530255685
67 68  -0.1665333333333332
68 68   0.8342986075445469
103 68 0.0001333333333333334
104 68  -0.2497735323816012
232 68  -0.1664249426294662
53 69    859406.5168634336
69 69     3473469.14321127
84 69     1620590.60211459
89 69    1333333.333333332
105 69     859405.370506617
220 69    1899.419376887833
230 69    41164.30308740683
231 69    133.4956485354589
245 69    1899.385282724712
50 70    765698.9446638523
70 70    2860398.168616806
85 70     1331323.83145957
106 70    666403.1392009362
221 70    1585.147307685221
224 70    7230.319013196954
237 70    1302159.611217168
41 71 -0.002300000000000001
47 71 0.0002666666666666668
54 71 -0.002300000000000001
71 71               0.1816
72 71 0.0004000000000000001
73 71 0.0001333333333333334
81 71 -0.004600000000000002
90 71 0.0001333333333333334
107 71 -0.002300000000000001
108 71 0.0002666666666666667
109 71              -0.1673
41 72 0.0002666666666666668
42 72  -0.4170999999999999
47 72  -0.1696000000000001
48 72 0.0002666666666666668
71 72 0.0004000000000000001
72 72    2.343200000000001
73 72  -0.4171000000000001
74 72 0.0002666666666666668
75 72 0.0004000000000000002
81 72 0.0002666666666666667
82 72  -0.4171000000000001
108 72  -0.4171000000000001
109 72 0.0002666666666666668
110 72  -0.4995999999999999
111 72 0.0002666666666666668
41 73  -0.1673000000000001
42 73 0.0002666666666666668
43 73  -0.2497999999999999
71 73 0.0001333333333333334
72 73  -0.4171000000000001
73 73               1.3366
74 73 0.0004000000000000002
76 73 0.0001333333333333334
109 73  -0.2498000000000001
110 73 0.0002666666666666668
112 73  -0.2497999999999999
42 74  -0.4995999999999998
43 74 0.0002666666666666668
44 74  -0.4171000000000002
45 74 0.0002666666666666667
72 74 0.0002666666666666668
73 74 0.0004000000000000002
74 74    2.343200000000001
75 74              -0.4171
76 74              -0.4171
77 74 0.0002666666666666666
78 74 0.0003999999999999999
110 74  -0.4170999999999999
112 74 0.0002666666666666668
113 74  -0.1696000000000001
114 74 0.0002666666666666667
42 75 0.0002666666666666668
45 75  -0.4171000000000002
48 75  -0.4995999999999999
49 75 0.0002666666666666667
72 75 0.0004000000000000002
74 75              -0.4171
75 75    2.343200000000001
78 75 0.0002666666666666666
79 75 0.0004000000000000001
82 75 0.0002666666666666669
83 75              -0.4171
110 75 0.0002666666666666668
111 75              -0.4171
114 75  -0.1696000000000001
115 75 0.0002666666666666667
43 76  -0.2497999999999999
44 76 0.0002666666666666667
46 76              -0.1673
73 76 0.0001333333333333334
74 76              -0.4171
76 76               1.0066
77 76 0.0003999999999999999
80 76 0.0001333333333333333
112 76  -0.1672999999999999
113 76 0.0002666666666666667
116 76              -0.0023
44 77  -0.1692852874134272
46 77 0.0003208918932237192
74 77 0.0002666666666666666
76 77 0.0003999999999999999
77 77   0.3417849573852472
78 77  0.02189259839129434
80 77  0.02115508951783763
85 77  0.03333333333333334
86 77  0.06666666666666668
113 77  0.01808422947230247
116 77  0.01525340441475896
117 77  0.06666666666666667
118 77  0.03333333333333333
226 77  0.02604750004790774
227 77  0.02741691033131495
240 77 0.002808959589662023
241 77 0.003242238091641462
252 77  0.01237870254151613
253 77 0.006930457314733287
44 78 0.0003451054460646135
45 78  -0.1691121916370428
74 78 0.0003999999999999999
75 78 0.0002666666666666666
77 78  0.02189259839129434
78 78   0.3452774933737102
79 78   0.0235112435769705
86 78  0.03333333333333335
87 78  0.06666666666666668
113 78  0.01659693281042305
114 78  0.01965559915591912
118 78  0.06666666666666668
119 78  0.03333333333333334
227 78  0.02669696609406808
228 78  0.02827490310115983
241 78 0.002131451821382464
242 78 0.001854162406023187
253 78  0.01085035868002877
254 78 0.005271508653070056
45 79 0.000438780514182539
49 79  -0.1684533994176652
75 79 0.0004000000000000001
78 79   0.0235112435769705
79 79   0.3514813451708633
83 79 0.0002666058393173329
87 79  0.03333333333333333
88 79  0.06666666666666665
114 79  0.01957245444739712
115 79  0.02241811619838809
119 79  0.06666666666666665
120 79  0.03333333333333332
228 79  0.02785989059826096
229 79  0.02864050298517401
239 79  0.02577549035057607
242 79 0.0009731553832625905
243 79 0.0001842005388842278
254 79  0.00788554050593953
255 79 0.002589880572128412
46 80 -0.00204410371277342
76 80 0.0001333333333333333
77 80  0.02115508951783763
80 80   0.1015577621476315
85 80  0.06666666666666668
106 80  0.03333333333333334
116 80  0.01270813169194641
117 80  0.03333333333333333
121 80  0.06666666666666667
226 80  0.02694773752550218
233 80  0.01462236931177568
240 80 0.003915207428333796
247 80 0.0003272883809006765
252 80 0.007685547937681828
256 80 0.001805754597017287
47 81 -0.004600000000000002
54 81 0.0002666666666666667
55 81 -0.004600000000000002
57 81 0.0002666666666666668
71 81 -0.004600000000000002
72 81 0.0002666666666666667
81 81               0.1982
82 81 0.0004000000000000001
90 81 0.0004000000000000001
91 81 0.0002666666666666667
93 81 -0.004600000000000002
107 81 0.0002666666666666668
108 81              -0.1696
122 81 -0.004600000000000002
123 81 0.0002666666666666667
47 82 0.0002666666666666668
48 82              -0.4171
57 82  -0.1696000000000001
60 82 0.0002666666666666669
72 82  -0.4171000000000001
75 82 0.0002666666666666669
81 82 0.0004000000000000001
82 82    2.343200000000001
83 82 0.0004000000000000005
93 82 0.0002666666666666668
96 82              -0.4171
108 82 0.0002666666666666668
111 82              -0.4996
123 82  -0.4171000000000001
124 82 0.0002666666666666669
48 83 0.0002666666666666669
49 83  -0.4170999972372278
60 83              -0.4996
64 83 0.0002666667181632789
75 83              -0.4171
79 83 0.0002666058393173329
82 83 0.0004000000000000005
83 83    2.343199982967944
96 83 0.0002666666666666669
100 83  -0.4170999972695267
111 83 0.0002666666666666669
115 83  -0.1696000103381851
124 83  -0.4171000000000001
125 83 0.0002666863519598357
239 83 0.0003977592133778095
53 84    2198226.043161651
69 84     1620590.60211459
84 84    16092170.85574125
88 84    2666201.122894606
89 84    4000000.066666663
105 84    2198094.441273722
120 84    3973934.193785523
126 84    2666201.122976252
225 84    1903.720981459109
230 84    21534.80378857932
236 84    1858988.969414732
238 84  0.08781765001774619
244 84    1903.014343229386
250 84    999574.4344428256
257 84    1858987.194429795
50 85     1989252.26225115
70 85     1331323.83145957
77 85  0.03333333333333334
80 85  0.06666666666666668
85 85    1015619376.499174
86 85    174724839.4081196
106 85    174724827.9569135
117 85    331086592.4770198
121 85    330420249.7830098
234 85    2635489.564382314
237 85    3957513.131058953
50 86    1331780.589909174
51 86    1992724.749378502
77 86  0.06666666666666668
78 86  0.03333333333333335
85 86    174724839.4081196
86 86    1015620926.835791
87 86    174724860.3753806
117 86    330420254.5484763
118 86    331086734.7308614
234 86    3967360.301394596
235 86     2645581.92917229
51 87    1332635.993534212
52 87    1997307.502942419
78 87  0.06666666666666668
79 87  0.03333333333333333
86 87    174724860.3753806
87 87    1015622751.868225
88 87    174724871.7783221
118 87    330420262.2874956
119 87    331086879.4114163
235 87    3984027.669415178
236 87    2658651.196464751
52 88    1333248.831704237
53 88    1999806.218818293
79 88  0.06666666666666665
84 88    2666201.122894606
87 88    174724871.7783221
88 88    1015623557.792282
89 88    174724872.8049781
119 88    330420265.6787836
120 88     331086930.098791
236 88    3997570.908044925
53 89    1333333.333333332
69 89    1333333.333333332
84 89    4000000.066666663
88 89    174724872.8049781
89 89    666173865.2641947
105 89    1333333.333333333
120 89     330420265.898764
126 89     157028726.493786
54 90 -0.001533333333333334
55 90 0.0001333333333333334
71 90 0.0001333333333333334
81 90 0.0004000000000000001
90 90 0.005800000000000002
91 90 -0.001533333333333334
107 90 -0.001533333333333334
122 90 0.0001333333333333334
55 91 -0.002300000000000001
81 91 0.0002666666666666667
90 91 -0.001533333333333334
91 91 0.009400000000000002
92 91 0.0001333333333333334
93 91 0.0004000000000000001
122 91 -0.002300000000000001
127 91 -0.001533333333333334
128 91 0.0001333333333333334
55 92 -0.002300000000000001
56 92 -0.002300000000000001
57 92 0.0002666666666666668
91 92 0.0001333333333333334
92 92               0.0166
93 92 -0.004600000000000003
94 92 0.0001333333333333334
95 92 0.0004000000000000002
127 92 -0.002300000000000001
129 92 -0.002299999999999999
130 92 0.0002666666666666668
55 93 0.0002666666666666667
57 93 -0.004600000000000003
81 93 -0.004600000000000002
82 93 0.0002666666666666668
91 93 0.0004000000000000001
92 93 -0.004600000000000003
93 93   0.1982000000000001
95 93 0.0002666666666666668
96 93 0.0004000000000000002
122 93 0.0002666666666666668
123 93  -0.1696000000000001
127 93 0.0002666666666666668
128 93 -0.004600000000000003
130 93 -0.004599999999999998
131 93 0.0002666666666666668
56 94 -0.002299999999999999
58 94 -0.002299999999999999
59 94 0.0002666666666666668
92 94 0.0001333333333333334
94 94               0.0166
95 94 -0.004600000000000002
97 94 0.0001333333333333334
98 94 0.0004000000000000001
129 94              -0.0023
132 94 -0.002300000000000001
133 94 0.0002666666666666667
56 95 0.0002666666666666668
57 95 -0.004599999999999998
59 95 -0.004599999999999998
60 95 0.0002666666666666668
92 95 0.0004000000000000002
93 95 0.0002666666666666668
94 95 -0.004600000000000002
95 95               0.1982
96 95              -0.1696
98 95 0.0002666666666666668
99 95 0.0004000000000000001
129 95 0.0002666666666666667
130 95 -0.004600000000000001
133 95 -0.004600000000000002
134 95 0.0002666666666666667
57 96 0.0002666666666666668
60 96  -0.4170999999999999
82 96              -0.4171
83 96 0.0002666666666666669
93 96 0.0004000000000000002
95 96              -0.1696
96 96    2.343200000000001
99 96 0.0002666666666666668
100 96 0.0004000000000000002
123 96 0.0002666666666666668
124 96  -0.4995999999999999
130 96 0.0002666666666666667
131 96  -0.4171000000000001
134 96  -0.4171000000000001
135 96 0.0002666666666666668
58 97              -0.0023
61 97              -0.0023
62 97 0.0002666666666666666
94 97 0.0001333333333333334
97 97               0.0166
98 97 -0.004599999999999999
101 97 0.0001333333333333333
102 97 0.0003999999999999999
132 97 -0.002299999999999999
136 97              -0.0023
137 97 0.0002666666666666667
58 98 0.0002666666666666667
59 98 -0.004600000000000001
62 98 -0.004599999999999999
63 98 0.0002666666666666666
94 98 0.0004000000000000001
95 98 0.0002666666666666668
97 98 -0.004599999999999999
98 98   0.1981999999999999
99 98  -0.1695999999999999
102 98 0.0002666666666666666
103 98 0.0003999999999999999
132 98 0.0002666666666666667
133 98 -0.004599999999999998
137 98 -0.004600000000000001
138 98 0.0002666666666666667
59 99 0.0002666666666666667
60 99  -0.4171000000000001
63 99  -0.4170999999999999
64 99 0.0002666666666666667
95 99 0.0004000000000000001
96 99 0.0002666666666666668
98 99  -0.1695999999999999
99 99               2.3432
100 99  -0.4995999999999997
103 99 0.0002666666666666666
104 99 0.0004000000000000001
133 99 0.0002666666666666667
134 99  -0.4170999999999998
138 99  -0.4171000000000001
139 99 0.0002666666666666667
60 100 0.0002666666666666667
64 100   -0.417069426089697
83 100  -0.4170999972695267
96 100 0.0004000000000000002
99 100  -0.4995999999999997
100 100    2.343292127330274
104 100 0.0002677338847293202
124 100 0.0002666666666666667
125 100  -0.1683247940519765
134 100 0.0002666666666666668
135 100  -0.4170756169816697
139 100  -0.4170293235941132
239 100 0.000472313661177178
246 100 0.003734042929345541
261 100 0.002807491706787185
61 101              -0.0023
65 101 -0.0007666666666666665
66 101 0.0001333333333333333
97 101 0.0001333333333333333
101 101 0.007199999999999997
102 101 -0.002299999999999999
136 101 -0.0007666666666666665
61 102 0.0002666666666666666
62 102 -0.004599999999999998
66 102              -0.0023
67 102 0.0001333333333333333
97 102 0.0003999999999999999
98 102 0.0002666666666666666
101 102 -0.002299999999999999
102 102  0.01659999999999999
103 102 -0.002299999999999999
136 102 0.0001333333333333333
137 102              -0.0023
62 103 0.0002666666666666666
63 103  -0.4170999999999999
67 103  -0.1672999999999999
68 103 0.0001333333333333334
98 103 0.0003999999999999999
99 103 0.0002666666666666666
102 103 -0.002299999999999999
103 103               1.0066
104 103  -0.2497999999999998
137 103 0.0001333333333333333
138 103  -0.1672999999999999
63 104 0.0002666666666666667
64 104  -0.4170231293574997
68 104  -0.2497735323816012
99 104 0.0004000000000000001
100 104 0.0002677338847293202
103 104  -0.2497999999999998
104 104    1.336467073219739
138 104 0.0001333333333333334
139 104  -0.2497752486397661
232 104 0.0004763724895310924
246 104  -0.1668493151137261
69 105     859405.370506617
84 105    2198094.441273722
89 105    1333333.333333333
105 105    6257444.611499621
126 105    1999806.218818293
140 105    820131.7395867599
230 105    19043.19935107042
244 105    19378.42323098327
245 105    1919.713465269956
257 105    1445817.348347864
260 105    1789.505145207144
70 106    666403.1392009363
80 106  0.03333333333333334
85 106    174724827.9569135
106 106    349449655.6732969
121 106    174058198.6257738
237 106     1331413.87249061
71 107 -0.002300000000000001
81 107 0.0002666666666666668
90 107 -0.001533333333333334
107 107   0.1744000000000001
108 107 0.0004000000000000001
109 107 0.0001333333333333334
122 107 -0.002300000000000001
141 107  -0.1665333333333333
142 107 0.0001333333333333334
71 108 0.0002666666666666667
72 108  -0.4171000000000001
81 108              -0.1696
82 108 0.0002666666666666668
107 108 0.0004000000000000001
108 108    2.343200000000001
109 108  -0.4171000000000001
110 108 0.0002666666666666668
111 108 0.0004000000000000002
122 108 0.0002666666666666667
123 108  -0.4171000000000001
141 108 0.0002666666666666668
142 108  -0.4171000000000001
143 108  -0.4995999999999999
144 108 0.0002666666666666668
71 109              -0.1673
72 109 0.0002666666666666668
73 109  -0.2498000000000001
107 109 0.0001333333333333334
108 109  -0.4171000000000001
109 109    1.336600000000001
110 109 0.0004000000000000002
112 109 0.0001333333333333334
141 109  -0.2498000000000001
143 109 0.0002666666666666668
145 109  -0.2497999999999999
72 110  -0.4995999999999999
73 110 0.0002666666666666668
74 110  -0.4170999999999999
75 110 0.0002666666666666668
108 110 0.0002666666666666668
109 110 0.0004000000000000002
110 110    2.343200000000001
111 110  -0.4171000000000001
112 110  -0.4171000000000001
113 110 0.0002666666666666667
114 110 0.0004000000000000001
143 110  -0.4171000000000002
145 110 0.0002666666666666667
146 110              -0.1696
147 110 0.0002666666666666667
72 111 0.0002666666666666668
75 111              -0.4171
82 111              -0.4996
83 111 0.0002666666666666669
108 111 0.0004000000000000002
110 111  -0.4171000000000001
111 111    2.343200000000001
114 111 0.0002666666666666668
115 111 0.0004000000000000002
123 111 0.0002666666666666668
124 111              -0.4171
143 111 0.0002666666666666667
144 111  -0.4171000000000002
147 111              -0.1696
148 111 0.0002666666666666668
73 112  -0.2497999999999999
74 112 0.0002666666666666668
76 112  -0.1672999999999999
109 112 0.0001333333333333334
110 112  -0.4171000000000001
112 112               1.0066
113 112 0.0004000000000000001
116 112 0.0001333333333333334
145 112              -0.1673
146 112 0.0002666666666666667
149 112 -0.002300000000000001
74 113  -0.1696000000000001
76 113 0.0002666666666666667
77 113  0.01808422947230247
78 113  0.01659693281042305
110 113 0.0002666666666666667
112 113 0.0004000000000000001
113 113   0.3167774644892311
114 113  0.01483302648337155
116 113  0.01353285653181464
117 113  0.03333333333333334
118 113  0.06666666666666668
146 113  0.01206316709900896
149 113 0.008655439717094697
150 113  0.06666666666666667
151 113  0.03333333333333333
252 113   0.0102006559675117
253 113  0.01506586192162645
266 113  0.01959355162340022
267 113  0.01320034244983591
74 114 0.0002666666666666667
75 114  -0.1696000000000001
78 114  0.01965559915591912
79 114  0.01957245444739713
110 114 0.0004000000000000001
111 114 0.0002666666666666668
113 114  0.01483302648337155
114 114   0.3236853547340671
115 114  0.01756300970668109
118 114  0.03333333333333335
119 114  0.06666666666666668
146 114  0.01008274910096005
147 114  0.01431822903064757
151 114  0.06666666666666668
152 114  0.03333333333333334
253 114 0.008766996071514575
254 114   0.0120433216514482
267 114  0.01777021818192654
268 114  0.01083009396680552
75 115 0.0002666666666666667
79 115  0.02241811619838809
83 115  -0.1696000103381851
111 115 0.0004000000000000002
114 115  0.01756300970668109
115 115   0.3356033851835758
119 115  0.03333333333333333
120 115  0.06666666666666665
124 115 0.0002666666666666667
125 115  0.02190157527278261
147 115  0.01332573658105604
148 115  0.01824483877081396
152 115  0.06666666666666665
153 115  0.03333333333333332
239 115  0.02493523145613986
254 115 0.006203196813478524
255 115 0.006684192993768523
268 115  0.01427474761349048
269 115 0.006833399974027671
76 116              -0.0023
77 116  0.01525340441475896
80 116  0.01270813169194641
112 116 0.0001333333333333334
113 116  0.01353285653181464
116 116  0.09536735809012506
117 116  0.06666666666666668
121 116  0.03333333333333334
149 116 0.009529779852981493
150 116  0.03333333333333333
154 116  0.06666666666666667
252 116  0.01641891696892086
256 116 0.002821748940767145
266 116  0.01431852768707647
270 116 0.005388671352744434
77 117  0.06666666666666667
80 117  0.03333333333333333
85 117    331086592.4770198
86 117    330420254.5484763
113 117  0.03333333333333334
116 117  0.06666666666666668
117 117    1990387688.530822
118 117    331084233.3027653
121 117    331083501.8903404
150 117    331078059.3983722
154 117    330419256.9886862
234 117    3742393.602278423
237 117    2537052.096436493
248 117    2409658.358941891
251 117    3584049.288591635
77 118  0.03333333333333333
78 118  0.06666666666666668
86 118    331086734.7308614
87 118    330420262.2874956
113 118  0.06666666666666668
114 118  0.03333333333333335
117 118    331084233.3027653
118 118    1990426443.603352
119 118     331085628.581785
150 118    330419523.1207868
151 118    331081231.6337767
234 118    2558382.437157703
235 118     3800514.86713619
248 118    3653447.777892472
249 118    2473159.862894725
78 119  0.03333333333333334
79 119  0.06666666666666665
87 119    331086879.4114163
88 119    330420265.6787836
114 119  0.06666666666666668
115 119  0.03333333333333333
118 119     331085628.581785
119 119    1990478478.607012
