%%MatrixMarket matrix coordinate real general
1089 1089 36199
1 1 3.001208973566319e-05
4 1 3.909221613297292e-06
7 1 -7.716700863809202e-06
28 1 -7.702032403605581e-06
31 1 3.902729525428977e-06
34 1 1.330380990355227e-05
37 1 -2.904687064938492e-05
46 1 -6.704250093380356e-06
64 1 -6.394438690280609e-06
67 1 7.845120819920227e-06
70 1 -1.488998002585885e-05
73 1 -6.679881818746782e-06
2 2 3.001208973566319e-05
5 2 3.909221613297292e-06
8 2 -7.716700863809202e-06
29 2 -7.702032403605581e-06
32 2 3.902729525428977e-06
35 2 1.330380990355227e-05
38 2 -2.904687064938492e-05
47 2 -6.704250093380356e-06
65 2 -6.394438690280609e-06
68 2 7.845120819920227e-06
71 2 -1.488998002585885e-05
74 2 -6.679881818746782e-06
3 3 3.001208973566319e-05
6 3 3.909221613297292e-06
9 3 -7.716700863809202e-06
30 3 -7.702032403605581e-06
33 3 3.902729525428977e-06
36 3 1.330380990355227e-05
39 3 -2.904687064938492e-05
48 3 -6.704250093380356e-06
66 3 -6.394438690280609e-06
69 3 7.845120819920227e-06
72 3 -1.488998002585885e-05
75 3 -6.679881818746782e-06
1 4 3.909221613297292e-06
4 4 3.008971366525719e-05
7 4 -7.715144361256859e-06
10 4 3.92308887626038e-06
13 4 -7.745824987233848e-06
34 4 7.861069311015448e-06
37 4 -6.701475398617903e-06
40 4 1.330511325762353e-05
43 4 -6.450371123470485e-06
46 4 -1.496084973767178e-05
49 4 -2.919202070404608e-05
58 4 -6.753589735657756e-06
2 5 3.909221613297292e-06
5 5 3.008971366525719e-05
8 5 -7.715144361256859e-06
11 5 3.92308887626038e-06
14 5 -7.745824987233848e-06
35 5 7.861069311015448e-06
38 5 -6.701475398617903e-06
41 5 1.330511325762353e-05
44 5 -6.450371123470485e-06
47 5 -1.496084973767178e-05
50 5 -2.919202070404608e-05
59 5 -6.753589735657756e-06
3 6 3.909221613297292e-06
6 6 3.008971366525719e-05
9 6 -7.715144361256859e-06
12 6 3.92308887626038e-06
15 6 -7.745824987233848e-06
36 6 7.861069311015448e-06
39 6 -6.701475398617903e-06
42 6 1.330511325762353e-05
45 6 -6.450371123470485e-06
48 6 -1.496084973767178e-05
51 6 -2.919202070404608e-05
60 6 -6.753589735657756e-06
1 7 -7.716700863809202e-06
4 7 -7.715144361256859e-06
7 7 2.393714657733416e-05
34 7 -6.828068901601809e-06
37 7 1.170702004537344e-05
46 7 1.171256943489834e-05
2 8 -7.716700863809202e-06
5 8 -7.715144361256859e-06
8 8 2.393714657733416e-05
35 8 -6.828068901601809e-06
38 8 1.170702004537344e-05
47 8 1.171256943489834e-05
3 9 -7.716700863809202e-06
6 9 -7.715144361256859e-06
9 9 2.393714657733416e-05
36 9 -6.828068901601809e-06
39 9 1.170702004537344e-05
48 9 1.171256943489834e-05
4 10 3.92308887626038e-06
10 10 3.022436298185193e-05
13 10 -7.743001602557896e-06
16 10 3.944465574471704e-06
19 10 -7.79001824257571e-06
40 10 7.88932790389084e-06
49 10 -6.74854215477989e-06
52 10 1.330854076822191e-05
55 10 -6.554920169000568e-06
58 10 -1.510198455605181e-05
61 10 -2.943304385723403e-05
82 10 -6.829226528289758e-06
5 11 3.92308887626038e-06
11 11 3.022436298185193e-05
14 11 -7.743001602557896e-06
17 11 3.944465574471704e-06
20 11 -7.79001824257571e-06
41 11 7.88932790389084e-06
50 11 -6.74854215477989e-06
53 11 1.330854076822191e-05
56 11 -6.554920169000568e-06
59 11 -1.510198455605181e-05
62 11 -2.943304385723403e-05
83 11 -6.829226528289758e-06
6 12 3.92308887626038e-06
12 12 3.022436298185193e-05
15 12 -7.743001602557896e-06
18 12 3.944465574471704e-06
21 12 -7.79001824257571e-06
42 12 7.88932790389084e-06
51 12 -6.74854215477989e-06
54 12 1.330854076822191e-05
57 12 -6.554920169000568e-06
60 12 -1.510198455605181e-05
63 12 -2.943304385723403e-05
84 12 -6.829226528289758e-06
4 13 -7.745824987233848e-06
10 13 -7.743001602557896e-06
13 13 2.402829298316867e-05
40 13 -6.858016278631302e-06
49 13 1.179124610904569e-05
58 13 1.180134127080144e-05
5 14 -7.745824987233848e-06
11 14 -7.743001602557896e-06
14 14 2.402829298316867e-05
41 14 -6.858016278631302e-06
50 14 1.179124610904569e-05
59 14 1.180134127080144e-05
6 15 -7.745824987233848e-06
12 15 -7.743001602557896e-06
15 15 2.402829298316867e-05
42 15 -6.858016278631302e-06
51 15 1.179124610904569e-05
60 15 1.180134127080144e-05
10 16 3.944465574471704e-06
16 16 3.04173680428096e-05
19 16 -7.785892285010533e-06
22 16 3.973568751096003e-06
25 16 -7.849755632435354e-06
52 16 7.929550269686067e-06
61 16 -6.821815816717701e-06
76 16 1.331279212866773e-05
79 16 -6.71086556876083e-06
82 16 -1.531601502823646e-05
85 16 -2.977301183852645e-05
154 16 -6.932386917122469e-06
11 17 3.944465574471704e-06
17 17 3.04173680428096e-05
20 17 -7.785892285010533e-06
23 17 3.973568751096003e-06
26 17 -7.849755632435354e-06
53 17 7.929550269686067e-06
62 17 -6.821815816717701e-06
77 17 1.331279212866773e-05
80 17 -6.71086556876083e-06
83 17 -1.531601502823646e-05
86 17 -2.977301183852645e-05
155 17 -6.932386917122469e-06
12 18 3.944465574471704e-06
18 18 3.04173680428096e-05
21 18 -7.785892285010533e-06
24 18 3.973568751096003e-06
27 18 -7.849755632435354e-06
54 18 7.929550269686067e-06
63 18 -6.821815816717701e-06
78 18 1.331279212866773e-05
81 18 -6.71086556876083e-06
84 18 -1.531601502823646e-05
87 18 -2.977301183852645e-05
156 18 -6.932386917122469e-06
10 19 -7.79001824257571e-06
16 19 -7.785892285010533e-06
19 19 2.41667018355774e-05
52 19 -6.90333177166485e-06
61 19 1.192173963722404e-05
82 19 1.193656106036823e-05
11 20 -7.79001824257571e-06
17 20 -7.785892285010533e-06
20 20 2.41667018355774e-05
53 20 -6.90333177166485e-06
62 20 1.192173963722404e-05
83 20 1.193656106036823e-05
12 21 -7.79001824257571e-06
18 21 -7.785892285010533e-06
21 21 2.41667018355774e-05
54 21 -6.90333177166485e-06
63 21 1.192173963722404e-05
84 21 1.193656106036823e-05
16 22 3.973568751096003e-06
22 22 1.238173253553431e-05
25 22 -7.844274968546382e-06
76 22 7.981114781921576e-06
85 22 -6.922479889900477e-06
154 22 -1.560706075166977e-05
175 22 3.973568751096003e-06
178 22 -6.922479889900477e-06
181 22 -7.844274968546382e-06
17 23 3.973568751096003e-06
23 23 1.238173253553431e-05
26 23 -7.844274968546382e-06
77 23 7.981114781921576e-06
86 23 -6.922479889900477e-06
155 23 -1.560706075166977e-05
176 23 3.973568751096003e-06
179 23 -6.922479889900477e-06
182 23 -7.844274968546382e-06
18 24 3.973568751096003e-06
24 24 1.238173253553431e-05
27 24 -7.844274968546382e-06
78 24 7.981114781921576e-06
87 24 -6.922479889900477e-06
156 24 -1.560706075166977e-05
177 24 3.973568751096003e-06
180 24 -6.922479889900477e-06
183 24 -7.844274968546382e-06
16 25 -7.849755632435354e-06
22 25 -7.844274968546382e-06
25 25 2.43539163548754e-05
76 25 -6.964223036717351e-06
85 25 1.210066629491298e-05
154 25 1.212048034935697e-05
17 26 -7.849755632435354e-06
23 26 -7.844274968546382e-06
26 26 2.43539163548754e-05
77 26 -6.964223036717351e-06
86 26 1.210066629491298e-05
155 26 1.212048034935697e-05
18 27 -7.849755632435354e-06
24 27 -7.844274968546382e-06
27 27 2.43539163548754e-05
78 27 -6.964223036717351e-06
87 27 1.210066629491298e-05
156 27 1.212048034935697e-05
1 28 -7.702032403605581e-06
28 28 2.389226795415396e-05
31 28 -7.702342478366632e-06
67 28 -6.813346130959347e-06
70 28 1.166880887151794e-05
73 28 1.166770435017999e-05
2 29 -7.702032403605581e-06
29 29 2.389226795415396e-05
32 29 -7.702342478366632e-06
68 29 -6.813346130959347e-06
71 29 1.166880887151794e-05
74 29 1.166770435017999e-05
3 30 -7.702032403605581e-06
30 30 2.389226795415396e-05
33 30 -7.702342478366632e-06
69 30 -6.813346130959347e-06
72 30 1.166880887151794e-05
75 30 1.166770435017999e-05
1 31 3.902729525428977e-06
28 31 -7.702342478366632e-06
31 31 1.797589237084922e-05
67 31 9.428432768647243e-06
70 31 -6.680434079415793e-06
73 31 -2.163932051084718e-05
2 32 3.902729525428977e-06
29 32 -7.702342478366632e-06
32 32 1.797589237084922e-05
68 32 9.428432768647243e-06
71 32 -6.680434079415793e-06
74 32 -2.163932051084718e-05
3 33 3.902729525428977e-06
30 33 -7.702342478366632e-06
33 33 1.797589237084922e-05
69 33 9.428432768647243e-06
72 33 -6.680434079415793e-06
75 33 -2.163932051084718e-05
1 34 1.330380990355227e-05
4 34 7.861069311015448e-06
7 34 -6.828068901601809e-06
34 34 0.0001091867329557489
37 34 -2.991993239784853e-05
40 34 1.32784144751688e-05
43 34 -2.883618172961358e-05
46 34 -1.536579076991975e-05
49 34 -6.568199026742726e-06
64 34 -2.863656828159973e-05
67 34 1.327309988626602e-05
70 34 -6.513824709230128e-06
199 34 1.320834676766691e-05
202 34 -2.767376306872784e-05
211 34 -5.937904228913556e-06
229 34 -5.660636253590428e-06
232 34 7.503169734157326e-06
235 34 -1.357398035526113e-05
238 34 -5.846028492853597e-06
2 35 1.330380990355227e-05
5 35 7.861069311015448e-06
8 35 -6.828068901601809e-06
35 35 0.0001091867329557489
38 35 -2.991993239784853e-05
41 35 1.32784144751688e-05
44 35 -2.883618172961358e-05
47 35 -1.536579076991975e-05
50 35 -6.568199026742726e-06
65 35 -2.863656828159973e-05
68 35 1.327309988626602e-05
71 35 -6.513824709230128e-06
200 35 1.320834676766691e-05
203 35 -2.767376306872784e-05
212 35 -5.937904228913556e-06
230 35 -5.660636253590428e-06
233 35 7.503169734157326e-06
236 35 -1.357398035526113e-05
239 35 -5.846028492853597e-06
3 36 1.330380990355227e-05
6 36 7.861069311015448e-06
9 36 -6.828068901601809e-06
36 36 0.0001091867329557489
39 36 -2.991993239784853e-05
42 36 1.32784144751688e-05
45 36 -2.883618172961358e-05
48 36 -1.536579076991975e-05
51 36 -6.568199026742726e-06
66 36 -2.863656828159972e-05
69 36 1.327309988626602e-05
72 36 -6.513824709230128e-06
201 36 1.320834676766691e-05
204 36 -2.767376306872784e-05
213 36 -5.937904228913556e-06
231 36 -5.660636253590428e-06
234 36 7.503169734157326e-06
237 36 -1.357398035526113e-05
240 36 -5.846028492853597e-06
1 37 -2.904687064938492e-05
4 37 -6.701475398617903e-06
7 37 1.170702004537344e-05
34 37 -2.991993239784853e-05
37 37 0.0001057598764069019
46 37 1.145938242893055e-05
64 37 1.09225311249251e-05
67 37 -6.517829423752991e-06
70 37 1.116130316282416e-05
2 38 -2.904687064938492e-05
5 38 -6.701475398617903e-06
8 38 1.170702004537344e-05
35 38 -2.991993239784853e-05
38 38 0.0001057598764069019
47 38 1.145938242893055e-05
65 38 1.09225311249251e-05
68 38 -6.517829423752991e-06
71 38 1.116130316282416e-05
3 39 -2.904687064938492e-05
6 39 -6.701475398617903e-06
9 39 1.170702004537344e-05
36 39 -2.991993239784853e-05
39 39 0.0001057598764069019
48 39 1.145938242893055e-05
66 39 1.09225311249251e-05
69 39 -6.517829423752991e-06
72 39 1.116130316282416e-05
4 40 1.330511325762353e-05
10 40 7.88932790389084e-06
13 40 -6.858016278631302e-06
34 40 1.32784144751688e-05
40 40 0.0001101569729673383
43 40 -2.874086305402157e-05
46 40 -6.558083162174956e-06
49 40 -2.995497375639859e-05
52 40 1.328936599633172e-05
55 40 -2.9127960809924e-05
58 40 -1.545516831191138e-05
61 40 -6.658020156971013e-06
199 40 7.551958726004536e-06
202 40 -5.922705252051603e-06
205 40 1.323253218334511e-05
208 40 -5.780508053683454e-06
211 40 -1.37446593217865e-05
214 40 -2.800913637286583e-05
223 40 -6.114506375177944e-06
5 41 1.330511325762353e-05
11 41 7.88932790389084e-06
14 41 -6.858016278631302e-06
35 41 1.32784144751688e-05
41 41 0.0001101569729673383
44 41 -2.874086305402157e-05
47 41 -6.558083162174956e-06
50 41 -2.995497375639859e-05
53 41 1.328936599633172e-05
56 41 -2.9127960809924e-05
59 41 -1.545516831191138e-05
62 41 -6.658020156971013e-06
200 41 7.551958726004536e-06
203 41 -5.922705252051603e-06
206 41 1.323253218334511e-05
209 41 -5.780508053683454e-06
212 41 -1.37446593217865e-05
215 41 -2.800913637286583e-05
224 41 -6.114506375177944e-06
6 42 1.330511325762353e-05
12 42 7.88932790389084e-06
15 42 -6.858016278631302e-06
36 42 1.32784144751688e-05
42 42 0.0001101569729673383
45 42 -2.874086305402157e-05
48 42 -6.558083162174956e-06
51 42 -2.995497375639859e-05
54 42 1.328936599633172e-05
57 42 -2.9127960809924e-05
60 42 -1.545516831191138e-05
63 42 -6.658020156971013e-06
201 42 7.551958726004536e-06
204 42 -5.922705252051603e-06
207 42 1.323253218334511e-05
210 42 -5.780508053683454e-06
213 42 -1.37446593217865e-05
216 42 -2.800913637286583e-05
225 42 -6.114506375177944e-06
4 43 -6.450371123470485e-06
34 43 -2.883618172961358e-05
40 43 -2.874086305402157e-05
43 43 9.973012269184604e-05
46 43 1.103000894595862e-05
49 43 1.105024067509402e-05
199 43 -6.020314499449237e-06
202 43 9.874836509602996e-06
211 43 9.905234463326945e-06
5 44 -6.450371123470485e-06
35 44 -2.883618172961358e-05
41 44 -2.874086305402157e-05
44 44 9.973012269184604e-05
47 44 1.103000894595862e-05
50 44 1.105024067509402e-05
200 44 -6.020314499449237e-06
203 44 9.874836509602996e-06
212 44 9.905234463326945e-06
6 45 -6.450371123470485e-06
36 45 -2.883618172961358e-05
42 45 -2.874086305402157e-05
45 45 9.973012269184604e-05
48 45 1.103000894595862e-05
51 45 1.105024067509402e-05
201 45 -6.020314499449237e-06
204 45 9.874836509602996e-06
213 45 9.905234463326945e-06
1 46 -6.704250093380356e-06
4 46 -1.496084973767178e-05
7 46 1.171256943489834e-05
34 46 -1.536579076991975e-05
37 46 1.145938242893055e-05
40 46 -6.558083162174956e-06
43 46 1.103000894595862e-05
46 46 4.543171384792215e-05
49 46 1.126566475250303e-05
2 47 -6.704250093380356e-06
5 47 -1.496084973767178e-05
8 47 1.171256943489834e-05
35 47 -1.536579076991975e-05
38 47 1.145938242893055e-05
41 47 -6.558083162174956e-06
44 47 1.103000894595862e-05
47 47 4.543171384792215e-05
50 47 1.126566475250303e-05
3 48 -6.704250093380356e-06
6 48 -1.496084973767178e-05
9 48 1.171256943489834e-05
36 48 -1.536579076991975e-05
39 48 1.145938242893055e-05
42 48 -6.558083162174956e-06
45 48 1.103000894595862e-05
48 48 4.543171384792215e-05
51 48 1.126566475250303e-05
4 49 -2.919202070404608e-05
10 49 -6.74854215477989e-06
13 49 1.179124610904569e-05
34 49 -6.568199026742726e-06
40 49 -2.995497375639859e-05
43 49 1.105024067509402e-05
46 49 1.126566475250303e-05
49 49 0.0001065641244239231
58 49 1.158239302309861e-05
5 50 -2.919202070404608e-05
11 50 -6.74854215477989e-06
14 50 1.179124610904569e-05
35 50 -6.568199026742726e-06
41 50 -2.995497375639859e-05
44 50 1.105024067509402e-05
47 50 1.126566475250303e-05
50 50 0.0001065641244239231
59 50 1.158239302309861e-05
6 51 -2.919202070404608e-05
12 51 -6.74854215477989e-06
15 51 1.179124610904569e-05
36 51 -6.568199026742726e-06
42 51 -2.995497375639859e-05
45 51 1.105024067509402e-05
48 51 1.126566475250303e-05
51 51 0.0001065641244239231
60 51 1.158239302309861e-05
10 52 1.330854076822191e-05
16 52 7.929550269686067e-06
19 52 -6.90333177166485e-06
40 52 1.328936599633172e-05
52 52 0.0001117753056991007
55 52 -2.896766622970278e-05
58 52 -6.641412212399043e-06
61 52 -3.001248171026917e-05
76 52 1.330254582184149e-05
79 52 -2.954579541286221e-05
82 52 -1.558244699897829e-05
85 52 -6.78912522101489e-06
205 52 7.642112760246546e-06
214 52 -6.088031629095546e-06
217 52 1.326699123028999e-05
220 52 -6.006019223433316e-06
223 52 -1.408700703882233e-05
226 52 -2.855538923556414e-05
304 52 -6.386976357674727e-06
11 53 1.330854076822191e-05
17 53 7.929550269686067e-06
20 53 -6.90333177166485e-06
41 53 1.328936599633172e-05
53 53 0.0001117753056991007
56 53 -2.896766622970278e-05
59 53 -6.641412212399043e-06
62 53 -3.001248171026917e-05
77 53 1.330254582184149e-05
80 53 -2.954579541286221e-05
83 53 -1.558244699897829e-05
86 53 -6.78912522101489e-06
206 53 7.642112760246546e-06
215 53 -6.088031629095546e-06
218 53 1.326699123028999e-05
221 53 -6.006019223433316e-06
224 53 -1.408700703882233e-05
227 53 -2.855538923556414e-05
305 53 -6.386976357674727e-06
12 54 1.330854076822191e-05
18 54 7.929550269686067e-06
21 54 -6.90333177166485e-06
42 54 1.328936599633172e-05
54 54 0.0001117753056991007
57 54 -2.896766622970278e-05
60 54 -6.641412212399043e-06
63 54 -3.001248171026917e-05
78 54 1.330254582184149e-05
81 54 -2.954579541286221e-05
84 54 -1.558244699897829e-05
87 54 -6.78912522101489e-06
207 54 7.642112760246546e-06
216 54 -6.088031629095546e-06
219 54 1.326699123028999e-05
222 54 -6.006019223433316e-06
225 54 -1.408700703882233e-05
228 54 -2.855538923556414e-05
306 54 -6.386976357674727e-06
10 55 -6.554920169000568e-06
40 55 -2.9127960809924e-05
52 55 -2.896766622970278e-05
55 55 0.0001019233585800942
58 55 1.125017302642118e-05
61 55 1.128338891556506e-05
205 55 -6.185768531520185e-06
214 55 1.02392242696716e-05
223 55 1.029217376183633e-05
11 56 -6.554920169000568e-06
41 56 -2.9127960809924e-05
53 56 -2.896766622970278e-05
56 56 0.0001019233585800942
59 56 1.125017302642118e-05
62 56 1.128338891556506e-05
206 56 -6.185768531520185e-06
215 56 1.02392242696716e-05
224 56 1.029217376183633e-05
12 57 -6.554920169000568e-06
42 57 -2.9127960809924e-05
54 57 -2.896766622970278e-05
57 57 0.0001019233585800942
60 57 1.125017302642118e-05
63 57 1.128338891556506e-05
207 57 -6.185768531520185e-06
216 57 1.02392242696716e-05
225 57 1.029217376183633e-05
4 58 -6.753589735657756e-06
10 58 -1.510198455605181e-05
13 58 1.180134127080144e-05
40 58 -1.545516831191138e-05
49 58 1.158239302309861e-05
52 58 -6.641412212399043e-06
55 58 1.125017302642118e-05
58 58 4.605039690830106e-05
61 58 1.145637300236203e-05
5 59 -6.753589735657756e-06
11 59 -1.510198455605181e-05
14 59 1.180134127080144e-05
41 59 -1.545516831191138e-05
50 59 1.158239302309861e-05
53 59 -6.641412212399043e-06
56 59 1.125017302642118e-05
59 59 4.605039690830106e-05
62 59 1.145637300236203e-05
6 60 -6.753589735657756e-06
12 60 -1.510198455605181e-05
15 60 1.180134127080144e-05
42 60 -1.545516831191138e-05
51 60 1.158239302309861e-05
54 60 -6.641412212399043e-06
57 60 1.125017302642118e-05
60 60 4.605039690830106e-05
63 60 1.145637300236203e-05
10 61 -2.943304385723403e-05
16 61 -6.821815816717701e-06
19 61 1.192173963722404e-05
40 61 -6.658020156971013e-06
52 61 -3.001248171026917e-05
55 61 1.128338891556506e-05
58 61 1.145637300236203e-05
61 61 0.0001078948649673913
82 61 1.177352915047386e-05
11 62 -2.943304385723403e-05
17 62 -6.821815816717701e-06
20 62 1.192173963722404e-05
41 62 -6.658020156971013e-06
53 62 -3.001248171026917e-05
56 62 1.128338891556506e-05
59 62 1.145637300236203e-05
62 62 0.0001078948649673913
83 62 1.177352915047386e-05
12 63 -2.943304385723403e-05
18 63 -6.821815816717701e-06
21 63 1.192173963722404e-05
42 63 -6.658020156971013e-06
54 63 -3.001248171026917e-05
57 63 1.128338891556506e-05
60 63 1.145637300236203e-05
63 63 0.0001078948649673913
84 63 1.177352915047386e-05
1 64 -6.394438690280609e-06
34 64 -2.863656828159973e-05
37 64 1.09225311249251e-05
64 64 9.85996310984288e-05
67 64 -2.86710697662715e-05
70 64 1.091452169587936e-05
232 64 -5.938329770594096e-06
235 64 9.712551644934539e-06
238 64 9.702974579058864e-06
2 65 -6.394438690280609e-06
35 65 -2.863656828159973e-05
38 65 1.09225311249251e-05
65 65 9.85996310984288e-05
68 65 -2.86710697662715e-05
71 65 1.091452169587936e-05
233 65 -5.938329770594096e-06
236 65 9.712551644934539e-06
239 65 9.702974579058864e-06
3 66 -6.394438690280609e-06
36 66 -2.863656828159973e-05
39 66 1.09225311249251e-05
66 66 9.85996310984288e-05
69 66 -2.86710697662715e-05
72 66 1.091452169587936e-05
234 66 -5.938329770594096e-06
237 66 9.712551644934539e-06
240 66 9.702974579058864e-06
1 67 7.845120819920227e-06
28 67 -6.813346130959347e-06
31 67 9.428432768647243e-06
34 67 1.327309988626602e-05
37 67 -6.517829423752991e-06
64 67 -2.86710697662715e-05
67 67 8.095145758651099e-05
70 67 -1.531508078203351e-05
73 67 -2.23447019815726e-05
232 67 9.484551003617186e-06
235 67 -5.850817025791452e-06
238 67 -2.083117390976894e-05
2 68 7.845120819920227e-06
29 68 -6.813346130959347e-06
32 68 9.428432768647243e-06
35 68 1.327309988626602e-05
38 68 -6.517829423752991e-06
65 68 -2.86710697662715e-05
68 68 8.095145758651099e-05
71 68 -1.531508078203351e-05
74 68 -2.23447019815726e-05
233 68 9.484551003617186e-06
236 68 -5.850817025791452e-06
239 68 -2.083117390976894e-05
3 69 7.845120819920227e-06
30 69 -6.813346130959347e-06
33 69 9.428432768647243e-06
36 69 1.327309988626602e-05
39 69 -6.517829423752991e-06
66 69 -2.86710697662715e-05
69 69 8.095145758651099e-05
72 69 -1.531508078203351e-05
75 69 -2.23447019815726e-05
234 69 9.484551003617186e-06
237 69 -5.850817025791452e-06
240 69 -2.083117390976894e-05
1 70 -1.488998002585885e-05
28 70 1.166880887151794e-05
31 70 -6.680434079415793e-06
34 70 -6.513824709230128e-06
37 70 1.116130316282416e-05
64 70 1.091452169587936e-05
67 70 -1.531508078203351e-05
70 70 4.511602080076053e-05
73 70 1.140188024709286e-05
2 71 -1.488998002585885e-05
29 71 1.166880887151794e-05
32 71 -6.680434079415793e-06
35 71 -6.513824709230128e-06
38 71 1.116130316282416e-05
65 71 1.091452169587936e-05
68 71 -1.531508078203351e-05
71 71 4.511602080076053e-05
74 71 1.140188024709286e-05
3 72 -1.488998002585885e-05
30 72 1.166880887151794e-05
33 72 -6.680434079415793e-06
36 72 -6.513824709230128e-06
39 72 1.116130316282416e-05
66 72 1.091452169587936e-05
69 72 -1.531508078203351e-05
72 72 4.511602080076053e-05
75 72 1.140188024709286e-05
1 73 -6.679881818746782e-06
28 73 1.166770435017999e-05
31 73 -2.163932051084718e-05
67 73 -2.23447019815726e-05
70 73 1.140188024709286e-05
73 73 8.319039100184891e-05
2 74 -6.679881818746782e-06
29 74 1.166770435017999e-05
32 74 -2.163932051084718e-05
68 74 -2.23447019815726e-05
71 74 1.140188024709286e-05
74 74 8.319039100184891e-05
3 75 -6.679881818746782e-06
30 75 1.166770435017999e-05
33 75 -2.163932051084718e-05
69 75 -2.23447019815726e-05
72 75 1.140188024709286e-05
75 75 8.319039100184891e-05
16 76 1.331279212866773e-05
22 76 7.981114781921576e-06
25 76 -6.964223036717351e-06
52 76 1.330254582184149e-05
76 76 0.000114085792252101
79 76 -2.931339319067637e-05
82 76 -6.765380767714646e-06
85 76 -3.00880378060746e-05
154 76 -1.574608947685339e-05
175 76 1.331279213653254e-05
178 76 -3.008803749241944e-05
181 76 -6.964223036717351e-06
217 76 7.770032582862925e-06
226 76 -6.347671355430519e-06
304 76 -1.460747690225385e-05
349 76 1.330254574527317e-05
352 76 -6.347671355430519e-06
355 76 -2.931339281565656e-05
358 76 -6.765380767714646e-06
17 77 1.331279212866773e-05
23 77 7.981114781921576e-06
26 77 -6.964223036717351e-06
53 77 1.330254582184149e-05
77 77 0.000114085792252101
80 77 -2.931339319067637e-05
83 77 -6.765380767714646e-06
86 77 -3.00880378060746e-05
155 77 -1.574608947685339e-05
176 77 1.331279213653254e-05
179 77 -3.008803749241944e-05
182 77 -6.964223036717351e-06
218 77 7.770032582862925e-06
227 77 -6.347671355430519e-06
305 77 -1.460747690225385e-05
350 77 1.330254574527317e-05
353 77 -6.347671355430519e-06
356 77 -2.931339281565656e-05
359 77 -6.765380767714646e-06
18 78 1.331279212866773e-05
24 78 7.981114781921576e-06
27 78 -6.964223036717351e-06
54 78 1.330254582184149e-05
78 78 0.000114085792252101
81 78 -2.931339319067637e-05
84 78 -6.765380767714646e-06
87 78 -3.00880378060746e-05
156 78 -1.574608947685339e-05
177 78 1.331279213653254e-05
180 78 -3.008803749241944e-05
183 78 -6.964223036717351e-06
219 78 7.770032582862925e-06
228 78 -6.347671355430519e-06
306 78 -1.460747690225385e-05
351 78 1.330254574527317e-05
354 78 -6.347671355430519e-06
357 78 -2.931339281565656e-05
360 78 -6.765380767714646e-06
16 79 -6.71086556876083e-06
52 79 -2.954579541286221e-05
76 79 -2.931339319067637e-05
79 79 0.0001052404054290408
82 79 1.158213666200178e-05
85 79 1.162962556860225e-05
217 79 -6.439539123247483e-06
226 79 1.081428254078096e-05
304 79 1.089289254526937e-05
17 80 -6.71086556876083e-06
53 80 -2.954579541286221e-05
77 80 -2.931339319067637e-05
80 80 0.0001052404054290408
83 80 1.158213666200178e-05
86 80 1.162962556860225e-05
218 80 -6.439539123247483e-06
227 80 1.081428254078096e-05
305 80 1.089289254526937e-05
18 81 -6.71086556876083e-06
54 81 -2.954579541286221e-05
78 81 -2.931339319067637e-05
81 81 0.0001052404054290408
84 81 1.158213666200178e-05
87 81 1.162962556860225e-05
219 81 -6.439539123247483e-06
228 81 1.081428254078096e-05
306 81 1.089289254526937e-05
10 82 -6.829226528289758e-06
16 82 -1.531601502823646e-05
19 82 1.193656106036823e-05
52 82 -1.558244699897829e-05
61 82 1.177352915047386e-05
76 82 -6.765380767714646e-06
79 82 1.158213666200178e-05
82 82 4.69873030785206e-05
85 82 1.173865596650986e-05
11 83 -6.829226528289758e-06
17 83 -1.531601502823646e-05
20 83 1.193656106036823e-05
53 83 -1.558244699897829e-05
62 83 1.177352915047386e-05
77 83 -6.765380767714646e-06
80 83 1.158213666200178e-05
83 83 4.69873030785206e-05
86 83 1.173865596650986e-05
12 84 -6.829226528289758e-06
18 84 -1.531601502823646e-05
21 84 1.193656106036823e-05
54 84 -1.558244699897829e-05
63 84 1.177352915047386e-05
78 84 -6.765380767714646e-06
81 84 1.158213666200178e-05
84 84 4.69873030785206e-05
87 84 1.173865596650986e-05
16 85 -2.977301183852645e-05
22 85 -6.922479889900477e-06
25 85 1.210066629491298e-05
52 85 -6.78912522101489e-06
76 85 -3.00880378060746e-05
79 85 1.162962556860225e-05
82 85 1.173865596650986e-05
85 85 0.0001097758676464971
154 85 1.203699405572326e-05
17 86 -2.977301183852645e-05
23 86 -6.922479889900477e-06
26 86 1.210066629491298e-05
53 86 -6.78912522101489e-06
77 86 -3.00880378060746e-05
80 86 1.162962556860225e-05
83 86 1.173865596650986e-05
86 86 0.0001097758676464971
155 86 1.203699405572326e-05
18 87 -2.977301183852645e-05
24 87 -6.922479889900477e-06
27 87 1.210066629491298e-05
54 87 -6.78912522101489e-06
78 87 -3.00880378060746e-05
81 87 1.162962556860225e-05
84 87 1.173865596650986e-05
87 87 0.0001097758676464971
156 87 1.203699405572326e-05
88 88  0.08625446819437221
89 88 -0.003379217576814475
90 88  0.01184999799852165
91 88 -0.02719297386163928
92 88 0.0007612579424696877
93 88 -0.00510695831180645
94 88  0.02158175947826503
95 88 -0.007127186274622225
96 88 0.006646060121438685
97 88 0.008130912668030529
98 88  0.00271294837148087
99 88 0.003688604586317686
100 88   0.0111723478648878
101 88 0.003568695437154179
102 88 0.007779572725505905
106 88 0.004178271123612738
107 88 -0.000997382426097567
109 88 -0.007181438147260659
110 88 0.003548126586035239
111 88 -0.001193778815309174
112 88 -0.01342642939974042
113 88 0.0006766334567664225
114 88 0.0009581014042895387
115 88  0.00119298887390565
116 88 0.0002361244836278831
117 88 0.000235677411019637
88 89 -0.003379217576814475
89 89   0.1168498508187851
90 89 -0.01935568231608394
91 89 0.0005075052949797883
92 89 -0.03763667681716228
93 89  0.00569177372606866
94 89 -0.00701224782598229
95 89  0.02158175947826503
96 89 0.006277209385661845
97 89 0.004069422557221331
98 89 0.001348541739328344
99 89 0.005914973235770365
100 89  0.00350553615037434
101 89  0.03589455799840643
102 89 -0.01141114404094731
106 89 -0.0006649216173983773
107 89  0.01462394893264458
108 89 -0.003513349506214355
109 89  0.00349116529845871
110 89 -0.02336745293276512
111 89 0.005166704523739562
112 89 -0.0006746586032576087
113 89 -0.04577563644346589
114 89   0.0134572231467347
115 89 0.000157416322418589
116 89 0.001191014020396835
117 89 -0.00218297201499847
88 90  0.01184999799852165
89 90 -0.01935568231608394
90 90   0.2265065579094905
91 90 -0.003404638874537611
92 90 0.006852829056736923
93 90 -0.08473170556021439
94 90 0.001356869592361081
95 90 0.001099100619512395
96 90  0.07553615817392795
97 90 0.005532906879476518
98 90 0.0008694783352488414
99 90  0.03524056526680901
100 90 0.001236382484163385
101 90 -0.008827310826152387
102 90  0.05916970553998709
107 90 -0.005270024259321509
108 90 0.004178271123612738
109 90 -0.001790668222963766
110 90 0.007750056785609345
111 90 -0.006788642462227944
112 90 0.001633549948950675
113 90  0.01849721335844922
114 90 -0.01680367212304608
115 90 0.0001571182740130905
116 90 -0.001585836660844858
117 90 0.004177435912178605
88 91 -0.02719297386163928
89 91 0.0005075052949797883
90 91 -0.003404638874537611
91 91  0.02927247436073702
92 91 -0.0004601570312936198
94 91 -0.04927319600338713
95 91  0.00136682680905354
96 91 0.002888628709777517
97 91 -0.01668634137009944
98 91 -0.0005100534950443948
99 91 -0.002829615956316405
100 91 -0.04091441685522743
101 91 0.0005240069639878169
102 91 0.004318398566520954
106 91 -0.001937330097599227
107 91 0.0002626610627170076
109 91 0.005111705289536012
110 91 -0.001797133559691415
111 91 0.0007345817499387259
112 91 0.004841643398114577
113 91 0.0006641622159053639
114 91 -0.0006641622159053642
115 91 -0.0009940868202815579
116 91 6.037951208140562e-05
187 91 -0.00016790777541581
188 91 -3.855452432994986e-05
190 91 0.005139706149513929
191 91 -9.534179596757644e-05
193 91  0.00418733770726319
194 91 -0.0006687180278473354
196 91 -0.001943721450857152
197 91 0.0001770005897409973
241 91  0.01880614121083527
242 91 -0.001918509400622854
243 91 -0.006824634502003661
244 91 -0.007790365351040469
245 91 0.000443503079271953
246 91 0.003069315238678493
250 91  0.01891548903271457
251 91 -4.715153471881658e-06
252 91 -0.006864085413709295
256 91 -0.0008343207302117388
257 91 2.290487990253444e-05
258 91 -0.0009137596919833434
274 91 0.0002122756668830892
275 91 -0.0001188914872301084
276 91 -7.041953403336194e-05
331 91 0.0001741955881611375
332 91 -1.28338047032339e-08
333 91 -7.464241826435565e-05
338 91 0.001931970148718948
339 91 -0.001093255072834977
341 91 -0.0004454169801418205
342 91 0.0002693999351055816
343 91 -0.0002229768998087114
344 91 9.756727779106254e-05
345 91 -5.901275346111266e-05
346 91 4.878131164757398e-05
347 91 -9.835447047583636e-07
88 92 0.0007612579424696878
89 92 -0.03763667681716228
90 92 0.006852829056736923
91 92 -0.0004601570312936198
92 92  0.03368267309441551
93 92 -0.004797199108450327
94 92  0.00133626245190602
95 92 -0.04861139778237589
96 92 0.002954965366052747
97 92 -0.0007650802425665925
98 92 -0.02715468563825744
99 92 0.003594696198882997
100 92 0.0005558454211676356
101 92 -0.04026072207132789
102 92 0.007936857693331315
106 92 0.0001751073751446716
107 92 -0.006780655341597296
108 92 0.001762222722454556
109 92 -0.001751557553048743
110 92  0.01789096851337609
111 92 -0.004426810594378675
112 92 0.0009962433238580443
113 92  0.01528534635363758
114 92 -0.005173724506067247
115 92 7.937497140613807e-05
116 92 -0.001290751825971836
117 92 0.001152900244783618
187 92 -5.783178649492469e-05
188 92 -0.0005876772139553361
189 92 -0.0007650802425665923
190 92 -0.0001430126939513604
191 92  0.01798897152329881
192 92 -0.006491772838134322
193 92 -0.001003077041771007
194 92   0.0146556819754212
195 92 -0.00527792951912378
196 92 0.0002655008846114957
197 92 -0.006803025078000018
198 92 0.002650081291674226
241 92 -0.00190843479140749
242 92 0.005373183203095797
243 92 0.001061026212578182
244 92 0.0004407439781493587
245 92 -0.002225818671725854
246 92 -0.0002611354655425018
250 92 -3.143435647917203e-06
251 92 0.005404425437918452
256 92 2.358033839817275e-05
257 92 -0.0003925454897916405
258 92 5.698637797419759e-05
274 92 -0.0001183829548386068
275 92 0.0002148183288405982
276 92 7.041953403336194e-05
331 92 -8.555869802162625e-09
332 92 4.977016804603924e-05
337 92 0.001924696618991724
339 92 -0.001072917768251006
340 92 -0.0004436255242914129
342 92 0.0002640255675543585
343 92 9.717362213566647e-05
344 92 -0.0002205047588125482
345 92 -5.783178649492468e-05
346 92 -1.475317057137551e-06
347 92 0.0001707345907665089
348 92 -7.169665041422347e-05
88 93 -0.00510695831180645
89 93  0.00569177372606866
90 93 -0.08473170556021439
92 93 -0.004797199108450327
93 93  0.06434919393428841
94 93 0.004283765770115319
95 93 0.004384254893666711
96 93  -0.0988071344614876
97 93 -0.004244423934474577
98 93 0.004754477429518972
99 93 -0.04793385052719002
100 93 0.005716131439795343
101 93 0.006507286362877107
102 93 -0.06997288473462825
107 93 0.002643334083681833
108 93 -0.001937330097599227
109 93 0.001043189679880286
110 93 -0.006581532946540218
111 93 0.005111705289536012
112 93 -0.0009962433238580445
113 93 -0.006930383989219194
114 93 0.006502048937877999
116 93 0.0008991475972937282
117 93 -0.002537126469989374
188 93 -0.0005100534950443946
189 93 -0.00016790777541581
191 93 -0.004327848558756203
192 93 0.005139706149513929
194 93 -0.003518619679415855
195 93  0.00418733770726319
197 93 0.001766720861116155
198 93 -0.001943721450857152
241 93 -0.004549756334669114
242 93 0.0007073508083854561
243 93 0.005373183203095797
244 93 0.002046210159118997
245 93 -0.0001740903103616681
246 93 -0.002225818671725854
250 93 -0.004576056942472858
252 93 0.005404425437918452
256 93 -0.0006091731279888926
257 93 3.799091864946508e-05
258 93 -0.0002726369377785284
274 93 -4.694635602224134e-05
275 93 4.694635602224133e-05
276 93 9.490977682748623e-05
331 93 -4.97616121762371e-05
333 93 4.977016804603924e-05
337 93 -0.0007288367152233178
338 93 -0.0007152785121673377
340 93 0.0001795999567370545
341 93 0.0001760170450362389
343 93 -3.934183564074179e-05
344 93 -3.855452432994987e-05
345 93 -9.855147969361323e-05
347 93 -4.77977669428156e-05
348 93 4.878131164757398e-05
88 94  0.02158175947826503
89 94 -0.00701224782598229
90 94 0.001356869592361081
91 94 -0.04927319600338713
92 94  0.00133626245190602
93 94 0.004283765770115319
94 94   0.1642964072530709
95 94 -0.007733977596794805
96 94 -0.01712000287744665
97 94  0.01351415566877076
98 94 0.003509502227141538
99 94 -0.002474582197429407
100 94  0.03983995704984429
101 94 0.003756748297087685
102 94 -0.009316512451451545
187 94 4.036976792664941e-07
188 94 0.0004286860605519489
189 94 -0.0004940740153137933
190 94 -0.01647681223041592
191 94 0.003980828950636756
192 94 -0.002404569363378732
193 94 -0.007211024453815946
194 94 0.003511787272264871
195 94 -0.001797829800550148
196 94 0.005139302451834673
197 94 -0.001766836481906224
198 94 0.001050623052708091
241 94 -0.02550138824899595
242 94 0.004083019653320518
243 94 0.008375998269123247
244 94  0.01880068416592464
245 94 -0.001919612771254824
246 94 -0.006943817466913796
250 94 -0.06202864291361612
251 94  0.00409969336362234
252 94  0.02161566103830159
256 94 0.0001148048667899782
257 94 0.000478197176050831
258 94 0.002435954501332688
331 94 -0.0007043006928825234
332 94 4.806936589802475e-08
333 94 0.0003072874761708661
337 94 -0.0003665199933206965
338 94 -0.00819535434129662
339 94 0.004845269855756763
340 94 9.614387074258435e-05
341 94 0.001922381757991521
342 94 -0.00120971593610151
343 94 0.000852142743047281
344 94 -0.0004828643606074764
345 94 0.0003007841963996629
346 94 -0.0002039558905935083
347 94 3.738097902307337e-06
348 94 -1.904905941835349e-07
88 95 -0.007127186274622225
89 95  0.02158175947826503
90 95 0.001099100619512395
91 95  0.00136682680905354
92 95 -0.04861139778237589
93 95 0.004384254893666712
94 95 -0.007733977596794805
95 95   0.1631792594100562
96 95 -0.01770173814188343
97 95 0.003569474028351523
98 95  0.03772929326708033
99 95 -0.00886702134564714
100 95 0.003612842462619821
101 95  0.01345631496770645
102 95 -0.002862823581379256
187 95 0.0004448896944644652
188 95 1.412941877434593e-06
189 95 0.002222871588638335
190 95 0.004126534610569369
191 95 -0.05947584503940261
192 95  0.02060107902785342
193 95 0.003571274756406959
194 95 -0.02345465372456883
195 95 0.007769885309475297
196 95 -0.00181454845769039
197 95  0.01798755858142136
198 95 -0.006610745766702123
241 95  0.00406602389495303
242 95 -0.007908321587811721
243 95 -0.00212885445248482
244 95 -0.001910936688918703
245 95 0.005371624047407042
246 95  0.00118471107190736
250 95 0.004081315564422643
251 95 -0.01709339516821796
252 95 -0.002621366363408397
256 95 0.0004740077843331823
257 95 3.280139051142209e-05
258 95 -0.0005885699033068109
331 95 3.204624393193788e-08
332 95 -0.0002080923455402391
333 95 -1.530528068178419e-09
337 95 -0.008166301445906325
338 95 -0.0003665199933206965
339 95  0.00476745616247559
340 95 0.001915130226828666
341 95 9.614387074258435e-05
342 95 -0.001188935125533185
343 95 -0.0004810085611681503
344 95 0.0008427537530288247
345 95 0.0002957870674376056
346 95 5.607146853461024e-06
347 95 -0.0006907752479173361
348 95 0.0002959031057989961
88 96 0.006646060121438685
89 96 0.006277209385661845
90 96  0.07553615817392795
91 96 0.002888628709777517
92 96 0.002954965366052747
93 96  -0.0988071344614876
94 96 -0.01712000287744665
95 96 -0.01770173814188343
96 96   0.2900094549267822
97 96 0.003894754174367224
98 96   -0.011455823203085
99 96  0.06474734187709909
100 96 -0.01195248869416568
101 96 0.003832931338945158
102 96  0.06639994618765753
187 96 -0.0003447569750753456
188 96 0.001489598567571721
189 96 4.036976792664941e-07
190 96 -0.001762145229682316
191 96  0.01389315167266543
192 96 -0.01685017116431971
193 96 -0.001198553200366761
194 96 0.005179923539650196
195 96 -0.006814595150752163
196 96 0.0007402283138931865
197 96 -0.004446976789889216
198 96 0.005139302451834673
241 96 0.005583998846082144
242 96 -0.001419236301656551
243 96 -0.00742437996373504
244 96 -0.004669678609075441
245 96 0.0008302743457378096
246 96 0.005371624047407042
250 96   0.0145726326786965
251 96 -0.001909769562100981
252 96 -0.01755331427578632
256 96 0.001631651768987417
257 96 -0.0004080695424729296
258 96 3.280139051142209e-05
331 96 0.0002128670983900724
332 96 -2.295792102266111e-09
333 96 -0.0002321148620485535
337 96 0.003389278891267677
338 96 0.003340496094812437
339 96 -0.001282819976622437
340 96 -0.0008461314939936502
341 96 -0.000833089106048303
342 96 0.0003365035475990453
343 96 0.0002078883148564299
344 96 0.0002050321200116601
345 96 0.0002627426803013792
346 96 -2.857358912753026e-07
347 96 0.0002051176024144651
348 96 -0.0002270262597534515
88 97 0.008130912668030529
89 97  0.00406942255722133
90 97 0.005532906879476518
91 97 -0.01668634137009944
92 97 -0.0007650802425665926
93 97 -0.004244423934474577
94 97  0.01351415566877076
95 97 0.003569474028351523
96 97 0.003894754174367224
97 97  0.06093624184969901
98 97 -0.003389558624721547
99 97  0.01521325494102274
187 97 -0.0003169244334673698
188 97 -0.0002377672756361499
189 97 0.0004756248574744141
190 97 -0.008686791506124543
191 97 -0.003570934304904115
192 97 0.002372222299688434
193 97 -0.01345097061393922
194 97 -0.00067840365594723
195 97 0.001639258079324638
196 97 0.004855743914549435
197 97 0.001002847518202738
198 97 -0.001002847518202739
88 98  0.00271294837148087
89 98 0.001348541739328344
90 98 0.0008694783352488414
91 98 -0.0005100534950443948
92 98 -0.02715468563825744
93 98 0.004754477429518972
94 98 0.003509502227141538
95 98  0.03772929326708033
96 98   -0.011455823203085
97 98 -0.003389558624721547
98 98  0.09216207984856267
99 98 -0.01939877534079413
187 98 -0.0001585115170907666
188 98 -0.0003165274213450997
189 98 0.002194198899479183
190 98 -0.003511692641970398
191 98 -0.02493042077687737
192 98  0.01145980219659861
193 98 0.0006788006680694993
194 98  -0.0458659460116574
195 98  0.01853232698872316
196 98 0.0006685650121351586
197 98  0.01532369117058517
198 98 -0.006949333365756593
88 99 0.003688604586317686
89 99 0.005914973235770365
90 99  0.03524056526680901
91 99 -0.002829615956316405
92 99 0.003594696198882997
93 99 -0.04793385052719002
94 99 -0.002474582197429407
95 99 -0.00886702134564714
96 99  0.06474734187709909
97 99  0.01521325494102274
98 99 -0.01939877534079413
99 99   0.1403880738403719
187 99 0.0003170832383162769
188 99 0.001594892197228423
189 99 -0.001109632529258056
190 99  0.00171362463414688
191 99 0.008869674007989574
192 99 -0.01197977983383231
193 99 0.0009606956185285013
194 99  0.01348582209380899
195 99 -0.01684378291791989
196 99 -0.0006685650121351589
197 99 -0.005190026420617025
198 99  0.00652715644488735
88 100   0.0111723478648878
89 100 0.003505536150374339
90 100 0.001236382484163385
91 100 -0.04091441685522743
92 100 0.0005558454211676357
93 100 0.005716131439795343
94 100  0.03983995704984429
95 100 0.003612842462619821
96 100 -0.01195248869416568
100 100   0.1432260929946944
101 100 -0.007678177629700496
102 100 -0.02536796441747807
106 100 0.005113706110088309
107 100 -0.0001361123116674231
109 100 -0.01637246591549409
110 100 0.004075055874852074
111 100 -0.001744631677904855
112 100 -0.008644605920503007
113 100 -0.003490698319331019
114 100 0.001698845184261957
115 100 0.002117916063569281
116 100 -0.0004232436927572958
117 100 -0.0002447072087115046
241 100 -0.06315827846269854
242 100 0.004055113029334765
243 100  0.02551762830354038
244 100   0.0194986522893691
