%%MatrixMarket matrix coordinate real general
1359 1359 35353
1 1 3.486013151421911e-06
4 1 2.409197694257519e-07
7 1 -1.558877704471648e-07
22 1 -1.513474842164809e-07
25 1 2.337926204306595e-07
28 1 1.900681118379207e-06
31 1 -1.311120932261957e-06
40 1 -6.651122515310135e-08
46 1 -3.20849560521883e-08
49 1 3.156713860634222e-07
52 1 -1.839463105042893e-07
55 1 -6.262223156639399e-08
70 1 -8.890128701440796e-06
76 1 -1.136718007846904e-06
79 1 -8.980114402997407e-07
82 1 -3.559730039833069e-06
85 1 -9.237407693634423e-07
91 1 -3.800258605542446e-06
94 1 -7.870308124934405e-06
2 2 3.486013151421911e-06
5 2 2.409197694257519e-07
8 2 -1.558877704471648e-07
23 2 -1.513474842164809e-07
26 2 2.337926204306595e-07
29 2 1.900681118379207e-06
32 2 -1.311120932261957e-06
41 2 -6.651122515310135e-08
47 2 -3.20849560521883e-08
50 2 3.156713860634222e-07
53 2 -1.839463105042893e-07
56 2 -6.262223156639399e-08
71 2 -8.890128701440796e-06
77 2 -1.136718007846904e-06
80 2 -8.980114402997407e-07
83 2 -3.559730039833069e-06
86 2 -9.237407693634423e-07
92 2 -3.800258605542446e-06
95 2 -7.870308124934405e-06
3 3 3.486013151421911e-06
6 3 2.409197694257519e-07
9 3 -1.558877704471648e-07
24 3 -1.513474842164809e-07
27 3 2.337926204306595e-07
30 3 1.900681118379207e-06
33 3 -1.311120932261957e-06
42 3 -6.651122515310135e-08
48 3 -3.20849560521883e-08
51 3 3.156713860634222e-07
54 3 -1.839463105042893e-07
57 3 -6.262223156639399e-08
72 3 -8.890128701440796e-06
78 3 -1.136718007846904e-06
81 3 -8.980114402997407e-07
84 3 -3.559730039833069e-06
87 3 -9.237407693634423e-07
93 3 -3.800258605542446e-06
96 3 -7.870308124934405e-06
1 4 2.409197694257519e-07
4 4 3.63899100820438e-06
7 4 -1.560473335755029e-07
10 4 2.548767233576848e-07
13 4 -1.648824657903572e-07
28 4 3.382156718412913e-07
31 4 -6.645592039104659e-08
34 4 2.044535858251326e-06
37 4 -3.667944515201336e-08
40 4 -1.987993164842957e-07
43 4 -1.430222038698379e-06
64 4 -7.442976817849478e-08
85 4 -9.227192075054954e-06
91 4 -1.220704270983884e-06
94 4 -9.232492972743155e-07
100 4 -3.833376570006983e-06
103 4 -9.734609871486445e-07
109 4 -4.132574158478167e-06
112 4 -8.201894725361557e-06
2 5 2.409197694257519e-07
5 5 3.63899100820438e-06
8 5 -1.560473335755029e-07
11 5 2.548767233576848e-07
14 5 -1.648824657903572e-07
29 5 3.382156718412913e-07
32 5 -6.645592039104659e-08
35 5 2.044535858251326e-06
38 5 -3.667944515201336e-08
41 5 -1.987993164842957e-07
44 5 -1.430222038698379e-06
65 5 -7.442976817849478e-08
86 5 -9.227192075054954e-06
92 5 -1.220704270983884e-06
95 5 -9.232492972743155e-07
101 5 -3.833376570006983e-06
104 5 -9.734609871486445e-07
110 5 -4.132574158478167e-06
113 5 -8.201894725361557e-06
3 6 2.409197694257519e-07
6 6 3.63899100820438e-06
9 6 -1.560473335755029e-07
12 6 2.548767233576848e-07
15 6 -1.648824657903572e-07
30 6 3.382156718412913e-07
33 6 -6.645592039104659e-08
36 6 2.044535858251326e-06
39 6 -3.667944515201336e-08
42 6 -1.987993164842957e-07
45 6 -1.430222038698379e-06
66 6 -7.442976817849478e-08
87 6 -9.227192075054954e-06
93 6 -1.220704270983884e-06
96 6 -9.232492972743155e-07
102 6 -3.833376570006983e-06
105 6 -9.734609871486445e-07
111 6 -4.132574158478167e-06
114 6 -8.201894725361557e-06
1 7 -1.558877704471648e-07
4 7 -1.560473335755029e-07
7 7 1.051979926106855e-07
28 7 -7.165728217899164e-08
31 7 3.829598059692077e-08
40 7 3.840659012103045e-08
85 7 6.386094515513774e-07
91 7 2.379304245431556e-07
94 7 6.376265073731231e-07
2 8 -1.558877704471648e-07
5 8 -1.560473335755029e-07
8 8 1.051979926106855e-07
29 8 -7.165728217899164e-08
32 8 3.829598059692077e-08
41 8 3.840659012103045e-08
86 8 6.386094515513774e-07
92 8 2.379304245431556e-07
95 8 6.376265073731231e-07
3 9 -1.558877704471648e-07
6 9 -1.560473335755029e-07
9 9 1.051979926106855e-07
30 9 -7.165728217899164e-08
33 9 3.829598059692077e-08
42 9 3.840659012103045e-08
87 9 6.386094515513774e-07
93 9 2.379304245431556e-07
96 9 6.376265073731231e-07
4 10 2.548767233576848e-07
10 10 3.906678590784169e-06
13 10 -1.652025841614348e-07
16 10 2.780191880299701e-07
19 10 -1.798345165575777e-07
34 10 3.837473369731068e-07
43 10 -7.431239803409563e-08
58 10 2.298266590712613e-06
61 10 -4.663614891699356e-08
64 10 -2.292319790381474e-07
67 10 -1.647971259057339e-06
103 10 -9.832572722390021e-06
109 10 -1.391403899128933e-06
112 10 -9.724812409704828e-07
118 10 -8.851382201564679e-08
121 10 -4.338050881966888e-06
124 10 -1.054889754392112e-06
130 10 -4.713497120662033e-06
133 10 -8.752878089917992e-06
5 11 2.548767233576848e-07
11 11 3.906678590784169e-06
14 11 -1.652025841614348e-07
17 11 2.780191880299701e-07
20 11 -1.798345165575777e-07
35 11 3.837473369731068e-07
44 11 -7.431239803409563e-08
59 11 2.298266590712613e-06
62 11 -4.663614891699356e-08
65 11 -2.292319790381474e-07
68 11 -1.647971259057339e-06
104 11 -9.832572722390021e-06
110 11 -1.391403899128933e-06
113 11 -9.724812409704828e-07
119 11 -8.851382201564679e-08
122 11 -4.338050881966888e-06
125 11 -1.054889754392112e-06
131 11 -4.713497120662033e-06
134 11 -8.752878089917992e-06
6 12 2.548767233576848e-07
12 12 3.906678590784169e-06
15 12 -1.652025841614348e-07
18 12 2.780191880299701e-07
21 12 -1.798345165575777e-07
36 12 3.837473369731068e-07
45 12 -7.431239803409563e-08
60 12 2.298266590712613e-06
63 12 -4.663614891699356e-08
66 12 -2.292319790381474e-07
69 12 -1.647971259057339e-06
105 12 -9.832572722390021e-06
111 12 -1.391403899128933e-06
114 12 -9.724812409704828e-07
120 12 -8.851382201564679e-08
123 12 -4.338050881966888e-06
126 12 -1.054889754392112e-06
132 12 -4.713497120662033e-06
135 12 -8.752878089917992e-06
4 13 -1.648824657903572e-07
10 13 -1.652025841614348e-07
13 13 1.113403048588504e-07
34 13 -7.927598650014611e-08
43 13 4.280509649063956e-08
64 13 4.303983677943807e-08
103 13 6.738979869169429e-07
109 13 2.643716725778437e-07
112 13 6.71938494560623e-07
5 14 -1.648824657903572e-07
11 14 -1.652025841614348e-07
14 14 1.113403048588504e-07
35 14 -7.927598650014611e-08
44 14 4.280509649063956e-08
65 14 4.303983677943807e-08
104 14 6.738979869169429e-07
110 14 2.643716725778437e-07
113 14 6.71938494560623e-07
6 15 -1.648824657903572e-07
12 15 -1.652025841614348e-07
15 15 1.113403048588504e-07
36 15 -7.927598650014611e-08
45 15 4.280509649063956e-08
66 15 4.303983677943807e-08
105 15 6.738979869169429e-07
111 15 2.643716725778437e-07
114 15 6.71938494560623e-07
10 16 2.780191880299701e-07
16 16 4.337405148176334e-06
19 16 -1.803822496552307e-07
58 16 4.653498518636813e-07
67 16 -8.829487343284952e-08
118 16 -2.854823637446874e-07
124 16 -1.080691938960415e-05
130 16 -1.699891777795722e-06
133 16 -1.053230576372634e-06
139 16 2.71454066061793e-06
142 16 -6.716354704633178e-08
145 16 -2.027668093140255e-06
148 16 3.151037745396799e-07
151 16 -2.038560186131494e-07
154 16 -1.135505328575996e-07
157 16 -5.2005912945563e-06
160 16 -1.182936749987725e-06
166 16 -5.682199901971989e-06
169 16 -9.603900525180873e-06
11 17 2.780191880299701e-07
17 17 4.337405148176334e-06
20 17 -1.803822496552307e-07
59 17 4.653498518636813e-07
68 17 -8.829487343284952e-08
119 17 -2.854823637446874e-07
125 17 -1.080691938960415e-05
131 17 -1.699891777795722e-06
134 17 -1.053230576372634e-06
140 17 2.71454066061793e-06
143 17 -6.716354704633178e-08
146 17 -2.027668093140255e-06
149 17 3.151037745396799e-07
152 17 -2.038560186131494e-07
155 17 -1.135505328575996e-07
158 17 -5.2005912945563e-06
161 17 -1.182936749987725e-06
167 17 -5.682199901971989e-06
170 17 -9.603900525180873e-06
12 18 2.780191880299701e-07
18 18 4.337405148176334e-06
21 18 -1.803822496552307e-07
60 18 4.653498518636813e-07
69 18 -8.829487343284952e-08
120 18 -2.854823637446874e-07
126 18 -1.080691938960415e-05
132 18 -1.699891777795722e-06
135 18 -1.053230576372634e-06
141 18 2.71454066061793e-06
144 18 -6.716354704633178e-08
147 18 -2.027668093140255e-06
150 18 3.151037745396799e-07
153 18 -2.038560186131494e-07
156 18 -1.135505328575996e-07
159 18 -5.2005912945563e-06
162 18 -1.182936749987725e-06
168 18 -5.682199901971989e-06
171 18 -9.603900525180873e-06
10 19 -1.798345165575777e-07
16 19 -1.803822496552307e-07
19 19 1.215474037641722e-07
58 19 -9.25053946584415e-08
67 19 5.084967938020081e-08
118 19 5.128757654579543e-08
124 19 7.317996044555736e-07
130 19 3.107508568023816e-07
133 19 7.284812484166203e-07
11 20 -1.798345165575777e-07
17 20 -1.803822496552307e-07
20 20 1.215474037641722e-07
59 20 -9.25053946584415e-08
68 20 5.084967938020081e-08
119 20 5.128757654579543e-08
125 20 7.317996044555736e-07
131 20 3.107508568023816e-07
134 20 7.284812484166203e-07
12 21 -1.798345165575777e-07
18 21 -1.803822496552307e-07
21 21 1.215474037641722e-07
60 21 -9.25053946584415e-08
69 21 5.084967938020081e-08
120 21 5.128757654579543e-08
126 21 7.317996044555736e-07
132 21 3.107508568023816e-07
135 21 7.284812484166203e-07
1 22 -1.513474842164809e-07
22 22 1.020601413398399e-07
25 22 -1.513172375471723e-07
49 22 -6.787945355462031e-08
52 22 3.61264905401361e-08
55 22 3.610615619176211e-08
70 22 6.203366971913968e-07
76 22 2.248972140502666e-07
79 22 6.201496676225372e-07
2 23 -1.513474842164809e-07
23 23 1.020601413398399e-07
26 23 -1.513172375471723e-07
50 23 -6.787945355462031e-08
53 23 3.61264905401361e-08
56 23 3.610615619176211e-08
71 23 6.203366971913968e-07
77 23 2.248972140502666e-07
80 23 6.201496676225372e-07
3 24 -1.513474842164809e-07
24 24 1.020601413398399e-07
27 24 -1.513172375471723e-07
51 24 -6.787945355462031e-08
54 24 3.61264905401361e-08
57 24 3.610615619176211e-08
72 24 6.203366971913968e-07
78 24 2.248972140502666e-07
81 24 6.201496676225372e-07
1 25 2.337926204306595e-07
22 25 -1.513172375471723e-07
25 25 2.844966263277262e-06
49 25 1.711458325549425e-06
52 25 -6.263239874058091e-08
55 25 -1.187152584018786e-06
70 25 -8.981049550841688e-07
76 25 -3.648465337977652e-06
79 25 -7.715054562920235e-06
178 25 -2.987162061755607e-06
181 25 -6.22296439656023e-06
2 26 2.337926204306595e-07
23 26 -1.513172375471723e-07
26 26 2.844966263277262e-06
50 26 1.711458325549425e-06
53 26 -6.263239874058091e-08
56 26 -1.187152584018786e-06
71 26 -8.981049550841688e-07
77 26 -3.648465337977652e-06
80 26 -7.715054562920235e-06
179 26 -2.987162061755607e-06
182 26 -6.22296439656023e-06
3 27 2.337926204306595e-07
24 27 -1.513172375471723e-07
27 27 2.844966263277262e-06
51 27 1.711458325549425e-06
54 27 -6.263239874058091e-08
57 27 -1.187152584018786e-06
72 27 -8.981049550841688e-07
78 27 -3.648465337977652e-06
81 27 -7.715054562920235e-06
180 27 -2.987162061755607e-06
183 27 -6.22296439656023e-06
1 28 1.900681118379207e-06
4 28 3.382156718412913e-07
7 28 -7.165728217899164e-08
28 28 9.974970149115215e-06
31 28 -1.124847998848111e-06
34 28 4.684795575419306e-07
37 28 -2.07602753519048e-07
40 28 -1.650588390471244e-07
43 28 -3.951221712345175e-08
46 28 -1.632028272876049e-07
49 28 3.784719758424228e-07
52 28 -3.470026809770622e-08
70 28 -3.91621014215441e-06
76 28 -1.252298771926478e-06
82 28 -1.497251472124018e-05
85 28 -1.327022368535106e-06
91 28 -2.178805222436079e-05
94 28 -4.169809412253856e-06
100 28 -1.500663417028517e-06
187 28 1.031977371845705e-09
190 28 -9.260697801768995e-11
199 28 -2.583569972034661e-12
205 28 -3.118171290511098e-15
208 28 5.635005366716417e-13
211 28 -1.876894108538953e-14
214 28 -5.162640807186515e-15
217 28 -7.323204094026194e-06
223 28 -2.24081935154411e-12
226 28 -2.424393732847533e-07
229 28 -9.56325120952377e-10
235 28 -3.606359875721511e-07
241 28 -3.149915142057821e-09
244 28 -2.952239472258916e-06
2 29 1.900681118379207e-06
5 29 3.382156718412913e-07
8 29 -7.165728217899164e-08
29 29 9.974970149115215e-06
32 29 -1.124847998848111e-06
35 29 4.684795575419306e-07
38 29 -2.07602753519048e-07
41 29 -1.650588390471244e-07
44 29 -3.951221712345175e-08
47 29 -1.632028272876049e-07
50 29 3.784719758424228e-07
53 29 -3.470026809770622e-08
71 29 -3.91621014215441e-06
77 29 -1.252298771926478e-06
83 29 -1.497251472124018e-05
86 29 -1.327022368535106e-06
92 29 -2.178805222436079e-05
95 29 -4.169809412253856e-06
101 29 -1.500663417028517e-06
188 29 1.031977371845705e-09
191 29 -9.260697801768995e-11
200 29 -2.583569972034661e-12
206 29 -3.118171290511098e-15
209 29 5.635005366716417e-13
212 29 -1.876894108538953e-14
215 29 -5.162640807186515e-15
218 29 -7.323204094026194e-06
224 29 -2.24081935154411e-12
227 29 -2.424393732847533e-07
230 29 -9.56325120952377e-10
236 29 -3.606359875721511e-07
242 29 -3.149915142057821e-09
245 29 -2.952239472258916e-06
3 30 1.900681118379207e-06
6 30 3.382156718412913e-07
9 30 -7.165728217899164e-08
30 30 9.974970149115215e-06
33 30 -1.124847998848111e-06
36 30 4.684795575419306e-07
39 30 -2.07602753519048e-07
42 30 -1.650588390471244e-07
45 30 -3.951221712345175e-08
48 30 -1.632028272876049e-07
51 30 3.784719758424228e-07
54 30 -3.470026809770622e-08
72 30 -3.91621014215441e-06
78 30 -1.252298771926478e-06
84 30 -1.497251472124018e-05
87 30 -1.327022368535106e-06
93 30 -2.178805222436079e-05
96 30 -4.169809412253856e-06
102 30 -1.500663417028517e-06
189 30 1.031977371845705e-09
192 30 -9.260697801768995e-11
201 30 -2.583569972034661e-12
207 30 -3.118171290511098e-15
210 30 5.635005366716417e-13
213 30 -1.876894108538953e-14
216 30 -5.162640807186515e-15
219 30 -7.323204094026194e-06
225 30 -2.24081935154411e-12
228 30 -2.424393732847533e-07
231 30 -9.56325120952377e-10
237 30 -3.606359875721511e-07
243 30 -3.149915142057821e-09
246 30 -2.952239472258916e-06
1 31 -1.311120932261957e-06
4 31 -6.645592039104659e-08
7 31 3.829598059692077e-08
28 31 -1.124847998848111e-06
31 31 7.793692946037138e-07
40 31 2.80038665451405e-08
46 31 1.323394961595963e-08
49 31 -3.474871037562476e-08
52 31 1.846457370699544e-08
70 31 2.911160491746294e-06
76 31 1.204333832396665e-07
82 31 2.198200287103613e-06
85 31 2.379304245431555e-07
91 31 2.34422046508338e-06
94 31 3.083322078506218e-06
2 32 -1.311120932261957e-06
5 32 -6.645592039104659e-08
8 32 3.829598059692077e-08
29 32 -1.124847998848111e-06
32 32 7.793692946037138e-07
41 32 2.80038665451405e-08
47 32 1.323394961595963e-08
50 32 -3.474871037562476e-08
53 32 1.846457370699544e-08
71 32 2.911160491746294e-06
77 32 1.204333832396665e-07
83 32 2.198200287103613e-06
86 32 2.379304245431555e-07
92 32 2.34422046508338e-06
95 32 3.083322078506218e-06
3 33 -1.311120932261957e-06
6 33 -6.645592039104659e-08
9 33 3.829598059692077e-08
30 33 -1.124847998848111e-06
33 33 7.793692946037138e-07
42 33 2.80038665451405e-08
48 33 1.323394961595963e-08
51 33 -3.474871037562476e-08
54 33 1.846457370699544e-08
72 33 2.911160491746294e-06
78 33 1.204333832396665e-07
84 33 2.198200287103613e-06
87 33 2.379304245431555e-07
93 33 2.34422046508338e-06
96 33 3.083322078506218e-06
4 34 2.044535858251326e-06
10 34 3.837473369731068e-07
13 34 -7.927598650014611e-08
28 34 4.684795575419306e-07
34 34 1.261542642138484e-05
37 34  -2.103557028336e-07
40 34 -3.940712051780817e-08
43 34 -1.259170372708782e-06
58 34 7.008957333840092e-07
61 34 -3.333595669735913e-07
64 34 -1.97279508793686e-07
67 34 -4.970257251072147e-08
85 34 -4.173742898266828e-06
91 34 -1.494461089946151e-06
100 34 -1.70544989925097e-05
103 34 -1.494365252485996e-06
109 34 -2.666973423162425e-05
112 34 -4.478140001832168e-06
121 34 -2.066065094418332e-06
187 34 1.014956143026222e-10
190 34 -2.577385562083809e-12
193 34 2.373690767236158e-08
196 34 -1.758417761252664e-12
199 34 -9.772762032801041e-12
202 34 -4.526068338674861e-09
235 34 -1.080979163787631e-05
241 34 -3.992439063751312e-10
244 34 -3.588847792081297e-07
256 34 -2.008135101880688e-10
259 34 -2.746731937758744e-08
262 34 -7.390757320864739e-07
268 34 -6.66080450876806e-08
271 34 -5.792501809375254e-06
5 35 2.044535858251326e-06
11 35 3.837473369731068e-07
14 35 -7.927598650014611e-08
29 35 4.684795575419306e-07
35 35 1.261542642138484e-05
38 35  -2.103557028336e-07
41 35 -3.940712051780817e-08
44 35 -1.259170372708782e-06
59 35 7.008957333840092e-07
62 35 -3.333595669735913e-07
65 35 -1.97279508793686e-07
68 35 -4.970257251072147e-08
86 35 -4.173742898266828e-06
92 35 -1.494461089946151e-06
101 35 -1.70544989925097e-05
104 35 -1.494365252485996e-06
110 35 -2.666973423162425e-05
113 35 -4.478140001832168e-06
122 35 -2.066065094418332e-06
188 35 1.014956143026222e-10
191 35 -2.577385562083809e-12
194 35 2.373690767236158e-08
197 35 -1.758417761252664e-12
200 35 -9.772762032801041e-12
203 35 -4.526068338674861e-09
236 35 -1.080979163787631e-05
242 35 -3.992439063751312e-10
245 35 -3.588847792081297e-07
257 35 -2.008135101880688e-10
260 35 -2.746731937758744e-08
263 35 -7.390757320864739e-07
269 35 -6.66080450876806e-08
272 35 -5.792501809375254e-06
6 36 2.044535858251326e-06
12 36 3.837473369731068e-07
15 36 -7.927598650014611e-08
30 36 4.684795575419306e-07
36 36 1.261542642138484e-05
39 36  -2.103557028336e-07
42 36 -3.940712051780817e-08
45 36 -1.259170372708782e-06
60 36 7.008957333840092e-07
63 36 -3.333595669735913e-07
66 36 -1.97279508793686e-07
69 36 -4.970257251072147e-08
87 36 -4.173742898266828e-06
93 36 -1.494461089946151e-06
102 36 -1.70544989925097e-05
105 36 -1.494365252485996e-06
111 36 -2.666973423162425e-05
114 36 -4.478140001832168e-06
123 36 -2.066065094418332e-06
189 36 1.014956143026222e-10
192 36 -2.577385562083809e-12
195 36 2.373690767236158e-08
198 36 -1.758417761252664e-12
201 36 -9.772762032801041e-12
204 36 -4.526068338674861e-09
237 36 -1.080979163787631e-05
243 36 -3.992439063751312e-10
246 36 -3.588847792081297e-07
258 36 -2.008135101880688e-10
261 36 -2.746731937758744e-08
264 36 -7.390757320864739e-07
270 36 -6.66080450876806e-08
273 36 -5.792501809375254e-06
4 37 -3.667944515201336e-08
28 37 -2.07602753519048e-07
34 37  -2.103557028336e-07
37 37 9.129980545977315e-08
40 37 1.547878552759907e-08
43 37 1.568897873888623e-08
85 37 1.366943458120438e-07
91 37 7.191351468865533e-07
100 37 7.315398010512876e-07
187 37 -2.605796610655813e-12
190 37 2.046066453511714e-13
199 37 2.169754652528744e-13
235 37 1.424798661923843e-07
241 37 1.016175770012806e-11
244 37 1.389774494643382e-07
5 38 -3.667944515201336e-08
29 38 -2.07602753519048e-07
35 38  -2.103557028336e-07
38 38 9.129980545977315e-08
41 38 1.547878552759907e-08
44 38 1.568897873888623e-08
86 38 1.366943458120438e-07
92 38 7.191351468865533e-07
101 38 7.315398010512876e-07
188 38 -2.605796610655813e-12
191 38 2.046066453511714e-13
200 38 2.169754652528744e-13
236 38 1.424798661923843e-07
242 38 1.016175770012806e-11
245 38 1.389774494643382e-07
6 39 -3.667944515201336e-08
30 39 -2.07602753519048e-07
36 39  -2.103557028336e-07
39 39 9.129980545977315e-08
42 39 1.547878552759907e-08
45 39 1.568897873888623e-08
87 39 1.366943458120438e-07
93 39 7.191351468865533e-07
102 39 7.315398010512876e-07
189 39 -2.605796610655813e-12
192 39 2.046066453511714e-13
201 39 2.169754652528744e-13
237 39 1.424798661923843e-07
243 39 1.016175770012806e-11
246 39 1.389774494643382e-07
1 40 -6.651122515310135e-08
4 40 -1.987993164842957e-07
7 40 3.840659012103045e-08
28 40 -1.650588390471244e-07
31 40 2.80038665451405e-08
34 40 -3.940712051780817e-08
37 40 1.547878552759907e-08
40 40 9.802983837841475e-08
43 40 2.114432947047587e-08
85 40 8.388237524160995e-07
91 40 6.261875573136549e-07
94 40 2.379304245431556e-07
100 40 1.366943458120439e-07
2 41 -6.651122515310135e-08
5 41 -1.987993164842957e-07
8 41 3.840659012103045e-08
29 41 -1.650588390471244e-07
32 41 2.80038665451405e-08
35 41 -3.940712051780817e-08
38 41 1.547878552759907e-08
41 41 9.802983837841475e-08
44 41 2.114432947047587e-08
86 41 8.388237524160995e-07
92 41 6.261875573136549e-07
95 41 2.379304245431556e-07
101 41 1.366943458120439e-07
3 42 -6.651122515310135e-08
6 42 -1.987993164842957e-07
9 42 3.840659012103045e-08
30 42 -1.650588390471244e-07
33 42 2.80038665451405e-08
36 42 -3.940712051780817e-08
39 42 1.547878552759907e-08
42 42 9.802983837841475e-08
45 42 2.114432947047587e-08
87 42 8.388237524160995e-07
93 42 6.261875573136549e-07
96 42 2.379304245431556e-07
102 42 1.366943458120439e-07
4 43 -1.430222038698379e-06
10 43 -7.431239803409563e-08
13 43 4.280509649063956e-08
28 43 -3.951221712345175e-08
34 43 -1.259170372708782e-06
37 43 1.568897873888623e-08
40 43 2.114432947047587e-08
43 43 8.881035974045125e-07
64 43 3.31126598473371e-08
85 43 3.140876901806425e-06
91 43 1.366943458120438e-07
100 43 2.460144245286738e-06
103 43 2.643716725778437e-07
109 43 2.667671956562099e-06
112 43 3.35880364327013e-06
5 44 -1.430222038698379e-06
11 44 -7.431239803409563e-08
14 44 4.280509649063956e-08
29 44 -3.951221712345175e-08
35 44 -1.259170372708782e-06
38 44 1.568897873888623e-08
41 44 2.114432947047587e-08
44 44 8.881035974045125e-07
65 44 3.31126598473371e-08
86 44 3.140876901806425e-06
92 44 1.366943458120438e-07
101 44 2.460144245286738e-06
104 44 2.643716725778437e-07
110 44 2.667671956562099e-06
113 44 3.35880364327013e-06
6 45 -1.430222038698379e-06
12 45 -7.431239803409563e-08
15 45 4.280509649063956e-08
30 45 -3.951221712345175e-08
36 45 -1.259170372708782e-06
39 45 1.568897873888623e-08
42 45 2.114432947047587e-08
45 45 8.881035974045125e-07
66 45 3.31126598473371e-08
87 45 3.140876901806425e-06
93 45 1.366943458120438e-07
102 45 2.460144245286738e-06
105 45 2.643716725778437e-07
111 45 2.667671956562099e-06
114 45 3.35880364327013e-06
1 46 -3.20849560521883e-08
28 46 -1.632028272876049e-07
31 46 1.323394961595963e-08
46 46 6.814138862290859e-08
49 46 -1.621560016431744e-07
52 46 1.313706506012246e-08
70 46 1.204333832396664e-07
76 46 5.777862685120189e-07
82 46 5.826628045087232e-07
208 46 -5.182417946522806e-15
211 46 1.484059851560942e-16
214 46 1.440535998424841e-16
217 46 9.195057883077762e-08
223 46 2.054606390757619e-14
226 46 9.089535434913976e-08
2 47 -3.20849560521883e-08
29 47 -1.632028272876049e-07
32 47 1.323394961595963e-08
47 47 6.814138862290859e-08
50 47 -1.621560016431744e-07
53 47 1.313706506012246e-08
71 47 1.204333832396664e-07
77 47 5.777862685120189e-07
83 47 5.826628045087232e-07
209 47 -5.182417946522806e-15
212 47 1.484059851560942e-16
215 47 1.440535998424841e-16
218 47 9.195057883077762e-08
224 47 2.054606390757619e-14
227 47 9.089535434913976e-08
3 48 -3.20849560521883e-08
30 48 -1.632028272876049e-07
33 48 1.323394961595963e-08
48 48 6.814138862290859e-08
51 48 -1.621560016431744e-07
54 48 1.313706506012246e-08
72 48 1.204333832396664e-07
78 48 5.777862685120189e-07
84 48 5.826628045087232e-07
210 48 -5.182417946522806e-15
213 48 1.484059851560942e-16
216 48 1.440535998424841e-16
219 48 9.195057883077762e-08
225 48 2.054606390757619e-14
228 48 9.089535434913976e-08
1 49 3.156713860634222e-07
22 49 -6.787945355462031e-08
25 49 1.711458325549425e-06
28 49 3.784719758424228e-07
31 49 -3.474871037562476e-08
46 49 -1.621560016431744e-07
49 49 8.387783675745584e-06
52 49 -1.497689840387141e-07
55 49 -1.008938010098078e-06
70 49 -1.24320495604395e-06
76 49 -1.964110458807031e-05
79 49 -4.027034891464927e-06
82 49 -1.254737039924832e-06
178 49 -1.211375901907275e-05
181 49 -3.304687216341818e-06
208 49 1.310274162779288e-11
211 49 -5.164816999843323e-15
214 49 -4.061361131413388e-13
217 49 -2.429669855255726e-07
223 49 -4.146642816854831e-11
226 49 -2.006212072836886e-06
286 49 -1.084165272480486e-11
289 49 -5.774878110189377e-06
2 50 3.156713860634222e-07
23 50 -6.787945355462031e-08
26 50 1.711458325549425e-06
29 50 3.784719758424228e-07
32 50 -3.474871037562476e-08
47 50 -1.621560016431744e-07
50 50 8.387783675745584e-06
53 50 -1.497689840387141e-07
56 50 -1.008938010098078e-06
71 50 -1.24320495604395e-06
77 50 -1.964110458807031e-05
80 50 -4.027034891464927e-06
83 50 -1.254737039924832e-06
179 50 -1.211375901907275e-05
182 50 -3.304687216341818e-06
209 50 1.310274162779288e-11
212 50 -5.164816999843323e-15
215 50 -4.061361131413388e-13
218 50 -2.429669855255726e-07
224 50 -4.146642816854831e-11
227 50 -2.006212072836886e-06
287 50 -1.084165272480486e-11
290 50 -5.774878110189377e-06
3 51 3.156713860634222e-07
24 51 -6.787945355462031e-08
27 51 1.711458325549425e-06
30 51 3.784719758424228e-07
33 51 -3.474871037562476e-08
48 51 -1.621560016431744e-07
51 51 8.387783675745584e-06
54 51 -1.497689840387141e-07
57 51 -1.008938010098078e-06
72 51 -1.24320495604395e-06
78 51 -1.964110458807031e-05
81 51 -4.027034891464927e-06
84 51 -1.254737039924832e-06
180 51 -1.211375901907275e-05
183 51 -3.304687216341818e-06
210 51 1.310274162779288e-11
213 51 -5.164816999843323e-15
216 51 -4.061361131413388e-13
219 51 -2.429669855255726e-07
225 51 -4.146642816854831e-11
228 51 -2.006212072836886e-06
288 51 -1.084165272480486e-11
291 51 -5.774878110189377e-06
1 52 -1.839463105042893e-07
22 52 3.61264905401361e-08
25 52 -6.263239874058091e-08
28 52 -3.470026809770622e-08
31 52 1.846457370699544e-08
46 52 1.313706506012246e-08
49 52 -1.497689840387141e-07
52 52 8.794655614831081e-08
55 52 2.561204656368328e-08
70 52 7.791346762798853e-07
76 52 5.661607798857941e-07
79 52 2.248972140502666e-07
82 52 1.204333832396665e-07
2 53 -1.839463105042893e-07
23 53 3.61264905401361e-08
26 53 -6.263239874058091e-08
29 53 -3.470026809770622e-08
32 53 1.846457370699544e-08
47 53 1.313706506012246e-08
50 53 -1.497689840387141e-07
53 53 8.794655614831081e-08
56 53 2.561204656368328e-08
71 53 7.791346762798853e-07
77 53 5.661607798857941e-07
80 53 2.248972140502666e-07
83 53 1.204333832396665e-07
3 54 -1.839463105042893e-07
24 54 3.61264905401361e-08
27 54 -6.263239874058091e-08
30 54 -3.470026809770622e-08
33 54 1.846457370699544e-08
48 54 1.313706506012246e-08
51 54 -1.497689840387141e-07
54 54 8.794655614831081e-08
57 54 2.561204656368328e-08
72 54 7.791346762798853e-07
78 54 5.661607798857941e-07
81 54 2.248972140502666e-07
84 54 1.204333832396665e-07
1 55 -6.262223156639399e-08
22 55 3.610615619176211e-08
25 55 -1.187152584018786e-06
49 55 -1.008938010098078e-06
52 55 2.561204656368328e-08
55 55 7.001513221278848e-07
70 55 2.248972140502665e-07
76 55 2.202210609659662e-06
79 55 2.959349716634202e-06
178 55 1.869211524562664e-06
181 55 2.504261833735094e-06
2 56 -6.262223156639399e-08
23 56 3.610615619176211e-08
26 56 -1.187152584018786e-06
50 56 -1.008938010098078e-06
53 56 2.561204656368328e-08
56 56 7.001513221278848e-07
71 56 2.248972140502665e-07
77 56 2.202210609659662e-06
80 56 2.959349716634202e-06
179 56 1.869211524562664e-06
182 56 2.504261833735094e-06
3 57 -6.262223156639399e-08
24 57 3.610615619176211e-08
27 57 -1.187152584018786e-06
51 57 -1.008938010098078e-06
54 57 2.561204656368328e-08
57 57 7.001513221278848e-07
72 57 2.248972140502665e-07
78 57 2.202210609659662e-06
81 57 2.959349716634202e-06
180 57 1.869211524562664e-06
183 57 2.504261833735094e-06
10 58 2.298266590712613e-06
16 58 4.653498518636813e-07
19 58 -9.25053946584415e-08
34 58 7.008957333840092e-07
58 58 1.794075264969028e-05
61 58 -3.408848729913799e-07
64 58 -4.948019580831685e-08
67 58 -1.508893614192667e-06
103 58 -4.637626103026444e-06
109 58 -2.050509711896231e-06
118 58 -2.588457986258483e-07
121 58 -2.097245808944955e-05
124 58 -1.789096937503743e-06
130 58 -3.546364703003057e-05
133 58 -5.001467057962415e-06
139 58 1.290115997019421e-06
142 58 -7.118952824624822e-07
145 58 -7.031168060099419e-08
157 58 -3.282747116280303e-06
193 58 3.828719228868088e-09
202 58 -1.992868851448267e-10
256 58 -7.875428684083721e-10
262 58 -1.893213789018941e-05
268 58 -1.479238173944901e-08
271 58 -7.320152113926371e-07
301 58 2.322162867703931e-07
304 58 -1.605467789623162e-10
307 58 -7.988862943367637e-08
310 58 -5.211789585967828e-09
313 58 -3.096794820647376e-07
316 58 -1.944850627570901e-06
322 58 -6.092312407050898e-07
325 58 -1.295675446471791e-05
11 59 2.298266590712613e-06
17 59 4.653498518636813e-07
20 59 -9.25053946584415e-08
35 59 7.008957333840092e-07
59 59 1.794075264969028e-05
62 59 -3.408848729913799e-07
65 59 -4.948019580831685e-08
68 59 -1.508893614192667e-06
104 59 -4.637626103026444e-06
110 59 -2.050509711896231e-06
119 59 -2.588457986258483e-07
122 59 -2.097245808944955e-05
125 59 -1.789096937503743e-06
131 59 -3.546364703003057e-05
134 59 -5.001467057962415e-06
140 59 1.290115997019421e-06
143 59 -7.118952824624822e-07
146 59 -7.031168060099419e-08
158 59 -3.282747116280303e-06
194 59 3.828719228868088e-09
203 59 -1.992868851448267e-10
257 59 -7.875428684083721e-10
263 59 -1.893213789018941e-05
269 59 -1.479238173944901e-08
272 59 -7.320152113926371e-07
302 59 2.322162867703931e-07
305 59 -1.605467789623162e-10
308 59 -7.988862943367637e-08
311 59 -5.211789585967828e-09
314 59 -3.096794820647376e-07
317 59 -1.944850627570901e-06
323 59 -6.092312407050898e-07
326 59 -1.295675446471791e-05
12 60 2.298266590712613e-06
18 60 4.653498518636813e-07
21 60 -9.25053946584415e-08
36 60 7.008957333840092e-07
60 60 1.794075264969028e-05
63 60 -3.408848729913799e-07
66 60 -4.948019580831685e-08
69 60 -1.508893614192667e-06
105 60 -4.637626103026444e-06
111 60 -2.050509711896231e-06
120 60 -2.588457986258483e-07
123 60 -2.097245808944955e-05
126 60 -1.789096937503743e-06
132 60 -3.546364703003057e-05
135 60 -5.001467057962415e-06
141 60 1.290115997019421e-06
144 60 -7.118952824624822e-07
147 60 -7.031168060099419e-08
159 60 -3.282747116280303e-06
195 60 3.828719228868088e-09
204 60 -1.992868851448267e-10
258 60 -7.875428684083721e-10
264 60 -1.893213789018941e-05
270 60 -1.479238173944901e-08
273 60 -7.320152113926371e-07
303 60 2.322162867703931e-07
306 60 -1.605467789623162e-10
309 60 -7.988862943367637e-08
312 60 -5.211789585967828e-09
315 60 -3.096794820647376e-07
318 60 -1.944850627570901e-06
324 60 -6.092312407050898e-07
327 60 -1.295675446471791e-05
10 61 -4.663614891699356e-08
34 61 -3.333595669735913e-07
58 61 -3.408848729913799e-07
61 61 1.596444717678944e-07
64 61 2.081331073396822e-08
67 61 2.125806413877745e-08
103 61 1.714193787166525e-07
109 61 1.074182676586939e-06
121 61 1.105293441631138e-06
193 61 -2.037393923746506e-10
202 61 3.355348029778914e-11
256 61 3.660673038427366e-11
262 61 3.248233254089987e-07
268 61 7.724990747411641e-10
271 61 3.107022840213285e-07
11 62 -4.663614891699356e-08
35 62 -3.333595669735913e-07
59 62 -3.408848729913799e-07
62 62 1.596444717678944e-07
65 62 2.081331073396822e-08
68 62 2.125806413877745e-08
104 62 1.714193787166525e-07
110 62 1.074182676586939e-06
122 62 1.105293441631138e-06
194 62 -2.037393923746506e-10
203 62 3.355348029778914e-11
257 62 3.660673038427366e-11
263 62 3.248233254089987e-07
269 62 7.724990747411641e-10
272 62 3.107022840213285e-07
12 63 -4.663614891699356e-08
36 63 -3.333595669735913e-07
60 63 -3.408848729913799e-07
63 63 1.596444717678944e-07
66 63 2.081331073396822e-08
69 63 2.125806413877745e-08
105 63 1.714193787166525e-07
111 63 1.074182676586939e-06
123 63 1.105293441631138e-06
195 63 -2.037393923746506e-10
204 63 3.355348029778914e-11
258 63 3.660673038427366e-11
264 63 3.248233254089987e-07
270 63 7.724990747411641e-10
273 63 3.107022840213285e-07
4 64 -7.442976817849478e-08
10 64 -2.292319790381474e-07
13 64 4.303983677943807e-08
34 64 -1.97279508793686e-07
43 64 3.31126598473371e-08
58 64 -4.948019580831685e-08
61 64 2.081331073396822e-08
64 64 1.196625424912847e-07
67 64 2.694615792142408e-08
103 64 9.597459081716779e-07
109 64 7.538232014575535e-07
112 64 2.643716725778437e-07
121 64 1.714193787166525e-07
5 65 -7.442976817849478e-08
11 65 -2.292319790381474e-07
14 65 4.303983677943807e-08
35 65 -1.97279508793686e-07
44 65 3.31126598473371e-08
59 65 -4.948019580831685e-08
62 65 2.081331073396822e-08
65 65 1.196625424912847e-07
68 65 2.694615792142408e-08
104 65 9.597459081716779e-07
110 65 7.538232014575535e-07
113 65 2.643716725778437e-07
122 65 1.714193787166525e-07
6 66 -7.442976817849478e-08
12 66 -2.292319790381474e-07
15 66 4.303983677943807e-08
36 66 -1.97279508793686e-07
45 66 3.31126598473371e-08
60 66 -4.948019580831685e-08
63 66 2.081331073396822e-08
66 66 1.196625424912847e-07
69 66 2.694615792142408e-08
105 66 9.597459081716779e-07
111 66 7.538232014575535e-07
114 66 2.643716725778437e-07
123 66 1.714193787166525e-07
10 67 -1.647971259057339e-06
16 67 -8.829487343284952e-08
19 67 5.084967938020081e-08
34 67 -4.970257251072147e-08
58 67 -1.508893614192667e-06
61 67 2.125806413877745e-08
64 67 2.694615792142408e-08
67 67 1.098565555323633e-06
103 67 3.566364339296488e-06
109 67 1.714193787166525e-07
118 67 4.28665340946113e-08
121 67 2.967213897177363e-06
124 67 3.107508568023816e-07
130 67 3.269654472511445e-06
133 67 3.845594347112189e-06
11 68 -1.647971259057339e-06
17 68 -8.829487343284952e-08
20 68 5.084967938020081e-08
35 68 -4.970257251072147e-08
59 68 -1.508893614192667e-06
62 68 2.125806413877745e-08
65 68 2.694615792142408e-08
68 68 1.098565555323633e-06
104 68 3.566364339296488e-06
110 68 1.714193787166525e-07
119 68 4.28665340946113e-08
122 68 2.967213897177363e-06
125 68 3.107508568023816e-07
131 68 3.269654472511445e-06
134 68 3.845594347112189e-06
12 69 -1.647971259057339e-06
18 69 -8.829487343284952e-08
21 69 5.084967938020081e-08
36 69 -4.970257251072147e-08
60 69 -1.508893614192667e-06
63 69 2.125806413877745e-08
66 69 2.694615792142408e-08
69 69 1.098565555323633e-06
105 69 3.566364339296488e-06
111 69 1.714193787166525e-07
120 69 4.28665340946113e-08
123 69 2.967213897177363e-06
126 69 3.107508568023816e-07
132 69 3.269654472511445e-06
135 69 3.845594347112189e-06
1 70 -8.890128701440796e-06
22 70 6.203366971913968e-07
25 70 -8.981049550841688e-07
28 70 -3.91621014215441e-06
31 70 2.911160491746294e-06
46 70 1.204333832396664e-07
49 70 -1.24320495604395e-06
52 70 7.791346762798853e-07
55 70 2.248972140502665e-07
70 70 3.370454837358293e-05
76 70 4.414515330491777e-06
79 70 3.367335576717561e-06
82 70 1.050172190921095e-05
91 70 4.329725071524327e-06
94 70 1.098928436639843e-05
2 71 -8.890128701440796e-06
23 71 6.203366971913968e-07
26 71 -8.981049550841688e-07
29 71 -3.91621014215441e-06
32 71 2.911160491746294e-06
47 71 1.204333832396664e-07
50 71 -1.24320495604395e-06
53 71 7.791346762798853e-07
56 71 2.248972140502665e-07
71 71 3.370454837358293e-05
77 71 4.414515330491777e-06
80 71 3.367335576717561e-06
83 71 1.050172190921095e-05
92 71 4.329725071524327e-06
95 71 1.098928436639843e-05
3 72 -8.890128701440796e-06
24 72 6.203366971913968e-07
27 72 -8.981049550841688e-07
30 72 -3.91621014215441e-06
33 72 2.911160491746294e-06
48 72 1.204333832396664e-07
51 72 -1.24320495604395e-06
54 72 7.791346762798853e-07
57 72 2.248972140502665e-07
72 72 3.370454837358293e-05
78 72 4.414515330491777e-06
81 72 3.367335576717561e-06
84 72 1.050172190921095e-05
93 72 4.329725071524327e-06
96 72 1.098928436639843e-05
73 73   0.2054246977242465
74 73 -0.01631203214539154
88 73 0.002943981615213797
89 73 -0.0005785314261300898
97 73 -0.04445521847580765
98 73  0.01541995417538958
175 73 -0.01988175899464165
176 73 0.001954321528297978
184 73 0.003126536669076439
185 73 -0.0004957017921847571
220 73  0.03783570361474905
221 73 -0.007048405069586064
222 73  -0.0114105892364223
232 73  -0.1467060067950514
233 73  0.02321740935232694
234 73  0.01726370615599374
250 73  0.02460192071852056
251 73  -0.0154225163641765
252 73 -0.007581305193036869
283 73  0.03435923447609078
284 73 -0.000214757082885069
285 73 -0.01451062912115384
293 73 0.007489558256297005
294 73 -0.00501946939564096
295 73 -0.04165254450112207
296 73 -0.006034912363486141
297 73 0.004080590835188164
298 73 0.007293310025031297
299 73 -0.001974387068471284
73 74 -0.01631203214539154
74 74   0.2155330943308584
75 74 -0.02473551906078425
88 74 -0.0003856876174200649
89 74  0.01030393565324826
90 74 -0.002558293997793731
97 74  0.01449180566861353
98 74 -0.08022721506495659
99 74  0.02355625801366366
175 74 0.002931482292446968
176 74 -0.06958615648124579
177 74 0.007721046573327536
184 74 -0.0007435526882771368
185 74  0.01094287834176754
186 74 -0.003946252315337506
220 74 -0.006568680677082498
221 74  0.01081020103278549
222 74 0.003365539135245226
232 74  0.02278536091404012
233 74 -0.06413381530319745
234 74 -0.002784445520328182
250 74 -0.01449351379447147
251 74  0.02924693356704578
252 74 0.007581305193036868
283 74 -0.0001431713885900301
284 74  0.00981692413602594
292 74 0.007051446221411356
294 74 -0.00370513329098405
295 74 -0.005651876182572402
296 74 -0.03534350922363533
297 74 0.002931482292446968
298 74 -0.002961580602706914
299 74  0.02552658508760939
300 74 -0.00797838443483995
74 75 -0.02473551906078424
75 75   0.3083283881541266
89 75 -0.003837440996690585
90 75 0.002943981615213797
98 75  0.02608125669419846
99 75 -0.05032597047333973
176 75 0.005147364382218329
177 75 -0.01988175899464165
185 75 -0.002630834876891682
186 75 0.003126536669076439
220 75 -0.007607059490948215
221 75 0.002243692756830144
222 75  0.01081020103278549
232 75  0.01150913743732914
233 75 -0.001856297013552142
234 75 -0.04685329379961091
250 75 -0.005054203462024557
251 75 0.005054203462024556
252 75  0.01196641206345921
283 75 -0.009673752747435913
285 75  0.00981692413602594
292 75 -0.003346312930427307
293 75 -0.002470088860656045
295 75 0.002720393890125436
296 75 0.001954321528297978
297 75 -0.01711023416105724
299 75 -0.005318922956559963
300 75 0.007293310025031297
1 76 -1.136718007846904e-06
22 76 2.248972140502666e-07
25 76 -3.648465337977652e-06
28 76 -1.252298771926478e-06
31 76 1.204333832396665e-07
46 76 5.777862685120189e-07
49 76 -1.964110458807031e-05
52 76 5.661607798857941e-07
55 76 2.202210609659662e-06
70 76 4.414515330491777e-06
76 76 6.107187182101212e-05
79 76 1.092730112540889e-05
82 76 4.26802177875211e-06
178 76 1.742227220569381e-05
181 76 4.198802119425993e-06
217 76 6.256164617108416e-07
226 76 4.839272646017135e-06
289 76 1.036207548154786e-05
2 77 -1.136718007846904e-06
23 77 2.248972140502666e-07
26 77 -3.648465337977652e-06
29 77 -1.252298771926478e-06
32 77 1.204333832396665e-07
47 77 5.777862685120189e-07
50 77 -1.964110458807031e-05
53 77 5.661607798857941e-07
56 77 2.202210609659662e-06
71 77 4.414515330491777e-06
77 77 6.107187182101212e-05
80 77 1.092730112540889e-05
83 77 4.26802177875211e-06
179 77 1.742227220569381e-05
182 77 4.198802119425993e-06
218 77 6.256164617108416e-07
227 77 4.839272646017135e-06
290 77 1.036207548154786e-05
3 78 -1.136718007846904e-06
24 78 2.248972140502666e-07
27 78 -3.648465337977652e-06
30 78 -1.252298771926478e-06
33 78 1.204333832396665e-07
48 78 5.777862685120189e-07
51 78 -1.964110458807031e-05
54 78 5.661607798857941e-07
57 78 2.202210609659662e-06
72 78 4.414515330491777e-06
78 78 6.107187182101212e-05
81 78 1.092730112540889e-05
84 78 4.26802177875211e-06
180 78 1.742227220569381e-05
183 78 4.198802119425993e-06
219 78 6.256164617108416e-07
228 78 4.839272646017135e-06
291 78 1.036207548154786e-05
1 79 -8.980114402997407e-07
22 79 6.201496676225372e-07
25 79 -7.715054562920235e-06
49 79 -4.027034891464927e-06
52 79 2.248972140502666e-07
55 79 2.959349716634202e-06
70 79 3.367335576717561e-06
76 79 1.092730112540889e-05
79 79 2.839969704375311e-05
178 79 4.198802119425992e-06
181 79 1.082576094276194e-05
2 80 -8.980114402997407e-07
23 80 6.201496676225372e-07
26 80 -7.715054562920235e-06
50 80 -4.027034891464927e-06
53 80 2.248972140502666e-07
56 80 2.959349716634202e-06
71 80 3.367335576717561e-06
77 80 1.092730112540889e-05
80 80 2.839969704375311e-05
179 80 4.198802119425992e-06
182 80 1.082576094276194e-05
3 81 -8.980114402997407e-07
24 81 6.201496676225372e-07
27 81 -7.715054562920235e-06
51 81 -4.027034891464927e-06
54 81 2.248972140502666e-07
57 81 2.959349716634202e-06
72 81 3.367335576717561e-06
78 81 1.092730112540889e-05
81 81 2.839969704375311e-05
180 81 4.198802119425992e-06
183 81 1.082576094276194e-05
1 82 -3.559730039833069e-06
28 82 -1.497251472124018e-05
31 82 2.198200287103613e-06
46 82 5.826628045087232e-07
49 82 -1.254737039924832e-06
52 82 1.204333832396665e-07
70 82 1.050172190921095e-05
76 82 4.26802177875211e-06
82 82 4.507009360591142e-05
91 82 1.849124105336486e-05
94 82 4.329725071524327e-06
217 82 8.724492560094981e-06
226 82 6.256164617108416e-07
2 83 -3.559730039833069e-06
29 83 -1.497251472124018e-05
32 83 2.198200287103613e-06
47 83 5.826628045087232e-07
50 83 -1.254737039924832e-06
53 83 1.204333832396665e-07
71 83 1.050172190921095e-05
