%%MatrixMarket matrix coordinate real general
1431 1431 44501
1 1 1.005049146730247e-08
4 1 7.525962451100324e-11
7 1 -7.052133482786082e-12
22 1 -6.919672904165559e-12
25 1 7.384056951357044e-11
28 1 4.484005305756399e-09
31 1 -5.003219653949973e-10
40 1 -3.067586378635104e-12
46 1 -2.08193389066465e-12
49 1 1.145057672284722e-10
52 1 -1.064585040156801e-11
55 1 -2.953150516814917e-12
70 1 -2.089902225096668e-08
76 1 -4.514321283568101e-10
79 1 -2.925516654646262e-10
82 1 -8.865972741971059e-09
85 1 -2.981175304766439e-10
91 1 -8.998940095153316e-09
94 1 -2.052679713148918e-08
2 2 1.005049146730247e-08
5 2 7.525962451100324e-11
8 2 -7.052133482786082e-12
23 2 -6.919672904165559e-12
26 2 7.384056951357044e-11
29 2 4.484005305756399e-09
32 2 -5.003219653949973e-10
41 2 -3.067586378635104e-12
47 2 -2.08193389066465e-12
50 2 1.145057672284722e-10
53 2 -1.064585040156801e-11
56 2 -2.953150516814917e-12
71 2 -2.089902225096668e-08
77 2 -4.514321283568101e-10
80 2 -2.925516654646262e-10
83 2 -8.865972741971059e-09
86 2 -2.981175304766439e-10
92 2 -8.998940095153316e-09
95 2 -2.052679713148918e-08
3 3 1.005049146730247e-08
6 3 7.525962451100324e-11
9 3 -7.052133482786082e-12
24 3 -6.919672904165559e-12
27 3 7.384056951357044e-11
30 3 4.484005305756399e-09
33 3 -5.003219653949973e-10
42 3 -3.067586378635104e-12
48 3 -2.08193389066465e-12
51 3 1.145057672284722e-10
54 3 -1.064585040156801e-11
57 3 -2.953150516814917e-12
72 3 -2.089902225096668e-08
78 3 -4.514321283568101e-10
81 3 -2.925516654646262e-10
84 3 -8.865972741971059e-09
87 3 -2.981175304766439e-10
93 3 -8.998940095153316e-09
96 3 -2.052679713148918e-08
1 4 7.525962451100324e-11
4 4 1.032008244652538e-08
7 4 -7.05319134841966e-12
10 4 7.781278316134717e-11
13 4 -7.291070260311763e-12
28 4 1.199768682877342e-10
31 4 -3.067552243317383e-12
34 4 4.72174545864666e-09
37 4 -2.252245813789958e-12
40 4 -1.116468497595335e-11
43 4 -5.27569930807954e-10
64 4 -3.278989292155395e-12
85 4 -2.140924126130642e-08
91 4 -4.731369870567742e-10
94 4  -2.981153287251e-10
100 4 -9.302888202323937e-09
103 4 -3.081247366905987e-10
109 4 -9.521304692610881e-09
112 4 -2.111376956805564e-08
2 5 7.525962451100324e-11
5 5 1.032008244652538e-08
8 5 -7.05319134841966e-12
11 5 7.781278316134717e-11
14 5 -7.291070260311763e-12
29 5 1.199768682877342e-10
32 5 -3.067552243317383e-12
35 5 4.72174545864666e-09
38 5 -2.252245813789958e-12
41 5 -1.116468497595335e-11
44 5 -5.27569930807954e-10
65 5 -3.278989292155395e-12
86 5 -2.140924126130642e-08
92 5 -4.731369870567742e-10
95 5  -2.981153287251e-10
101 5 -9.302888202323937e-09
104 5 -3.081247366905987e-10
110 5 -9.521304692610881e-09
113 5 -2.111376956805564e-08
3 6 7.525962451100324e-11
6 6 1.032008244652538e-08
9 6 -7.05319134841966e-12
12 6 7.781278316134717e-11
15 6 -7.291070260311763e-12
30 6 1.199768682877342e-10
33 6 -3.067552243317383e-12
36 6 4.72174545864666e-09
39 6 -2.252245813789958e-12
42 6 -1.116468497595335e-11
45 6 -5.27569930807954e-10
66 6 -3.278989292155395e-12
87 6 -2.140924126130642e-08
93 6 -4.731369870567742e-10
96 6  -2.981153287251e-10
102 6 -9.302888202323937e-09
105 6 -3.081247366905987e-10
111 6 -9.521304692610881e-09
114 6 -2.111376956805564e-08
1 7 -7.052133482786082e-12
4 7 -7.05319134841966e-12
7 7 5.820034613579419e-13
28 7 -3.085872424399617e-12
31 7 2.479821366547522e-13
40 7 2.48050407290193e-13
85 7 2.825583687765323e-11
91 7 1.205886719877924e-11
94 7 2.82514333745656e-11
2 8 -7.052133482786082e-12
5 8 -7.05319134841966e-12
8 8 5.820034613579419e-13
29 8 -3.085872424399617e-12
32 8 2.479821366547522e-13
41 8 2.48050407290193e-13
86 8 2.825583687765323e-11
92 8 1.205886719877924e-11
95 8 2.82514333745656e-11
3 9 -7.052133482786082e-12
6 9 -7.05319134841966e-12
9 9 5.820034613579419e-13
30 9 -3.085872424399617e-12
33 9 2.479821366547522e-13
42 9 2.48050407290193e-13
87 9 2.825583687765323e-11
93 9 1.205886719877924e-11
96 9 2.82514333745656e-11
4 10 7.781278316134717e-11
10 10 1.075766401372306e-08
13 10 -7.293105064871748e-12
16 10 8.17327744876915e-11
19 10 -7.658083488109157e-12
34 10 1.301694059573522e-10
43 10 -3.278921410719927e-12
58 10 5.119105106307599e-09
61 10 -2.580615878017085e-12
64 10 -1.21319978867705e-11
67 10 -5.732472532990097e-10
103 10 -2.22598906053256e-08
109 10 -5.135963695415012e-10
112 10 -3.081205038364507e-10
118 10 -3.617244336312357e-12
121 10 -1.005181674854614e-08
124 10 -3.234753109439557e-10
130 10 -1.037780114702683e-08
133 10 -2.204241998191156e-08
5 11 7.781278316134717e-11
11 11 1.075766401372306e-08
14 11 -7.293105064871748e-12
17 11 8.17327744876915e-11
20 11 -7.658083488109157e-12
35 11 1.301694059573522e-10
44 11 -3.278921410719927e-12
59 11 5.119105106307599e-09
62 11 -2.580615878017085e-12
65 11 -1.21319978867705e-11
68 11 -5.732472532990097e-10
104 11 -2.22598906053256e-08
110 11 -5.135963695415012e-10
113 11 -3.081205038364507e-10
119 11 -3.617244336312357e-12
122 11 -1.005181674854614e-08
125 11 -3.234753109439557e-10
131 11 -1.037780114702683e-08
134 11 -2.204241998191156e-08
6 12 7.781278316134717e-11
12 12 1.075766401372306e-08
15 12 -7.293105064871748e-12
18 12 8.17327744876915e-11
21 12 -7.658083488109157e-12
36 12 1.301694059573522e-10
45 12 -3.278921410719927e-12
60 12 5.119105106307599e-09
63 12 -2.580615878017085e-12
66 12 -1.21319978867705e-11
69 12 -5.732472532990097e-10
105 12 -2.22598906053256e-08
111 12 -5.135963695415012e-10
114 12 -3.081205038364507e-10
120 12 -3.617244336312357e-12
123 12 -1.005181674854614e-08
126 12 -3.234753109439557e-10
132 12 -1.037780114702683e-08
135 12 -2.204241998191156e-08
4 13 -7.291070260311763e-12
10 13 -7.293105064871748e-12
13 13 6.017718164343534e-13
34 13 -3.294709315749419e-12
43 13 2.65052633641887e-13
64 13 2.65188396512839e-13
103 13 2.920834892858536e-11
109 13 1.288220881929681e-11
112 13 2.91998832202893e-11
5 14 -7.291070260311763e-12
11 14 -7.293105064871748e-12
14 14 6.017718164343534e-13
35 14 -3.294709315749419e-12
44 14 2.65052633641887e-13
65 14 2.65188396512839e-13
104 14 2.920834892858536e-11
110 14 1.288220881929681e-11
113 14 2.91998832202893e-11
6 15 -7.291070260311763e-12
12 15 -7.293105064871748e-12
15 15 6.017718164343534e-13
36 15 -3.294709315749419e-12
45 15 2.65052633641887e-13
66 15 2.65188396512839e-13
105 15 2.920834892858536e-11
111 15 1.288220881929681e-11
114 15 2.91998832202893e-11
10 16 8.17327744876915e-11
16 16 1.140596288386559e-08
19 16 -7.661325302994463e-12
58 16 1.468071983605274e-10
67 16 -3.617130760095931e-12
118 16 -1.371475928439597e-11
124 16 -2.352999299439351e-08
130 16 -5.79695458058481e-10
133 16 -3.234685726389732e-10
139 16 5.73451401734388e-09
142 16 -3.150453712171441e-12
145 16 -6.443194825400733e-10
148 16 8.742330232581586e-11
151 16 -8.191014557785701e-12
154 16 -4.137673129024166e-12
157 16 -1.12214973570819e-08
160 16 -3.457297110926097e-10
166 16 -1.169951030769587e-08
169 16 -2.340492312626024e-08
11 17 8.17327744876915e-11
17 17 1.140596288386559e-08
20 17 -7.661325302994463e-12
59 17 1.468071983605274e-10
68 17 -3.617130760095931e-12
119 17 -1.371475928439597e-11
125 17 -2.352999299439351e-08
131 17 -5.79695458058481e-10
134 17 -3.234685726389732e-10
140 17 5.73451401734388e-09
143 17 -3.150453712171441e-12
146 17 -6.443194825400733e-10
149 17 8.742330232581586e-11
152 17 -8.191014557785701e-12
155 17 -4.137673129024166e-12
158 17 -1.12214973570819e-08
161 17 -3.457297110926097e-10
167 17 -1.169951030769587e-08
170 17 -2.340492312626024e-08
12 18 8.17327744876915e-11
18 18 1.140596288386559e-08
21 18 -7.661325302994463e-12
60 18 1.468071983605274e-10
69 18 -3.617130760095931e-12
120 18 -1.371475928439597e-11
126 18 -2.352999299439351e-08
132 18 -5.79695458058481e-10
135 18 -3.234685726389732e-10
141 18 5.73451401734388e-09
144 18 -3.150453712171441e-12
147 18 -6.443194825400733e-10
150 18 8.742330232581586e-11
153 18 -8.191014557785701e-12
156 18 -4.137673129024166e-12
159 18 -1.12214973570819e-08
162 18 -3.457297110926097e-10
168 18 -1.169951030769587e-08
171 18 -2.340492312626024e-08
10 19 -7.658083488109157e-12
16 19 -7.661325302994463e-12
19 19 6.321253626555761e-13
58 19 -3.628114125364808e-12
67 19 2.923770411897613e-13
118 19 2.926041936226085e-13
124 19 3.066912804758803e-11
130 19 1.419811272973173e-11
133 19 3.065565143762338e-11
11 20 -7.658083488109157e-12
17 20 -7.661325302994463e-12
20 20 6.321253626555761e-13
59 20 -3.628114125364808e-12
68 20 2.923770411897613e-13
119 20 2.926041936226085e-13
125 20 3.066912804758803e-11
131 20 1.419811272973173e-11
134 20 3.065565143762338e-11
12 21 -7.658083488109157e-12
18 21 -7.661325302994463e-12
21 21 6.321253626555761e-13
60 21 -3.628114125364808e-12
69 21 2.923770411897613e-13
120 21 2.926041936226085e-13
126 21 3.066912804758803e-11
132 21 1.419811272973173e-11
135 21 3.065565143762338e-11
1 22 -6.919672904165559e-12
22 22 5.71013520406445e-13
25 22 -6.919469030615967e-12
49 22 -2.972679147992922e-12
52 22 2.38763619151047e-13
55 22 2.387507121952508e-13
70 22 2.772545791508103e-11
76 22 1.161290861742044e-11
79 22 2.772460901168694e-11
2 23 -6.919672904165559e-12
23 23 5.71013520406445e-13
26 23 -6.919469030615967e-12
50 23 -2.972679147992922e-12
53 23 2.38763619151047e-13
56 23 2.387507121952508e-13
71 23 2.772545791508103e-11
77 23 1.161290861742044e-11
80 23 2.772460901168694e-11
3 24 -6.919672904165559e-12
24 24 5.71013520406445e-13
27 24 -6.919469030615967e-12
51 24 -2.972679147992922e-12
54 24 2.38763619151047e-13
57 24 2.387507121952508e-13
72 24 2.772545791508103e-11
78 24 1.161290861742044e-11
81 24 2.772460901168694e-11
1 25 7.384056951357044e-11
22 25 -6.919469030615967e-12
25 25 9.668321495155204e-09
49 25 4.323397351685069e-09
52 25 -2.953156970292815e-12
55 25 -4.830525334253562e-10
70 25 -2.925520899163235e-10
76 25 -8.741664352145387e-09
79 25 -2.023171631162109e-08
178 25 -8.480039418113081e-09
181 25 -1.964148855975679e-08
2 26 7.384056951357044e-11
23 26 -6.919469030615967e-12
26 26 9.668321495155204e-09
50 26 4.323397351685069e-09
53 26 -2.953156970292815e-12
56 26 -4.830525334253562e-10
71 26 -2.925520899163235e-10
77 26 -8.741664352145387e-09
80 26 -2.023171631162109e-08
179 26 -8.480039418113081e-09
182 26 -1.964148855975679e-08
3 27 7.384056951357044e-11
24 27 -6.919469030615967e-12
27 27 9.668321495155204e-09
51 27 4.323397351685069e-09
54 27 -2.953156970292815e-12
57 27 -4.830525334253562e-10
72 27 -2.925520899163235e-10
78 27 -8.741664352145387e-09
81 27 -2.023171631162109e-08
180 27 -8.480039418113081e-09
183 27 -1.964148855975679e-08
1 28 4.484005305756399e-09
4 28 1.199768682877342e-10
7 28 -3.085872424399617e-12
28 28 4.906567132719442e-08
31 28 -4.287998430717815e-10
34 28 3.37545330189924e-10
37 28 -2.678534396216501e-11
40 28 -9.604535708779616e-12
43 28 -2.265663134222733e-12
46 28 -2.180824260819218e-11
49 28 2.789756988626149e-10
52 28 -2.095414815324414e-12
70 28 -8.94316643944388e-09
76 28 -1.054754573320083e-09
82 28 -8.598142190589798e-08
85 28 -4.764143841030552e-10
91 28 -1.029533111044123e-07
94 28 -9.074987102157285e-09
100 28 -1.264581595945053e-09
187 28 -1.270398869049636e-08
190 28 9.908651661709684e-08
193 28 -5.933761703538044e-11
196 28 -2.060509612179909e-07
199 28 -8.396463272008015e-11
202 28 1.207179084924586e-08
205 28 -1.273600491870379e-09
208 28 -3.850488942244054e-09
211 28 -2.546097069986095e-07
214 28 -5.249430885504672e-08
2 29 4.484005305756399e-09
5 29 1.199768682877342e-10
8 29 -3.085872424399617e-12
29 29 4.906567132719442e-08
32 29 -4.287998430717815e-10
35 29 3.37545330189924e-10
38 29 -2.678534396216501e-11
41 29 -9.604535708779616e-12
44 29 -2.265663134222733e-12
47 29 -2.180824260819218e-11
50 29 2.789756988626149e-10
53 29 -2.095414815324414e-12
71 29 -8.94316643944388e-09
77 29 -1.054754573320083e-09
83 29 -8.598142190589798e-08
86 29 -4.764143841030552e-10
92 29 -1.029533111044123e-07
95 29 -9.074987102157285e-09
101 29 -1.264581595945053e-09
188 29 -1.270398869049636e-08
191 29 9.908651661709684e-08
194 29 -5.933761703538044e-11
197 29 -2.060509612179909e-07
200 29 -8.396463272008015e-11
203 29 1.207179084924586e-08
206 29 -1.273600491870379e-09
209 29 -3.850488942244054e-09
212 29 -2.546097069986095e-07
215 29 -5.249430885504672e-08
3 30 4.484005305756399e-09
6 30 1.199768682877342e-10
9 30 -3.085872424399617e-12
30 30 4.906567132719442e-08
33 30 -4.287998430717815e-10
36 30 3.37545330189924e-10
39 30 -2.678534396216501e-11
42 30 -9.604535708779616e-12
45 30 -2.265663134222733e-12
48 30 -2.180824260819218e-11
51 30 2.789756988626149e-10
54 30 -2.095414815324414e-12
72 30 -8.94316643944388e-09
78 30 -1.054754573320083e-09
84 30 -8.598142190589798e-08
87 30 -4.764143841030552e-10
93 30 -1.029533111044123e-07
96 30 -9.074987102157285e-09
102 30 -1.264581595945053e-09
189 30 -1.270398869049636e-08
192 30 9.908651661709684e-08
195 30 -5.933761703538044e-11
198 30 -2.060509612179909e-07
201 30 -8.396463272008015e-11
204 30 1.207179084924586e-08
207 30 -1.273600491870379e-09
210 30 -3.850488942244054e-09
213 30 -2.546097069986095e-07
216 30 -5.249430885504672e-08
1 31 -5.003219653949973e-10
4 31 -3.067552243317383e-12
7 31 2.479821366547522e-13
28 31 -4.287998430717815e-10
31 31 4.100157468877948e-11
40 31 2.114100451257232e-13
46 31 1.413266663620724e-13
49 31 -2.095670808313951e-12
52 31 1.682885156816071e-13
70 31 1.009075057518964e-09
76 31 8.213882731595117e-12
82 31 8.546876625733134e-10
85 31 1.205886719877924e-11
91 31 8.712854863848702e-10
94 31 1.023379500392792e-09
2 32 -5.003219653949973e-10
5 32 -3.067552243317383e-12
8 32 2.479821366547522e-13
29 32 -4.287998430717815e-10
32 32 4.100157468877948e-11
41 32 2.114100451257232e-13
47 32 1.413266663620724e-13
50 32 -2.095670808313951e-12
53 32 1.682885156816071e-13
71 32 1.009075057518964e-09
77 32 8.213882731595117e-12
83 32 8.546876625733134e-10
86 32 1.205886719877924e-11
92 32 8.712854863848702e-10
95 32 1.023379500392792e-09
3 33 -5.003219653949973e-10
6 33 -3.067552243317383e-12
9 33 2.479821366547522e-13
30 33 -4.287998430717815e-10
33 33 4.100157468877948e-11
42 33 2.114100451257232e-13
48 33 1.413266663620724e-13
51 33 -2.095670808313951e-12
54 33 1.682885156816071e-13
72 33 1.009075057518964e-09
78 33 8.213882731595117e-12
84 33 8.546876625733134e-10
87 33 1.205886719877924e-11
93 33 8.712854863848702e-10
96 33 1.023379500392792e-09
4 34 4.72174545864666e-09
10 34 1.301694059573522e-10
13 34 -3.294709315749419e-12
28 34 3.37545330189924e-10
34 34 6.29160178954761e-08
37 34 -2.693867284976446e-11
40 34 -2.265282387566509e-12
43 34 -4.635281784473608e-10
58 34 4.897942493920662e-10
61 34 -4.015981860644082e-11
64 34 -1.076841677270395e-11
67 34 -2.593006545697244e-12
85 34 -9.373012459798683e-09
91 34 -1.264278865786073e-09
100 34 -1.033417908288137e-07
103 34 -5.16463285424617e-10
109 34 -1.344299106244052e-07
112 34 -9.588522332335027e-09
121 34 -1.790965734626432e-09
199 34 -1.98131570870457e-08
202 34 1.389542017132747e-07
205 34 -8.394450422302705e-11
214 34 -2.812391653371129e-07
217 34 -1.667012894140411e-10
220 34 2.36068803009971e-08
223 34 -2.942800559847926e-09
226 34 -1.076182502393367e-08
229 34 -3.884116508480827e-07
5 35 4.72174545864666e-09
11 35 1.301694059573522e-10
14 35 -3.294709315749419e-12
29 35 3.37545330189924e-10
35 35 6.29160178954761e-08
38 35 -2.693867284976446e-11
41 35 -2.265282387566509e-12
44 35 -4.635281784473608e-10
59 35 4.897942493920662e-10
62 35 -4.015981860644082e-11
65 35 -1.076841677270395e-11
68 35 -2.593006545697244e-12
86 35 -9.373012459798683e-09
92 35 -1.264278865786073e-09
101 35 -1.033417908288137e-07
104 35 -5.16463285424617e-10
110 35 -1.344299106244052e-07
113 35 -9.588522332335027e-09
122 35 -1.790965734626432e-09
200 35 -1.98131570870457e-08
203 35 1.389542017132747e-07
206 35 -8.394450422302705e-11
215 35 -2.812391653371129e-07
218 35 -1.667012894140411e-10
221 35 2.36068803009971e-08
224 35 -2.942800559847926e-09
227 35 -1.076182502393367e-08
230 35 -3.884116508480827e-07
6 36 4.72174545864666e-09
12 36 1.301694059573522e-10
15 36 -3.294709315749419e-12
30 36 3.37545330189924e-10
36 36 6.29160178954761e-08
39 36 -2.693867284976446e-11
42 36 -2.265282387566509e-12
45 36 -4.635281784473608e-10
60 36 4.897942493920662e-10
63 36 -4.015981860644082e-11
66 36 -1.076841677270395e-11
69 36 -2.593006545697244e-12
87 36 -9.373012459798683e-09
93 36 -1.264278865786073e-09
102 36 -1.033417908288137e-07
105 36 -5.16463285424617e-10
111 36 -1.344299106244052e-07
114 36 -9.588522332335027e-09
123 36 -1.790965734626432e-09
201 36 -1.98131570870457e-08
204 36 1.389542017132747e-07
207 36 -8.394450422302705e-11
216 36 -2.812391653371129e-07
219 36 -1.667012894140411e-10
222 36 2.36068803009971e-08
225 36 -2.942800559847926e-09
228 36 -1.076182502393367e-08
231 36 -3.884116508480827e-07
4 37 -2.252245813789958e-12
28 37 -2.678534396216501e-11
34 37 -2.693867284976446e-11
37 37 1.875448664584361e-12
40 37 1.55249412850666e-13
43 37 1.560109061631073e-13
85 37 8.879806989862266e-12
91 37 1.021827530949273e-10
100 37 1.027882134128866e-10
199 37 5.764951384128695e-12
202 37 -6.613560986814275e-11
205 37 5.724694390022408e-12
214 37 2.944355337923174e-10
5 38 -2.252245813789958e-12
29 38 -2.678534396216501e-11
35 38 -2.693867284976446e-11
38 38 1.875448664584361e-12
41 38 1.55249412850666e-13
44 38 1.560109061631073e-13
86 38 8.879806989862266e-12
92 38 1.021827530949273e-10
101 38 1.027882134128866e-10
200 38 5.764951384128695e-12
203 38 -6.613560986814275e-11
206 38 5.724694390022408e-12
215 38 2.944355337923174e-10
6 39 -2.252245813789958e-12
30 39 -2.678534396216501e-11
36 39 -2.693867284976446e-11
39 39 1.875448664584361e-12
42 39 1.55249412850666e-13
45 39 1.560109061631073e-13
87 39 8.879806989862266e-12
93 39 1.021827530949273e-10
102 39 1.027882134128866e-10
201 39 5.764951384128695e-12
204 39 -6.613560986814275e-11
207 39 5.724694390022408e-12
216 39 2.944355337923174e-10
1 40 -3.067586378635104e-12
4 40 -1.116468497595335e-11
7 40 2.48050407290193e-13
28 40 -9.604535708779616e-12
31 40 2.114100451257232e-13
34 40 -2.265282387566509e-12
37 40 1.55249412850666e-13
40 40 7.854392368595105e-13
43 40 1.820840537162096e-13
85 40 4.482519992994117e-11
91 40 3.827040583737869e-11
94 40 1.205886719877924e-11
100 40 8.879806989862268e-12
2 41 -3.067586378635104e-12
5 41 -1.116468497595335e-11
8 41 2.48050407290193e-13
29 41 -9.604535708779616e-12
32 41 2.114100451257232e-13
35 41 -2.265282387566509e-12
38 41 1.55249412850666e-13
41 41 7.854392368595105e-13
44 41 1.820840537162096e-13
86 41 4.482519992994117e-11
92 41 3.827040583737869e-11
95 41 1.205886719877924e-11
101 41 8.879806989862268e-12
3 42 -3.067586378635104e-12
6 42 -1.116468497595335e-11
9 42 2.48050407290193e-13
30 42 -9.604535708779616e-12
33 42 2.114100451257232e-13
36 42 -2.265282387566509e-12
39 42 1.55249412850666e-13
42 42 7.854392368595105e-13
45 42 1.820840537162096e-13
87 42 4.482519992994117e-11
93 42 3.827040583737869e-11
96 42 1.205886719877924e-11
102 42 8.879806989862268e-12
4 43 -5.27569930807954e-10
10 43 -3.278921410719927e-12
13 43 2.65052633641887e-13
28 43 -2.265663134222733e-12
34 43 -4.635281784473608e-10
37 43 1.560109061631073e-13
40 43 1.820840537162096e-13
43 43 4.439885220697295e-11
64 43 2.336125864538503e-13
85 43 1.058977649999042e-09
91 43 8.879806989862268e-12
100 43 9.187291350495392e-10
103 43 1.288220881929681e-11
109 43 9.485620508768374e-10
112 43 1.082997330325086e-09
5 44 -5.27569930807954e-10
11 44 -3.278921410719927e-12
14 44 2.65052633641887e-13
29 44 -2.265663134222733e-12
35 44 -4.635281784473608e-10
38 44 1.560109061631073e-13
41 44 1.820840537162096e-13
44 44 4.439885220697295e-11
65 44 2.336125864538503e-13
86 44 1.058977649999042e-09
92 44 8.879806989862268e-12
101 44 9.187291350495392e-10
104 44 1.288220881929681e-11
110 44 9.485620508768374e-10
113 44 1.082997330325086e-09
6 45 -5.27569930807954e-10
12 45 -3.278921410719927e-12
15 45 2.65052633641887e-13
30 45 -2.265663134222733e-12
36 45 -4.635281784473608e-10
39 45 1.560109061631073e-13
42 45 1.820840537162096e-13
45 45 4.439885220697295e-11
66 45 2.336125864538503e-13
87 45 1.058977649999042e-09
93 45 8.879806989862268e-12
102 45 9.187291350495392e-10
105 45 1.288220881929681e-11
111 45 9.485620508768374e-10
114 45 1.082997330325086e-09
1 46 -2.08193389066465e-12
28 46 -2.180824260819218e-11
31 46 1.413266663620724e-13
46 46 1.489173494640459e-12
49 46 -2.172514092522073e-11
52 46 1.408146803829965e-13
70 46 8.213882731595119e-12
76 46 8.352160160292179e-11
82 46 8.385367777329402e-11
187 46 3.991545856472031e-12
190 46 -4.858028141591497e-11
193 46 3.973970224177248e-12
196 46 2.118618266784137e-10
2 47 -2.08193389066465e-12
29 47 -2.180824260819218e-11
32 47 1.413266663620724e-13
47 47 1.489173494640459e-12
50 47 -2.172514092522073e-11
53 47 1.408146803829965e-13
71 47 8.213882731595119e-12
77 47 8.352160160292179e-11
83 47 8.385367777329402e-11
188 47 3.991545856472031e-12
191 47 -4.858028141591497e-11
194 47 3.973970224177248e-12
197 47 2.118618266784137e-10
3 48 -2.08193389066465e-12
30 48 -2.180824260819218e-11
33 48 1.413266663620724e-13
48 48 1.489173494640459e-12
51 48 -2.172514092522073e-11
54 48 1.408146803829965e-13
72 48 8.213882731595119e-12
78 48 8.352160160292179e-11
84 48 8.385367777329402e-11
189 48 3.991545856472031e-12
192 48 -4.858028141591497e-11
195 48 3.973970224177248e-12
198 48 2.118618266784137e-10
1 49 1.145057672284722e-10
22 49 -2.972679147992922e-12
25 49 4.323397351685069e-09
28 49 2.789756988626149e-10
31 49 -2.095670808313951e-12
46 49 -2.172514092522073e-11
49 49 4.35229985482874e-08
52 49 -8.996298456738968e-12
55 49 -4.091222625192887e-10
70 49 -4.548956842231418e-10
76 49 -9.08672177343636e-08
79 49 -8.821662663119465e-09
82 49 -1.054920611405268e-09
178 49 -7.782799506537257e-08
181 49 -8.558401826688546e-09
187 49 -5.934640485152788e-11
190 49 8.503052945866083e-09
193 49 -8.388829925852936e-10
196 49 -3.63194719967122e-08
235 49 -2.310199302138832e-09
238 49 -1.037868064867205e-08
241 49 8.411150218421822e-08
244 49 -2.092110396210691e-07
247 49 -1.770852206030349e-07
2 50 1.145057672284722e-10
23 50 -2.972679147992922e-12
26 50 4.323397351685069e-09
29 50 2.789756988626149e-10
32 50 -2.095670808313951e-12
47 50 -2.172514092522073e-11
50 50 4.35229985482874e-08
53 50 -8.996298456738968e-12
56 50 -4.091222625192887e-10
71 50 -4.548956842231418e-10
77 50 -9.08672177343636e-08
80 50 -8.821662663119465e-09
83 50 -1.054920611405268e-09
179 50 -7.782799506537257e-08
182 50 -8.558401826688546e-09
188 50 -5.934640485152788e-11
191 50 8.503052945866083e-09
194 50 -8.388829925852936e-10
197 50 -3.63194719967122e-08
236 50 -2.310199302138832e-09
239 50 -1.037868064867205e-08
242 50 8.411150218421822e-08
245 50 -2.092110396210691e-07
248 50 -1.770852206030349e-07
3 51 1.145057672284722e-10
24 51 -2.972679147992922e-12
27 51 4.323397351685069e-09
30 51 2.789756988626149e-10
33 51 -2.095670808313951e-12
48 51 -2.172514092522073e-11
51 51 4.35229985482874e-08
54 51 -8.996298456738968e-12
57 51 -4.091222625192887e-10
72 51 -4.548956842231418e-10
78 51 -9.08672177343636e-08
81 51 -8.821662663119465e-09
84 51 -1.054920611405268e-09
180 51 -7.782799506537257e-08
183 51 -8.558401826688546e-09
189 51 -5.934640485152788e-11
192 51 8.503052945866083e-09
195 51 -8.388829925852936e-10
198 51 -3.63194719967122e-08
237 51 -2.310199302138832e-09
240 51 -1.037868064867205e-08
243 51 8.411150218421822e-08
246 51 -2.092110396210691e-07
249 51 -1.770852206030349e-07
1 52 -1.064585040156801e-11
22 52 2.38763619151047e-13
25 52 -2.953156970292815e-12
28 52 -2.095414815324414e-12
31 52 1.682885156816071e-13
46 52 1.408146803829965e-13
49 52 -8.996298456738968e-12
52 52 7.348235196551547e-13
55 52 1.997063567950334e-13
70 52 4.275917611290116e-11
76 52 3.583206438023722e-11
79 52 1.161290861742044e-11
82 52 8.213882731595117e-12
2 53 -1.064585040156801e-11
23 53 2.38763619151047e-13
26 53 -2.953156970292815e-12
29 53 -2.095414815324414e-12
32 53 1.682885156816071e-13
47 53 1.408146803829965e-13
50 53 -8.996298456738968e-12
53 53 7.348235196551547e-13
56 53 1.997063567950334e-13
71 53 4.275917611290116e-11
77 53 3.583206438023722e-11
80 53 1.161290861742044e-11
83 53 8.213882731595117e-12
3 54 -1.064585040156801e-11
24 54 2.38763619151047e-13
27 54 -2.953156970292815e-12
30 54 -2.095414815324414e-12
33 54 1.682885156816071e-13
48 54 1.408146803829965e-13
51 54 -8.996298456738968e-12
54 54 7.348235196551547e-13
57 54 1.997063567950334e-13
72 54 4.275917611290116e-11
78 54 3.583206438023722e-11
81 54 1.161290861742044e-11
84 54 8.213882731595117e-12
1 55 -2.953150516814917e-12
22 55 2.387507121952508e-13
25 55 -4.830525334253562e-10
49 55 -4.091222625192887e-10
52 55 1.997063567950334e-13
55 55 3.914508609548974e-11
70 55 1.161290861742044e-11
76 55 8.340620845253771e-10
79 55 9.940587064735301e-10
178 55 8.122228419840433e-10
181 55 9.689476591350133e-10
2 56 -2.953150516814917e-12
23 56 2.387507121952508e-13
26 56 -4.830525334253562e-10
50 56 -4.091222625192887e-10
53 56 1.997063567950334e-13
56 56 3.914508609548974e-11
71 56 1.161290861742044e-11
77 56 8.340620845253771e-10
80 56 9.940587064735301e-10
179 56 8.122228419840433e-10
182 56 9.689476591350133e-10
3 57 -2.953150516814917e-12
24 57 2.387507121952508e-13
27 57 -4.830525334253562e-10
51 57 -4.091222625192887e-10
54 57 1.997063567950334e-13
57 57 3.914508609548974e-11
72 57 1.161290861742044e-11
78 57 8.340620845253771e-10
81 57 9.940587064735301e-10
180 57 8.122228419840433e-10
183 57 9.689476591350133e-10
10 58 5.119105106307599e-09
16 58 1.468071983605274e-10
19 58 -3.628114125364808e-12
34 58 4.897942493920662e-10
58 58 1.029805917850794e-07
61 58 -4.049507097196092e-11
64 58 -2.592422525798683e-12
67 58 -5.235656076857766e-10
103 58 -1.010811225495876e-08
109 58 -1.790322475540285e-09
118 58 -1.27461464604624e-11
121 58 -1.436653879836732e-07
124 58 -5.817346110770039e-10
130 58 -2.222090349557534e-07
133 58 -1.04282113783192e-08
139 58 1.012826181936907e-09
142 58 -8.69048379375675e-11
145 58 -3.159990661130364e-12
157 58 -3.392538412269684e-09
217 58 -4.630588387445022e-08
220 58 2.520358580911742e-07
223 58 -1.666374572104365e-10
250 58 2.91648768114673e-16
253 58 -1.177942593414694e-18
256 58 -3.38910388249082e-20
259 58 -1.027365966285424e-17
262 58 -6.585452236664707e-10
268 58 -1.156221501394208e-15
271 58 -1.512178376739956e-08
274 58 -7.45553639075179e-08
11 59 5.119105106307599e-09
17 59 1.468071983605274e-10
20 59 -3.628114125364808e-12
35 59 4.897942493920662e-10
59 59 1.029805917850794e-07
62 59 -4.049507097196092e-11
65 59 -2.592422525798683e-12
68 59 -5.235656076857766e-10
104 59 -1.010811225495876e-08
110 59 -1.790322475540285e-09
119 59 -1.27461464604624e-11
122 59 -1.436653879836732e-07
125 59 -5.817346110770039e-10
131 59 -2.222090349557534e-07
134 59 -1.04282113783192e-08
140 59 1.012826181936907e-09
143 59 -8.69048379375675e-11
146 59 -3.159990661130364e-12
158 59 -3.392538412269684e-09
218 59 -4.630588387445022e-08
221 59 2.520358580911742e-07
224 59 -1.666374572104365e-10
251 59 2.91648768114673e-16
254 59 -1.177942593414694e-18
257 59 -3.38910388249082e-20
260 59 -1.027365966285424e-17
263 59 -6.585452236664707e-10
269 59 -1.156221501394208e-15
272 59 -1.512178376739956e-08
275 59 -7.45553639075179e-08
12 60 5.119105106307599e-09
18 60 1.468071983605274e-10
21 60 -3.628114125364808e-12
36 60 4.897942493920662e-10
60 60 1.029805917850794e-07
63 60 -4.049507097196092e-11
66 60 -2.592422525798683e-12
69 60 -5.235656076857766e-10
105 60 -1.010811225495876e-08
111 60 -1.790322475540285e-09
120 60 -1.27461464604624e-11
123 60 -1.436653879836732e-07
126 60 -5.817346110770039e-10
132 60 -2.222090349557534e-07
135 60 -1.04282113783192e-08
141 60 1.012826181936907e-09
144 60 -8.69048379375675e-11
147 60 -3.159990661130364e-12
159 60 -3.392538412269684e-09
219 60 -4.630588387445022e-08
222 60 2.520358580911742e-07
225 60 -1.666374572104365e-10
252 60 2.91648768114673e-16
255 60 -1.177942593414694e-18
258 60 -3.38910388249082e-20
261 60 -1.027365966285424e-17
264 60 -6.585452236664707e-10
270 60 -1.156221501394208e-15
273 60 -1.512178376739956e-08
276 60 -7.45553639075179e-08
10 61 -2.580615878017085e-12
34 61 -4.015981860644082e-11
58 61 -4.049507097196092e-11
61 61 2.916012921975551e-12
64 61 1.838924321100805e-13
67 61 1.850604719072021e-13
103 61 1.016218437552146e-11
109 61 1.501523055375484e-10
121 61 1.514388237098427e-10
217 61 1.185196101086317e-11
220 61 -1.181756898020627e-10
223 61 1.172429660365409e-11
11 62 -2.580615878017085e-12
35 62 -4.015981860644082e-11
59 62 -4.049507097196092e-11
62 62 2.916012921975551e-12
65 62 1.838924321100805e-13
68 62 1.850604719072021e-13
104 62 1.016218437552146e-11
110 62 1.501523055375484e-10
122 62 1.514388237098427e-10
218 62 1.185196101086317e-11
221 62 -1.181756898020627e-10
224 62 1.172429660365409e-11
12 63 -2.580615878017085e-12
36 63 -4.015981860644082e-11
60 63 -4.049507097196092e-11
63 63 2.916012921975551e-12
66 63 1.838924321100805e-13
69 63 1.850604719072021e-13
105 63 1.016218437552146e-11
111 63 1.501523055375484e-10
123 63 1.514388237098427e-10
219 63 1.185196101086317e-11
222 63 -1.181756898020627e-10
225 63 1.172429660365409e-11
4 64 -3.278989292155395e-12
10 64 -1.21319978867705e-11
13 64 2.65188396512839e-13
34 64 -1.076841677270395e-11
43 64 2.336125864538503e-13
58 64 -2.592422525798683e-12
61 64 1.838924321100805e-13
64 64 8.82401065492679e-13
67 64 2.08673767470397e-13
103 64 4.867372206827537e-11
109 64 4.293989030204396e-11
112 64 1.288220881929681e-11
121 64 1.016218437552146e-11
5 65 -3.278989292155395e-12
11 65 -1.21319978867705e-11
14 65 2.65188396512839e-13
35 65 -1.076841677270395e-11
44 65 2.336125864538503e-13
59 65 -2.592422525798683e-12
62 65 1.838924321100805e-13
65 65 8.82401065492679e-13
68 65 2.08673767470397e-13
104 65 4.867372206827537e-11
110 65 4.293989030204396e-11
113 65 1.288220881929681e-11
122 65 1.016218437552146e-11
6 66 -3.278989292155395e-12
12 66 -1.21319978867705e-11
15 66 2.65188396512839e-13
36 66 -1.076841677270395e-11
45 66 2.336125864538503e-13
60 66 -2.592422525798683e-12
63 66 1.838924321100805e-13
66 66 8.82401065492679e-13
69 66 2.08673767470397e-13
105 66 4.867372206827537e-11
111 66 4.293989030204396e-11
114 66 1.288220881929681e-11
123 66 1.016218437552146e-11
10 67 -5.732472532990097e-10
16 67 -3.617130760095931e-12
19 67 2.923770411897613e-13
34 67 -2.593006545697244e-12
58 67 -5.235656076857766e-10
61 67 1.850604719072021e-13
64 67 2.08673767470397e-13
67 67 5.029155972817767e-11
103 67 1.144547503435783e-09
109 67 1.016218437552146e-11
118 67 2.706374630848455e-13
121 67 1.031956490610696e-09
124 67 1.419811272973174e-11
130 67 1.080004194537766e-09
133 67 1.180824657122395e-09
11 68 -5.732472532990097e-10
17 68 -3.617130760095931e-12
20 68 2.923770411897613e-13
35 68 -2.593006545697244e-12
59 68 -5.235656076857766e-10
62 68 1.850604719072021e-13
65 68 2.08673767470397e-13
68 68 5.029155972817767e-11
104 68 1.144547503435783e-09
110 68 1.016218437552146e-11
119 68 2.706374630848455e-13
122 68 1.031956490610696e-09
125 68 1.419811272973174e-11
131 68 1.080004194537766e-09
134 68 1.180824657122395e-09
12 69 -5.732472532990097e-10
18 69 -3.617130760095931e-12
21 69 2.923770411897613e-13
36 69 -2.593006545697244e-12
60 69 -5.235656076857766e-10
63 69 1.850604719072021e-13
66 69 2.08673767470397e-13
69 69 5.029155972817767e-11
105 69 1.144547503435783e-09
111 69 1.016218437552146e-11
120 69 2.706374630848455e-13
123 69 1.031956490610696e-09
126 69 1.419811272973174e-11
132 69 1.080004194537766e-09
135 69 1.180824657122395e-09
1 70 -2.089902225096668e-08
22 70 2.772545791508103e-11
25 70 -2.925520899163235e-10
28 70 -8.94316643944388e-09
31 70 1.009075057518964e-09
46 70 8.213882731595119e-12
49 70 -4.548956842231418e-10
52 70 4.275917611290116e-11
55 70 1.161290861742044e-11
70 70 5.880719050605137e-08
76 70 1.792828833810886e-09
79 70 1.158594602144479e-09
82 70 2.395806008842784e-08
91 70 1.165200439167044e-08
94 70 2.736774489962006e-08
2 71 -2.089902225096668e-08
23 71 2.772545791508103e-11
26 71 -2.925520899163235e-10
29 71 -8.94316643944388e-09
32 71 1.009075057518964e-09
47 71 8.213882731595119e-12
50 71 -4.548956842231418e-10
53 71 4.275917611290116e-11
56 71 1.161290861742044e-11
71 71 5.880719050605137e-08
77 71 1.792828833810886e-09
80 71 1.158594602144479e-09
83 71 2.395806008842784e-08
92 71 1.165200439167044e-08
95 71 2.736774489962006e-08
3 72 -2.089902225096668e-08
24 72 2.772545791508103e-11
27 72 -2.925520899163235e-10
30 72 -8.94316643944388e-09
33 72 1.009075057518964e-09
48 72 8.213882731595119e-12
51 72 -4.548956842231418e-10
54 72 4.275917611290116e-11
57 72 1.161290861742044e-11
72 72 5.880719050605137e-08
78 72 1.792828833810886e-09
81 72 1.158594602144479e-09
84 72 2.395806008842784e-08
93 72 1.165200439167044e-08
96 72 2.736774489962006e-08
73 73   0.3778054860916381
74 73 -0.04396313627385911
75 73 -0.004529811981532306
88 73  0.01227862299295189
89 73 -0.008633558707590546
90 73 -0.0001137754764567189
97 73  -0.0821618656335335
98 73  0.04249845768331312
99 73 -2.016100650547296e-05
175 73 -0.04979509968412596
176 73  0.01599124832820068
177 73 -2.736386525780158e-05
184 73  0.01236789964681019
185 73 -0.005843098780443843
186 73 -5.339062094740444e-05
283 73 -0.001935191831905957
284 73 -3.9198097203981e-06
285 73  0.00153395744173371
286 73 -0.001388009215505312
287 73 -8.252861873345638e-05
288 73  0.00145101656564801
289 73 0.003989449481165511
290 73 0.0004532404305505214
291 73 -0.003841607033094824
292 73 0.0004957179039749768
293 73 -6.422184325786941e-05
294 73 6.422184325786944e-05
295 73 0.003657047250213369
296 73 -3.159645445651723e-05
297 73 -0.004350451896855136
298 73 5.089799029485841e-05
299 73 -7.634698544228762e-05
300 73 -0.0004400429582004759
302 73 8.269318611368062e-05
303 73 0.0005538184346571948
304 73 0.0002048528030801173
305 73 -0.0004083201231309932
306 73 -0.001955717139832099
307 73 -0.0002633821753887221
308 73 0.0001311647854575439
309 73 3.923946153983933e-05
310 73 7.631382013746503e-06
311 73 -1.64567380224381e-07
312 73 -1.144707302061981e-05
73 74 -0.04396313627385911
74 74   0.4175452948289383
75 74 -0.04935236670378709
88 74 -0.005755705805060377
89 74  0.04297518047533166
90 74 -0.006409141711434792
97 74  0.03457148613171451
98 74  -0.1861757566977366
99 74  0.03606887196377142
175 74  0.02398687249230086
176 74  -0.1732041087426478
177 74  0.02944753527945446
184 74 -0.008764648170665738
185 74  0.04328764876383562
186 74 -0.009733810678602139
283 74 -2.613206480265433e-06
284 74  -0.0014280293938948
285 74 0.0002042136125116412
286 74 -5.501907915563765e-05
287 74 -0.001388009215505312
288 74 0.0006860163367656009
289 74 0.000355678489748573
290 74 0.003989449481165511
291 74 -0.002466134756773079
292 74 -9.633276488680411e-05
293 74 0.0006562725121196513
294 74 -0.0007114659343335301
295 74 -2.106430297101096e-05
296 74 0.002989330204057541
297 74 2.106430297101096e-05
298 74 -5.089799029485841e-05
299 74 0.0001781429660320044
300 74 0.0004400429582004759
301 74 5.512879074245387e-05
303 74 -0.0006089472253996486
304 74 -0.0003146284073330455
305 74 5.852937230860492e-05
306 74  0.00218636717970911
307 74 0.0001298581822174112
308 74 -0.0002443037203543556
309 74 -2.277421298573838e-05
310 74 -1.097115868162542e-07
311 74 7.631382013746503e-06
312 74 1.097115868162542e-07
73 75 -0.004529811981532306
74 75 -0.04935236670378709
75 75   0.4862655896034822
88 75 -7.585031763781266e-05
89 75 -0.009708525464199409
90 75  0.01227862299295189
97 75 -1.344067100364877e-05
98 75  0.04550559241125082
99 75 -0.08060615199632003
175 75 -4.104579788670235e-05
176 75  0.02001407345794872
177 75 -0.05087383983591873
184 75 -8.008593142110637e-05
185 75 -0.006444714934945238
186 75  0.01236789964681019
283 75 0.001245210643207746
284 75 0.0001918382831228735
285 75 -0.003607890095824938
286 75 0.0009673443770986712
287 75 0.0005031934571400969
288 75 -0.004858032254268607
289 75 -0.002614589558111445
290 75 -0.001860211275233522
291 75  0.01396307318407929
292 75 9.633276488680411e-05
293 75 -0.0005278288256039112
294 75 0.001574458055767746
295 75 -0.003122873613288705
296 75 3.159645445651723e-05
297 75 0.009794938668045591
298 75 -0.0002933619721336504
299 75 0.0002933619721336504
300 75 5.089799029485841e-05
301 75 0.0003692122897714633
302 75 -0.0004519054758851438
304 75 -0.001310170911566186
305 75 0.001656145971381701
306 75 5.852937230860492e-05
307 75 3.251912603801513e-05
308 75 -1.736048072404686e-05
309 75 -0.0001361371996515763
310 75 -7.631382013746503e-06
311 75 1.64567380224381e-07
312 75 2.670983704811285e-05
1 76 -4.514321283568101e-10
22 76 1.161290861742044e-11
25 76 -8.741664352145387e-09
28 76 -1.054754573320083e-09
31 76 8.213882731595117e-12
46 76 8.352160160292179e-11
49 76 -9.08672177343636e-08
52 76 3.583206438023722e-11
55 76 8.340620845253771e-10
70 76 1.792828833810886e-09
76 76 2.507677634875659e-07
79 76 2.374519482474351e-08
82 76 3.99927466004069e-09
178 76 1.018262184854413e-07
181 76 1.13698462971687e-08
187 76 2.118618266784137e-10
190 76 -2.886082166546531e-08
193 76 2.915901810062539e-09
196 76 1.227206427087149e-07
235 76 7.428082788961703e-09
238 76 2.01513558715787e-08
241 76 -1.628433772654589e-07
244 76 5.260274033859349e-07
247 76 2.106533475981598e-07
2 77 -4.514321283568101e-10
23 77 1.161290861742044e-11
26 77 -8.741664352145387e-09
29 77 -1.054754573320083e-09
32 77 8.213882731595117e-12
47 77 8.352160160292179e-11
50 77 -9.08672177343636e-08
53 77 3.583206438023722e-11
56 77 8.340620845253771e-10
71 77 1.792828833810886e-09
77 77 2.507677634875659e-07
80 77 2.374519482474351e-08
83 77 3.99927466004069e-09
179 77 1.018262184854413e-07
182 77 1.13698462971687e-08
188 77 2.118618266784137e-10
191 77 -2.886082166546531e-08
194 77 2.915901810062539e-09
197 77 1.227206427087149e-07
236 77 7.428082788961703e-09
239 77 2.01513558715787e-08
242 77 -1.628433772654589e-07
245 77 5.260274033859349e-07
248 77 2.106533475981598e-07
3 78 -4.514321283568101e-10
24 78 1.161290861742044e-11
27 78 -8.741664352145387e-09
30 78 -1.054754573320083e-09
33 78 8.213882731595117e-12
48 78 8.352160160292179e-11
51 78 -9.08672177343636e-08
54 78 3.583206438023722e-11
57 78 8.340620845253771e-10
72 78 1.792828833810886e-09
78 78 2.507677634875659e-07
81 78 2.374519482474351e-08
84 78 3.99927466004069e-09
180 78 1.018262184854413e-07
183 78 1.13698462971687e-08
189 78 2.118618266784137e-10
192 78 -2.886082166546531e-08
195 78 2.915901810062539e-09
198 78 1.227206427087149e-07
237 78 7.428082788961703e-09
240 78 2.01513558715787e-08
243 78 -1.628433772654589e-07
246 78 5.260274033859349e-07
249 78 2.106533475981598e-07
1 79 -2.925516654646262e-10
22 79 2.772460901168694e-11
25 79 -2.023171631162109e-08
49 79 -8.821662663119465e-09
52 79 1.161290861742044e-11
55 79 9.940587064735301e-10
70 79 1.158594602144479e-09
76 79 2.374519482474351e-08
79 79 5.642557445270526e-08
178 79 1.13698462971687e-08
181 79 2.703484660077419e-08
2 80 -2.925516654646262e-10
23 80 2.772460901168694e-11
26 80 -2.023171631162109e-08
50 80 -8.821662663119465e-09
53 80 1.161290861742044e-11
56 80 9.940587064735301e-10
71 80 1.158594602144479e-09
77 80 2.374519482474351e-08
80 80 5.642557445270526e-08
179 80 1.13698462971687e-08
182 80 2.703484660077419e-08
3 81 -2.925516654646262e-10
24 81 2.772460901168694e-11
27 81 -2.023171631162109e-08
51 81 -8.821662663119465e-09
54 81 1.161290861742044e-11
57 81 9.940587064735301e-10
72 81 1.158594602144479e-09
78 81 2.374519482474351e-08
81 81 5.642557445270526e-08
180 81 1.13698462971687e-08
183 81 2.703484660077419e-08
1 82 -8.865972741971059e-09
28 82 -8.598142190589798e-08
31 82 8.546876625733134e-10
46 82 8.385367777329402e-11
49 82 -1.054920611405268e-09
52 82 8.213882731595117e-12
70 82 2.395806008842784e-08
76 82 3.99927466004069e-09
82 82 2.243959487441007e-07
91 82 1.108431268221006e-07
94 82 1.165200439167044e-08
187 82 2.059609441512584e-08
190 82 -1.569071834099942e-07
193 82 2.118618266784137e-10
196 82 4.842260708353879e-07
211 82 2.414783565939051e-07
