%%MatrixMarket matrix coordinate real general
1431 1431 44953
1 1 5.540219226470329e-10
4 1 1.86044097408679e-12
7 1 -8.060593189991993e-14
22 1 -7.923034127218794e-14
25 1 1.828633241208243e-12
28 1 2.447269394648822e-10
31 1 -1.268499367634527e-11
40 1 -3.533104384433379e-14
46 1 -2.503896950391799e-14
49 1 2.907301639115127e-12
52 1 -1.255579249675994e-13
55 1 -3.413413124353922e-14
70 1 -1.126999843334202e-09
76 1 -1.155267801269637e-11
79 1 -7.281142607628589e-12
82 1 -4.858560736567592e-10
85 1 -7.407195961818007e-12
91 1 -4.913759717509422e-10
94 1 -1.11996265840388e-09
2 2 5.540219226470329e-10
5 2 1.86044097408679e-12
8 2 -8.060593189991993e-14
23 2 -7.923034127218794e-14
26 2 1.828633241208243e-12
29 2 2.447269394648822e-10
32 2 -1.268499367634527e-11
41 2 -3.533104384433379e-14
47 2 -2.503896950391799e-14
50 2 2.907301639115127e-12
53 2 -1.255579249675994e-13
56 2 -3.413413124353922e-14
71 2 -1.126999843334202e-09
77 2 -1.155267801269637e-11
80 2 -7.281142607628589e-12
83 2 -4.858560736567592e-10
86 2 -7.407195961818007e-12
92 2 -4.913759717509422e-10
95 2 -1.11996265840388e-09
3 3 5.540219226470329e-10
6 3 1.86044097408679e-12
9 3 -8.060593189991993e-14
24 3 -7.923034127218794e-14
27 3 1.828633241208243e-12
30 3 2.447269394648822e-10
33 3 -1.268499367634527e-11
42 3 -3.533104384433379e-14
48 3 -2.503896950391799e-14
51 3 2.907301639115127e-12
54 3 -1.255579249675994e-13
57 3 -3.413413124353922e-14
72 3 -1.126999843334202e-09
78 3 -1.155267801269637e-11
81 3 -7.281142607628589e-12
84 3 -4.858560736567592e-10
87 3 -7.407195961818007e-12
93 3 -4.913759717509422e-10
96 3 -1.11996265840388e-09
1 4 1.86044097408679e-12
4 4 5.674172236182851e-10
7 4 -8.061113940896005e-14
10 4 1.917060906888455e-12
13 4 -8.305756562934998e-14
28 4 3.033786438748117e-12
31 4 -3.533096783934471e-14
34 4 2.565705064778484e-10
37 4 -2.687378001141906e-14
40 4 -1.310712783435933e-13
43 4 -1.330655361935173e-11
64 4 -3.751291304963733e-14
85 4 -1.151882294597514e-09
91 4 -1.205677675660759e-11
94 4 -7.407185360244036e-12
100 4 -5.075238342616039e-10
103 4 -7.631521761991532e-12
109 4 -5.172805948835812e-10
112 4 -1.149091182651458e-09
2 5 1.86044097408679e-12
5 5 5.674172236182851e-10
8 5 -8.061113940896005e-14
11 5 1.917060906888455e-12
14 5 -8.305756562934998e-14
29 5 3.033786438748117e-12
32 5 -3.533096783934471e-14
35 5 2.565705064778484e-10
38 5 -2.687378001141906e-14
41 5 -1.310712783435933e-13
44 5 -1.330655361935173e-11
65 5 -3.751291304963733e-14
86 5 -1.151882294597514e-09
92 5 -1.205677675660759e-11
95 5 -7.407185360244036e-12
101 5 -5.075238342616039e-10
104 5 -7.631521761991532e-12
110 5 -5.172805948835812e-10
113 5 -1.149091182651458e-09
3 6 1.86044097408679e-12
6 6 5.674172236182851e-10
9 6 -8.061113940896005e-14
12 6 1.917060906888455e-12
15 6 -8.305756562934998e-14
30 6 3.033786438748117e-12
33 6 -3.533096783934471e-14
36 6 2.565705064778484e-10
39 6 -2.687378001141906e-14
42 6 -1.310712783435933e-13
45 6 -1.330655361935173e-11
66 6 -3.751291304963733e-14
87 6 -1.151882294597514e-09
93 6 -1.205677675660759e-11
96 6 -7.407185360244036e-12
102 6 -5.075238342616039e-10
105 6 -7.631521761991532e-12
111 6 -5.172805948835812e-10
114 6 -1.149091182651458e-09
1 7 -8.060593189991993e-14
4 7 -8.061113940896005e-14
7 7 3.031082093144879e-15
28 7 -3.54175555448156e-14
31 7 1.316062721386096e-15
40 7 1.316214731364165e-15
85 7 3.226441465167374e-13
91 7 1.401809840469347e-13
94 7 3.226229433688013e-13
2 8 -8.060593189991993e-14
5 8 -8.061113940896005e-14
8 8 3.031082093144879e-15
29 8 -3.54175555448156e-14
32 8 1.316062721386096e-15
41 8 1.316214731364165e-15
86 8 3.226441465167374e-13
92 8 1.401809840469347e-13
95 8 3.226229433688013e-13
3 9 -8.060593189991993e-14
6 9 -8.061113940896005e-14
9 9 3.031082093144879e-15
30 9 -3.54175555448156e-14
33 9 1.316062721386096e-15
42 9 1.316214731364165e-15
87 9 3.226441465167374e-13
93 9 1.401809840469347e-13
96 9 3.226229433688013e-13
4 10 1.917060906888455e-12
10 10 5.889347666732267e-10
13 10 -8.306751687556602e-14
16 10 2.003065983823561e-12
19 10 -8.678234491961368e-14
34 10 3.266528217158268e-12
43 10 -3.75127633937908e-14
58 10 2.761492647091418e-10
61 10 -3.035460709855468e-14
64 10 -1.41218878385483e-13
67 10 -1.433531008083785e-11
103 10 -1.19287540252647e-09
109 10 -1.298458023985226e-11
112 10 -7.631501507409821e-12
118 10 -4.095212211979381e-14
121 10 -5.441976728958055e-10
124 10 -7.972143796105615e-12
130 10 -5.592918554589438e-10
133 10 -1.194826853305112e-09
5 11 1.917060906888455e-12
11 11 5.889347666732267e-10
14 11 -8.306751687556602e-14
17 11 2.003065983823561e-12
20 11 -8.678234491961368e-14
35 11 3.266528217158268e-12
44 11 -3.75127633937908e-14
59 11 2.761492647091418e-10
62 11 -3.035460709855468e-14
65 11 -1.41218878385483e-13
68 11 -1.433531008083785e-11
104 11 -1.19287540252647e-09
110 11 -1.298458023985226e-11
113 11 -7.631501507409821e-12
119 11 -4.095212211979381e-14
122 11 -5.441976728958055e-10
125 11 -7.972143796105615e-12
131 11 -5.592918554589438e-10
134 11 -1.194826853305112e-09
6 12 1.917060906888455e-12
12 12 5.889347666732267e-10
15 12 -8.306751687556602e-14
18 12 2.003065983823561e-12
21 12 -8.678234491961368e-14
36 12 3.266528217158268e-12
45 12 -3.75127633937908e-14
60 12 2.761492647091418e-10
63 12 -3.035460709855468e-14
66 12 -1.41218878385483e-13
69 12 -1.433531008083785e-11
105 12 -1.19287540252647e-09
111 12 -1.298458023985226e-11
114 12 -7.631501507409821e-12
120 12 -4.095212211979381e-14
123 12 -5.441976728958055e-10
126 12 -7.972143796105615e-12
132 12 -5.592918554589438e-10
135 12 -1.194826853305112e-09
4 13 -8.305756562934998e-14
10 13 -8.306751687556602e-14
13 13 3.123381416110242e-15
34 13 -3.758631784274594e-14
43 13 1.39729600404743e-15
64 13 1.397595315740497e-15
103 13 3.324346646687909e-13
109 13 1.488008664690261e-13
112 13 3.323941555053512e-13
5 14 -8.305756562934998e-14
11 14 -8.306751687556602e-14
14 14 3.123381416110242e-15
35 14 -3.758631784274594e-14
44 14 1.39729600404743e-15
65 14 1.397595315740497e-15
104 14 3.324346646687909e-13
110 14 1.488008664690261e-13
113 14 3.323941555053512e-13
6 15 -8.305756562934998e-14
12 15 -8.306751687556602e-14
15 15 3.123381416110242e-15
36 15 -3.758631784274594e-14
45 15 1.39729600404743e-15
66 15 1.397595315740497e-15
105 15 3.324346646687909e-13
111 15 1.488008664690261e-13
114 15 3.323941555053512e-13
10 16 2.003065983823561e-12
16 16 6.204186094701276e-10
19 16 -8.679803578092831e-14
58 16 3.640586517948128e-12
67 16 -4.095187557863127e-14
118 16 -1.575435970346795e-13
124 16 -1.253427348269967e-09
130 16 -1.447624900698509e-11
133 16 -7.972111869764189e-12
139 16 3.060435106925721e-10
142 16 -3.625527802706858e-14
145 16 -1.590899651765666e-11
148 16 2.126208696366174e-12
151 16 -9.211619743871444e-14
154 16 -4.613840270873013e-14
157 16 -6.006569084582886e-10
160 16 -8.459586171112843e-12
166 16 -6.230738620891062e-10
169 16 -1.2611040975142e-09
11 17 2.003065983823561e-12
17 17 6.204186094701276e-10
20 17 -8.679803578092831e-14
59 17 3.640586517948128e-12
68 17 -4.095187557863127e-14
119 17 -1.575435970346795e-13
125 17 -1.253427348269967e-09
131 17 -1.447624900698509e-11
134 17 -7.972111869764189e-12
140 17 3.060435106925721e-10
143 17 -3.625527802706858e-14
146 17 -1.590899651765666e-11
149 17 2.126208696366174e-12
152 17 -9.211619743871444e-14
155 17 -4.613840270873013e-14
158 17 -6.006569084582886e-10
161 17 -8.459586171112843e-12
167 17 -6.230738620891062e-10
170 17 -1.2611040975142e-09
12 18 2.003065983823561e-12
18 18 6.204186094701276e-10
21 18 -8.679803578092831e-14
60 18 3.640586517948128e-12
69 18 -4.095187557863127e-14
120 18 -1.575435970346795e-13
126 18 -1.253427348269967e-09
132 18 -1.447624900698509e-11
135 18 -7.972111869764189e-12
141 18 3.060435106925721e-10
144 18 -3.625527802706858e-14
147 18 -1.590899651765666e-11
150 18 2.126208696366174e-12
153 18 -9.211619743871444e-14
156 18 -4.613840270873013e-14
159 18 -6.006569084582886e-10
162 18 -8.459586171112843e-12
168 18 -6.230738620891062e-10
171 18 -1.2611040975142e-09
10 19 -8.678234491961368e-14
16 19 -8.679803578092831e-14
19 19 3.263585783497209e-15
58 19 -4.100167969023021e-14
67 19 1.525364203387763e-15
118 19 1.525857285712837e-15
124 19 3.472988699777011e-13
130 19 1.623817463343351e-13
133 19 3.472350172948628e-13
11 20 -8.678234491961368e-14
17 20 -8.679803578092831e-14
20 20 3.263585783497209e-15
59 20 -4.100167969023021e-14
68 20 1.525364203387763e-15
119 20 1.525857285712837e-15
125 20 3.472988699777011e-13
131 20 1.623817463343351e-13
134 20 3.472350172948628e-13
12 21 -8.678234491961368e-14
18 21 -8.679803578092831e-14
21 21 3.263585783497209e-15
60 21 -4.100167969023021e-14
69 21 1.525364203387763e-15
120 21 1.525857285712837e-15
126 21 3.472988699777011e-13
132 21 1.623817463343351e-13
135 21 3.472350172948628e-13
1 22 -7.923034127218794e-14
22 22 2.979224214835714e-15
25 22 -7.922933463579186e-14
49 22 -3.422716329990853e-14
52 22 1.271548320620009e-15
55 22 1.271519440947426e-15
70 22 3.171394796305146e-13
76 22 1.354510696459481e-13
79 22 3.171353804533104e-13
2 23 -7.923034127218794e-14
23 23 2.979224214835714e-15
26 23 -7.922933463579186e-14
50 23 -3.422716329990853e-14
53 23 1.271548320620009e-15
56 23 1.271519440947426e-15
71 23 3.171394796305146e-13
77 23 1.354510696459481e-13
80 23 3.171353804533104e-13
3 24 -7.923034127218794e-14
24 24 2.979224214835714e-15
27 24 -7.922933463579186e-14
51 24 -3.422716329990853e-14
54 24 1.271548320620009e-15
57 24 1.271519440947426e-15
72 24 3.171394796305146e-13
78 24 1.354510696459481e-13
81 24 3.171353804533104e-13
1 25 1.828633241208243e-12
22 25 -7.922933463579186e-14
25 25 5.411136525910212e-10
49 25 2.378981900266125e-10
52 25 -3.413414568337552e-14
55 25 -1.233914032024009e-11
70 25 -7.281144657217186e-12
76 25 -4.784703448717869e-10
79 25 -1.105169576901828e-09
178 25 -4.713936644229969e-10
181 25 -1.089777853593275e-09
2 26 1.828633241208243e-12
23 26 -7.922933463579186e-14
26 26 5.411136525910212e-10
50 26 2.378981900266125e-10
53 26 -3.413414568337552e-14
56 26 -1.233914032024009e-11
71 26 -7.281144657217186e-12
77 26 -4.784703448717869e-10
80 26 -1.105169576901828e-09
179 26 -4.713936644229969e-10
182 26 -1.089777853593275e-09
3 27 1.828633241208243e-12
24 27 -7.922933463579186e-14
27 27 5.411136525910212e-10
51 27 2.378981900266125e-10
54 27 -3.413414568337552e-14
57 27 -1.233914032024009e-11
72 27 -7.281144657217186e-12
78 27 -4.784703448717869e-10
81 27 -1.105169576901828e-09
180 27 -4.713936644229969e-10
183 27 -1.089777853593275e-09
1 28 2.447269394648822e-10
4 28 3.033786438748117e-12
7 28 -3.54175555448156e-14
28 28 3.066053415346854e-09
31 28 -1.099872944237553e-11
34 28 9.727213627322343e-12
37 28 -3.649511737935199e-13
40 28 -1.142590076222126e-13
43 28 -2.693956260868112e-14
46 28 -2.989595278761775e-13
49 28 8.078984684627782e-12
52 28 -2.510586822537491e-14
70 28 -4.876119823934565e-10
76 28 -3.13828034430985e-11
82 28 -5.648841182137756e-09
85 28 -1.2091157094416e-11
91 28 -6.361306408299425e-09
94 28 -4.93099131847288e-10
100 28 -3.761060238334757e-11
187 28 -4.288415455697515e-10
190 28 8.212827196223696e-09
193 28 -9.094097234240644e-13
196 28 -1.639376412368492e-08
199 28 -1.275978497143032e-12
202 28 5.018343746420674e-10
205 28 -2.163555333302866e-11
208 28 -7.353245280916605e-11
211 28 -1.90444592038016e-08
214 28 -2.085336733423693e-09
2 29 2.447269394648822e-10
5 29 3.033786438748117e-12
8 29 -3.54175555448156e-14
29 29 3.066053415346854e-09
32 29 -1.099872944237553e-11
35 29 9.727213627322343e-12
38 29 -3.649511737935199e-13
41 29 -1.142590076222126e-13
44 29 -2.693956260868112e-14
47 29 -2.989595278761775e-13
50 29 8.078984684627782e-12
53 29 -2.510586822537491e-14
71 29 -4.876119823934565e-10
77 29 -3.13828034430985e-11
83 29 -5.648841182137756e-09
86 29 -1.2091157094416e-11
92 29 -6.361306408299425e-09
95 29 -4.93099131847288e-10
101 29 -3.761060238334757e-11
188 29 -4.288415455697515e-10
191 29 8.212827196223696e-09
194 29 -9.094097234240644e-13
197 29 -1.639376412368492e-08
200 29 -1.275978497143032e-12
203 29 5.018343746420674e-10
206 29 -2.163555333302866e-11
209 29 -7.353245280916605e-11
212 29 -1.90444592038016e-08
215 29 -2.085336733423693e-09
3 30 2.447269394648822e-10
6 30 3.033786438748117e-12
9 30 -3.54175555448156e-14
30 30 3.066053415346854e-09
33 30 -1.099872944237553e-11
36 30 9.727213627322343e-12
39 30 -3.649511737935199e-13
42 30 -1.142590076222126e-13
45 30 -2.693956260868112e-14
48 30 -2.989595278761775e-13
51 30 8.078984684627782e-12
54 30 -2.510586822537491e-14
72 30 -4.876119823934565e-10
78 30 -3.13828034430985e-11
84 30 -5.648841182137756e-09
87 30 -1.2091157094416e-11
93 30 -6.361306408299425e-09
96 30 -4.93099131847288e-10
102 30 -3.761060238334757e-11
189 30 -4.288415455697515e-10
192 30 8.212827196223696e-09
195 30 -9.094097234240644e-13
198 30 -1.639376412368492e-08
201 30 -1.275978497143032e-12
204 30 5.018343746420674e-10
207 30 -2.163555333302866e-11
210 30 -7.353245280916605e-11
213 30 -1.90444592038016e-08
216 30 -2.085336733423693e-09
1 31 -1.268499367634527e-11
4 31 -3.533096783934471e-14
7 31 1.316062721386096e-15
28 31 -1.099872944237553e-11
31 31 4.812930181212347e-13
40 31 1.143039320422367e-15
46 31 7.988567717311026e-16
49 31 -2.510714007307611e-14
52 31 9.326542146448817e-16
70 31 2.540648738682069e-11
76 31  9.9493362382257e-14
82 31 2.189466991342526e-11
85 31 1.401809840469346e-13
91 31 2.224014955096048e-11
94 31 2.568646974365455e-11
2 32 -1.268499367634527e-11
5 32 -3.533096783934471e-14
8 32 1.316062721386096e-15
29 32 -1.099872944237553e-11
32 32 4.812930181212347e-13
41 32 1.143039320422367e-15
47 32 7.988567717311026e-16
50 32 -2.510714007307611e-14
53 32 9.326542146448817e-16
71 32 2.540648738682069e-11
77 32  9.9493362382257e-14
83 32 2.189466991342526e-11
86 32 1.401809840469346e-13
92 32 2.224014955096048e-11
95 32 2.568646974365455e-11
3 33 -1.268499367634527e-11
6 33 -3.533096783934471e-14
9 33 1.316062721386096e-15
30 33 -1.099872944237553e-11
33 33 4.812930181212347e-13
42 33 1.143039320422367e-15
48 33 7.988567717311026e-16
51 33 -2.510714007307611e-14
54 33 9.326542146448817e-16
72 33 2.540648738682069e-11
78 33  9.9493362382257e-14
84 33 2.189466991342526e-11
87 33 1.401809840469346e-13
93 33 2.224014955096048e-11
96 33 2.568646974365455e-11
4 34 2.565705064778484e-10
10 34 3.266528217158268e-12
13 34 -3.758631784274594e-14
28 34 9.727213627322343e-12
34 34 3.911341690725462e-09
37 34 -3.665963046369829e-13
40 34 -2.693778863093627e-14
43 34 -1.180901454029405e-11
58 34 1.397910352415833e-11
61 34 -5.402299950315565e-13
64 34 -1.2674057913198e-13
67 34 -3.041404678067414e-14
85 34 -5.091060372752933e-10
91 34 -3.760733700305592e-11
100 34 -6.878125531585755e-09
103 34 -1.301419759133233e-11
109 34 -8.303247309667446e-09
112 34 -5.187892063810396e-10
121 34 -5.340299906675336e-11
199 34 -6.728013761476734e-10
202 34 1.208040792255056e-08
205 34 -1.275874021011214e-12
214 34 -2.320892079276423e-08
217 34 -2.490927891860705e-12
220 34 1.073219265958949e-09
223 34 -5.047224866319933e-11
226 34 -2.134406874933561e-10
229 34 -2.98922132613619e-08
232 34 -4.54620658396501e-09
5 35 2.565705064778484e-10
11 35 3.266528217158268e-12
14 35 -3.758631784274594e-14
29 35 9.727213627322343e-12
35 35 3.911341690725462e-09
38 35 -3.665963046369829e-13
41 35 -2.693778863093627e-14
44 35 -1.180901454029405e-11
59 35 1.397910352415833e-11
62 35 -5.402299950315565e-13
65 35 -1.2674057913198e-13
68 35 -3.041404678067414e-14
86 35 -5.091060372752933e-10
92 35 -3.760733700305592e-11
101 35 -6.878125531585755e-09
104 35 -1.301419759133233e-11
110 35 -8.303247309667446e-09
113 35 -5.187892063810396e-10
122 35 -5.340299906675336e-11
200 35 -6.728013761476734e-10
203 35 1.208040792255056e-08
206 35 -1.275874021011214e-12
215 35 -2.320892079276423e-08
218 35 -2.490927891860705e-12
221 35 1.073219265958949e-09
224 35 -5.047224866319933e-11
227 35 -2.134406874933561e-10
230 35 -2.98922132613619e-08
233 35 -4.54620658396501e-09
6 36 2.565705064778484e-10
12 36 3.266528217158268e-12
15 36 -3.758631784274594e-14
30 36 9.727213627322343e-12
36 36 3.911341690725462e-09
39 36 -3.665963046369829e-13
42 36 -2.693778863093627e-14
45 36 -1.180901454029405e-11
60 36 1.397910352415833e-11
63 36 -5.402299950315565e-13
66 36 -1.2674057913198e-13
69 36 -3.041404678067414e-14
87 36 -5.091060372752933e-10
93 36 -3.760733700305592e-11
102 36 -6.878125531585755e-09
105 36 -1.301419759133233e-11
111 36 -8.303247309667446e-09
114 36 -5.187892063810396e-10
123 36 -5.340299906675336e-11
201 36 -6.728013761476734e-10
204 36 1.208040792255056e-08
207 36 -1.275874021011214e-12
216 36 -2.320892079276423e-08
219 36 -2.490927891860705e-12
222 36 1.073219265958949e-09
225 36 -5.047224866319933e-11
228 36 -2.134406874933561e-10
231 36 -2.98922132613619e-08
234 36 -4.54620658396501e-09
4 37 -2.687378001141906e-14
28 37 -3.649511737935199e-13
34 37 -3.665963046369829e-13
37 37 1.191940863275806e-14
40 37 8.694988106595702e-16
43 37 8.730467661492592e-16
85 37 1.067536384740512e-13
91 37 1.423736043103609e-12
100 37 1.430266803686896e-12
199 37 4.128697402775786e-14
202 37 -1.132707179130256e-12
205 37 4.107802176411768e-14
214 37 4.776084378518819e-12
5 38 -2.687378001141906e-14
29 38 -3.649511737935199e-13
35 38 -3.665963046369829e-13
38 38 1.191940863275806e-14
41 38 8.694988106595702e-16
44 38 8.730467661492592e-16
86 38 1.067536384740512e-13
92 38 1.423736043103609e-12
101 38 1.430266803686896e-12
200 38 4.128697402775786e-14
203 38 -1.132707179130256e-12
206 38 4.107802176411768e-14
215 38 4.776084378518819e-12
6 39 -2.687378001141906e-14
30 39 -3.649511737935199e-13
36 39 -3.665963046369829e-13
39 39 1.191940863275806e-14
42 39 8.694988106595702e-16
45 39 8.730467661492592e-16
87 39 1.067536384740512e-13
93 39 1.423736043103609e-12
102 39 1.430266803686896e-12
201 39 4.128697402775786e-14
204 39 -1.132707179130256e-12
207 39 4.107802176411768e-14
216 39 4.776084378518819e-12
1 40 -3.533104384433379e-14
4 40 -1.310712783435933e-13
7 40 1.316214731364165e-15
28 40 -1.142590076222126e-13
31 40 1.143039320422367e-15
34 40 -2.693778863093627e-14
37 40 8.694988106595702e-16
40 40 4.280592887633577e-15
43 40 1.001064005183634e-15
85 40 5.250802083490921e-13
91 40 4.563195327322985e-13
94 40 1.401809840469347e-13
100 40 1.067536384740512e-13
2 41 -3.533104384433379e-14
5 41 -1.310712783435933e-13
8 41 1.316214731364165e-15
29 41 -1.142590076222126e-13
32 41 1.143039320422367e-15
35 41 -2.693778863093627e-14
38 41 8.694988106595702e-16
41 41 4.280592887633577e-15
44 41 1.001064005183634e-15
86 41 5.250802083490921e-13
92 41 4.563195327322985e-13
95 41 1.401809840469347e-13
101 41 1.067536384740512e-13
3 42 -3.533104384433379e-14
6 42 -1.310712783435933e-13
9 42 1.316214731364165e-15
30 42 -1.142590076222126e-13
33 42 1.143039320422367e-15
36 42 -2.693778863093627e-14
39 42 8.694988106595702e-16
42 42 4.280592887633577e-15
45 42 1.001064005183634e-15
87 42 5.250802083490921e-13
93 42 4.563195327322985e-13
96 42 1.401809840469347e-13
102 42 1.067536384740512e-13
4 43 -1.330655361935173e-11
10 43 -3.75127633937908e-14
13 43 1.39729600404743e-15
28 43 -2.693956260868112e-14
34 43 -1.180901454029405e-11
37 43 8.730467661492592e-16
40 43 1.001064005183634e-15
43 43 5.171254671531398e-13
64 43 1.250486417830244e-15
85 43 2.65413215969555e-11
91 43 1.067536384740512e-13
100 43 2.337691556957649e-11
103 43 1.488008664690261e-13
109 43 2.402567707023191e-11
112 43 2.704290006515023e-11
5 44 -1.330655361935173e-11
11 44 -3.75127633937908e-14
14 44 1.39729600404743e-15
29 44 -2.693956260868112e-14
35 44 -1.180901454029405e-11
38 44 8.730467661492592e-16
41 44 1.001064005183634e-15
44 44 5.171254671531398e-13
65 44 1.250486417830244e-15
86 44 2.65413215969555e-11
92 44 1.067536384740512e-13
101 44 2.337691556957649e-11
104 44 1.488008664690261e-13
110 44 2.402567707023191e-11
113 44 2.704290006515023e-11
6 45 -1.330655361935173e-11
12 45 -3.75127633937908e-14
15 45 1.39729600404743e-15
30 45 -2.693956260868112e-14
36 45 -1.180901454029405e-11
39 45 8.730467661492592e-16
42 45 1.001064005183634e-15
45 45 5.171254671531398e-13
66 45 1.250486417830244e-15
87 45 2.65413215969555e-11
93 45 1.067536384740512e-13
102 45 2.337691556957649e-11
105 45 1.488008664690261e-13
111 45 2.402567707023191e-11
114 45 2.704290006515023e-11
1 46 -2.503896950391799e-14
28 46 -2.989595278761775e-13
31 46 7.988567717311026e-16
46 46 9.553327560887484e-15
49 46 -2.979753630591267e-13
52 46 7.963130763286898e-16
70 46  9.9493362382257e-14
76 46 1.167041005925771e-12
82 46 1.170968588312434e-12
187 46 2.889576426871068e-14
190 46 -8.218730725541333e-13
193 46 2.879305534205485e-14
196 46 3.433772536614338e-12
2 47 -2.503896950391799e-14
29 47 -2.989595278761775e-13
32 47 7.988567717311026e-16
47 47 9.553327560887484e-15
50 47 -2.979753630591267e-13
53 47 7.963130763286898e-16
71 47  9.9493362382257e-14
77 47 1.167041005925771e-12
83 47 1.170968588312434e-12
188 47 2.889576426871068e-14
191 47 -8.218730725541333e-13
194 47 2.879305534205485e-14
197 47 3.433772536614338e-12
3 48 -2.503896950391799e-14
30 48 -2.989595278761775e-13
33 48 7.988567717311026e-16
48 48 9.553327560887484e-15
51 48 -2.979753630591267e-13
54 48 7.963130763286898e-16
72 48  9.9493362382257e-14
78 48 1.167041005925771e-12
84 48 1.170968588312434e-12
189 48 2.889576426871068e-14
192 48 -8.218730725541333e-13
195 48 2.879305534205485e-14
198 48 3.433772536614338e-12
1 49 2.907301639115127e-12
22 49 -3.422716329990853e-14
25 49 2.378981900266125e-10
28 49 8.078984684627782e-12
31 49 -2.510714007307611e-14
46 49 -2.979753630591267e-13
49 49 2.741700306325894e-09
52 49 -1.076368540304182e-13
55 49 -1.057972476558632e-11
70 49 -1.158931891195778e-11
76 49 -5.619123436125568e-09
79 49 -4.802918008411324e-10
82 49 -3.138476723429181e-11
178 49 -5.155511929231287e-09
181 49 -4.732017208838188e-10
187 49 -9.094610778873911e-13
190 49 3.420579137738308e-10
193 49 -1.418486451058987e-11
196 49 -1.411518945889482e-09
235 49 -4.330382127151692e-11
238 49 -3.511613994847454e-10
241 49 6.896057765197047e-09
244 49 -1.546799797144231e-08
247 49 -1.409430186024049e-08
2 50 2.907301639115127e-12
23 50 -3.422716329990853e-14
26 50 2.378981900266125e-10
29 50 8.078984684627782e-12
32 50 -2.510714007307611e-14
47 50 -2.979753630591267e-13
50 50 2.741700306325894e-09
53 50 -1.076368540304182e-13
56 50 -1.057972476558632e-11
71 50 -1.158931891195778e-11
77 50 -5.619123436125568e-09
80 50 -4.802918008411324e-10
83 50 -3.138476723429181e-11
179 50 -5.155511929231287e-09
182 50 -4.732017208838188e-10
188 50 -9.094610778873911e-13
191 50 3.420579137738308e-10
194 50 -1.418486451058987e-11
197 50 -1.411518945889482e-09
236 50 -4.330382127151692e-11
239 50 -3.511613994847454e-10
242 50 6.896057765197047e-09
245 50 -1.546799797144231e-08
248 50 -1.409430186024049e-08
3 51 2.907301639115127e-12
24 51 -3.422716329990853e-14
27 51 2.378981900266125e-10
30 51 8.078984684627782e-12
33 51 -2.510714007307611e-14
48 51 -2.979753630591267e-13
51 51 2.741700306325894e-09
54 51 -1.076368540304182e-13
57 51 -1.057972476558632e-11
72 51 -1.158931891195778e-11
78 51 -5.619123436125568e-09
81 51 -4.802918008411324e-10
84 51 -3.138476723429181e-11
180 51 -5.155511929231287e-09
183 51 -4.732017208838188e-10
189 51 -9.094610778873911e-13
192 51 3.420579137738308e-10
195 51 -1.418486451058987e-11
198 51 -1.411518945889482e-09
237 51 -4.330382127151692e-11
240 51 -3.511613994847454e-10
243 51 6.896057765197047e-09
246 51 -1.546799797144231e-08
249 51 -1.409430186024049e-08
1 52 -1.255579249675994e-13
22 52 1.271548320620009e-15
25 52 -3.413414568337552e-14
28 52 -2.510586822537491e-14
31 52 9.326542146448817e-16
46 52 7.963130763286898e-16
49 52 -1.076368540304182e-13
52 52 4.030460475852144e-15
55 52 1.08548420788137e-15
70 52 5.030786732012996e-13
76 52 4.297968746784613e-13
79 52 1.354510696459481e-13
82 52 9.949336238225699e-14
2 53 -1.255579249675994e-13
23 53 1.271548320620009e-15
26 53 -3.413414568337552e-14
29 53 -2.510586822537491e-14
32 53 9.326542146448817e-16
47 53 7.963130763286898e-16
50 53 -1.076368540304182e-13
53 53 4.030460475852144e-15
56 53 1.08548420788137e-15
71 53 5.030786732012996e-13
77 53 4.297968746784613e-13
80 53 1.354510696459481e-13
83 53 9.949336238225699e-14
3 54 -1.255579249675994e-13
24 54 1.271548320620009e-15
27 54 -3.413414568337552e-14
30 54 -2.510586822537491e-14
33 54 9.326542146448817e-16
48 54 7.963130763286898e-16
51 54 -1.076368540304182e-13
54 54 4.030460475852144e-15
57 54 1.08548420788137e-15
72 54 5.030786732012996e-13
78 54 4.297968746784613e-13
81 54 1.354510696459481e-13
84 54 9.949336238225699e-14
1 55 -3.413413124353922e-14
22 55 1.271519440947426e-15
25 55 -1.233914032024009e-11
49 55 -1.057972476558632e-11
52 55 1.08548420788137e-15
55 55 4.631097388053353e-13
70 55 1.354510696459481e-13
76 55 2.136821197419634e-11
79 55 2.50111239128883e-11
178 55 2.107919938127673e-11
181 55 2.469531230292362e-11
2 56 -3.413413124353922e-14
23 56 1.271519440947426e-15
26 56 -1.233914032024009e-11
50 56 -1.057972476558632e-11
53 56 1.08548420788137e-15
56 56 4.631097388053353e-13
71 56 1.354510696459481e-13
77 56 2.136821197419634e-11
80 56 2.50111239128883e-11
179 56 2.107919938127673e-11
182 56 2.469531230292362e-11
3 57 -3.413413124353922e-14
24 57 1.271519440947426e-15
27 57 -1.233914032024009e-11
51 57 -1.057972476558632e-11
54 57 1.08548420788137e-15
57 57 4.631097388053353e-13
72 57 1.354510696459481e-13
78 57 2.136821197419634e-11
81 57 2.50111239128883e-11
180 57 2.107919938127673e-11
183 57 2.469531230292362e-11
10 58 2.761492647091418e-10
16 58 3.640586517948128e-12
19 58 -4.100167969023021e-14
34 58 1.397910352415833e-11
58 58 6.324393038732686e-09
61 58 -5.435203999198517e-13
64 58 -3.041147824362946e-14
67 58 -1.319019766624436e-11
103 58 -5.454498371552377e-10
109 58 -5.33965520009904e-11
118 58 -1.47540248052316e-13
121 58 -9.916485664269952e-09
124 58 -1.449672253280318e-11
130 58 -1.393359876429706e-08
133 58 -5.604044811492744e-10
139 58 2.84348590662156e-11
142 58 -1.146107791243756e-12
145 58 -3.629930641489826e-14
157 58 -1.04201400027238e-10
217 58 -1.616422446391248e-09
220 58 2.498977612079458e-08
223 58 -2.490630168029619e-12
232 58 -4.455571094768787e-08
250 58 -9.522451560516886e-12
253 58 4.462865039098353e-09
256 58 -2.726348904360915e-10
259 58 -1.697982708759029e-09
262 58 -7.062056137250405e-08
11 59 2.761492647091418e-10
17 59 3.640586517948128e-12
20 59 -4.100167969023021e-14
35 59 1.397910352415833e-11
59 59 6.324393038732686e-09
62 59 -5.435203999198517e-13
65 59 -3.041147824362946e-14
68 59 -1.319019766624436e-11
104 59 -5.454498371552377e-10
110 59 -5.33965520009904e-11
119 59 -1.47540248052316e-13
122 59 -9.916485664269952e-09
125 59 -1.449672253280318e-11
131 59 -1.393359876429706e-08
134 59 -5.604044811492744e-10
140 59 2.84348590662156e-11
143 59 -1.146107791243756e-12
146 59 -3.629930641489826e-14
158 59 -1.04201400027238e-10
218 59 -1.616422446391248e-09
221 59 2.498977612079458e-08
224 59 -2.490630168029619e-12
233 59 -4.455571094768787e-08
251 59 -9.522451560516886e-12
254 59 4.462865039098353e-09
257 59 -2.726348904360915e-10
260 59 -1.697982708759029e-09
263 59 -7.062056137250405e-08
12 60 2.761492647091418e-10
18 60 3.640586517948128e-12
21 60 -4.100167969023021e-14
36 60 1.397910352415833e-11
60 60 6.324393038732686e-09
63 60 -5.435203999198517e-13
66 60 -3.041147824362946e-14
69 60 -1.319019766624436e-11
105 60 -5.454498371552377e-10
111 60 -5.33965520009904e-11
120 60 -1.47540248052316e-13
123 60 -9.916485664269952e-09
126 60 -1.449672253280318e-11
132 60 -1.393359876429706e-08
135 60 -5.604044811492744e-10
141 60 2.84348590662156e-11
144 60 -1.146107791243756e-12
147 60 -3.629930641489826e-14
159 60 -1.04201400027238e-10
219 60 -1.616422446391248e-09
222 60 2.498977612079458e-08
225 60 -2.490630168029619e-12
234 60 -4.455571094768787e-08
252 60 -9.522451560516886e-12
255 60 4.462865039098353e-09
258 60 -2.726348904360915e-10
261 60 -1.697982708759029e-09
264 60 -7.062056137250405e-08
10 61 -3.035460709855468e-14
34 61 -5.402299950315565e-13
58 61 -5.435203999198517e-13
61 61 1.82107397225182e-14
64 61 1.011943504029358e-15
67 61 1.017080578118734e-15
103 61 1.205202271803389e-13
109 61 2.086312226446688e-12
121 61 2.099206357972525e-12
217 61 8.313116887475464e-14
220 61 -2.11061857528365e-12
223 61 8.253572121258454e-14
232 61 9.119961765413944e-12
11 62 -3.035460709855468e-14
35 62 -5.402299950315565e-13
59 62 -5.435203999198517e-13
62 62 1.82107397225182e-14
65 62 1.011943504029358e-15
68 62 1.017080578118734e-15
104 62 1.205202271803389e-13
110 62 2.086312226446688e-12
122 62 2.099206357972525e-12
218 62 8.313116887475464e-14
221 62 -2.11061857528365e-12
224 62 8.253572121258454e-14
233 62 9.119961765413944e-12
12 63 -3.035460709855468e-14
36 63 -5.402299950315565e-13
60 63 -5.435203999198517e-13
63 63 1.82107397225182e-14
66 63 1.011943504029358e-15
69 63 1.017080578118734e-15
105 63 1.205202271803389e-13
111 63 2.086312226446688e-12
123 63 2.099206357972525e-12
219 63 8.313116887475464e-14
222 63 -2.11061857528365e-12
225 63 8.253572121258454e-14
234 63 9.119961765413944e-12
4 64 -3.751291304963733e-14
10 64 -1.41218878385483e-13
13 64 1.397595315740497e-15
34 64 -1.2674057913198e-13
43 64 1.250486417830244e-15
58 64 -3.041147824362946e-14
61 64 1.011943504029358e-15
64 64 4.752236990976936e-15
67 64 1.130822868268278e-15
103 64 5.655606714962974e-13
109 64 5.06325968536153e-13
112 64 1.488008664690261e-13
121 64 1.205202271803389e-13
5 65 -3.751291304963733e-14
11 65 -1.41218878385483e-13
14 65 1.397595315740497e-15
35 65 -1.2674057913198e-13
44 65 1.250486417830244e-15
59 65 -3.041147824362946e-14
62 65 1.011943504029358e-15
65 65 4.752236990976936e-15
68 65 1.130822868268278e-15
104 65 5.655606714962974e-13
110 65 5.06325968536153e-13
113 65 1.488008664690261e-13
122 65 1.205202271803389e-13
6 66 -3.751291304963733e-14
12 66 -1.41218878385483e-13
15 66 1.397595315740497e-15
36 66 -1.2674057913198e-13
45 66 1.250486417830244e-15
60 66 -3.041147824362946e-14
63 66 1.011943504029358e-15
66 66 4.752236990976936e-15
69 66 1.130822868268278e-15
105 66 5.655606714962974e-13
111 66 5.06325968536153e-13
114 66 1.488008664690261e-13
123 66 1.205202271803389e-13
10 67 -1.433531008083785e-11
16 67 -4.095187557863127e-14
19 67 1.525364203387763e-15
34 67 -3.041404678067414e-14
58 67 -1.319019766624436e-11
61 67 1.017080578118734e-15
64 67 1.130822868268278e-15
67 67 5.78287818046044e-13
103 67 2.846212714990448e-11
109 67 1.205202271803389e-13
118 67 1.426249062514817e-15
121 67 2.595779863103722e-11
124 67 1.623817463343351e-13
130 67 2.701832602827904e-11
133 67 2.924357740894173e-11
11 68 -1.433531008083785e-11
17 68 -4.095187557863127e-14
20 68 1.525364203387763e-15
35 68 -3.041404678067414e-14
59 68 -1.319019766624436e-11
62 68 1.017080578118734e-15
65 68 1.130822868268278e-15
68 68 5.78287818046044e-13
104 68 2.846212714990448e-11
110 68 1.205202271803389e-13
119 68 1.426249062514817e-15
122 68 2.595779863103722e-11
125 68 1.623817463343351e-13
131 68 2.701832602827904e-11
134 68 2.924357740894173e-11
12 69 -1.433531008083785e-11
18 69 -4.095187557863127e-14
21 69 1.525364203387763e-15
36 69 -3.041404678067414e-14
60 69 -1.319019766624436e-11
63 69 1.017080578118734e-15
66 69 1.130822868268278e-15
69 69 5.78287818046044e-13
105 69 2.846212714990448e-11
111 69 1.205202271803389e-13
120 69 1.426249062514817e-15
123 69 2.595779863103722e-11
126 69 1.623817463343351e-13
132 69 2.701832602827904e-11
135 69 2.924357740894173e-11
1 70 -1.126999843334202e-09
22 70 3.171394796305146e-13
25 70 -7.281144657217186e-12
28 70 -4.876119823934565e-10
31 70 2.540648738682069e-11
46 70  9.9493362382257e-14
49 70 -1.158931891195778e-11
52 70 5.030786732012996e-13
55 70 1.354510696459481e-13
70 70 3.079964659901716e-09
76 70 4.604904941728009e-11
79 70 2.898912346004558e-11
82 70 1.302069628571968e-09
91 70 6.447669901660789e-10
94 70 1.491217466295142e-09
2 71 -1.126999843334202e-09
23 71 3.171394796305146e-13
26 71 -7.281144657217186e-12
29 71 -4.876119823934565e-10
32 71 2.540648738682069e-11
47 71  9.9493362382257e-14
50 71 -1.158931891195778e-11
53 71 5.030786732012996e-13
56 71 1.354510696459481e-13
71 71 3.079964659901716e-09
77 71 4.604904941728009e-11
80 71 2.898912346004558e-11
83 71 1.302069628571968e-09
92 71 6.447669901660789e-10
95 71 1.491217466295142e-09
3 72 -1.126999843334202e-09
24 72 3.171394796305146e-13
27 72 -7.281144657217186e-12
30 72 -4.876119823934565e-10
33 72 2.540648738682069e-11
48 72  9.9493362382257e-14
51 72 -1.158931891195778e-11
54 72 5.030786732012996e-13
57 72 1.354510696459481e-13
72 72 3.079964659901716e-09
78 72 4.604904941728009e-11
81 72 2.898912346004558e-11
84 72 1.302069628571968e-09
93 72 6.447669901660789e-10
96 72 1.491217466295142e-09
73 73   0.4035285514000638
74 73 -0.05003470022089515
75 73 -0.007632832417014242
88 73  0.01328892192809719
89 73 -0.009979937386071244
90 73 0.0002991209059701001
97 73  -0.0860481648709049
98 73  0.04749132783970579
99 73 -0.0008191487682949605
175 73 -0.05404943417529391
176 73  0.01929315702751579
177 73 -0.0006091225697997562
184 73   0.0133603523445564
185 73 -0.006724356857809049
186 73 0.0002514096888738371
268 73 -0.004471592166965318
269 73 -0.000115028165872591
270 73 0.004235343383054029
271 73 -0.0007945600734748894
272 73 -6.406940963285963e-05
273 73 0.0006433711962513496
274 73 0.003988902124223527
275 73 0.0005282148475146459
276 73 -0.003609679313708228
277 73 0.0008087534408697437
278 73 -9.584890467762617e-05
279 73 9.584890467762617e-05
280 73 0.003631278960397962
281 73 -2.852889039215789e-05
282 73 -0.004176104141935512
283 73 8.017830052770491e-05
284 73 -0.0001202674507915574
285 73 -0.0007988806566083239
287 73 6.428715605731418e-05
288 73 0.0004997597506382237
289 73 0.0003178150620756807
290 73 -0.0004840153529725667
291 73 -0.002270468018745135
292 73 -0.0004086193655258751
293 73 0.0003154739171918532
294 73 0.0008457137756011845
295 73 1.062600292248958e-05
296 73 -2.177464244542233e-07
297 73 -1.593900438373439e-05
73 74 -0.05003470022089515
74 74   0.4460115009497269
75 74  -0.0522015458995588
88 74 -0.006653291590714197
89 74  0.04651122674834006
90 74 -0.006934751243353099
97 74  0.03790302716071844
98 74  -0.2001037464660626
99 74  0.03734232873023808
175 74  0.02893973554127368
176 74  -0.1873907582730491
177 74  0.03198484187570187
184 74 -0.01008653528671358
185 74  0.04676123320594733
186 74 -0.01020540291899487
268 74 -7.668544391506069e-05
269 74 -0.003963676605917356
270 74  0.00122999156030876
271 74 -4.271293975523989e-05
272 74 -0.0007945600734748894
273 74 0.0005911818537162216
274 74 0.0004320173189077862
275 74 0.003988902124223527
276 74 -0.002757766739196051
277 74 -0.000143773357016439
278 74 0.001048375702563808
279 74 -0.001165205708965802
280 74 -1.901926026143946e-05
281 74 0.002883741137655943
282 74 1.901926026143946e-05
283 74 -8.017830052770493e-05
284 74 0.0002806240518469671
285 74 0.0007988806566083238
286 74 4.285810403820941e-05
288 74 -0.0005426178546764328
289 74 -0.0003894921524214651
290 74 9.080430345019452e-05
291 74 0.002529066717452552
292 74 0.0002771311952343229
293 74 -0.000382054358219651
294 74 -0.0008958342122100211
295 74 -1.451642829694908e-07
296 74 1.062600292248958e-05
297 74 1.451642829694908e-07
73 75 -0.007632832417014242
74 75 -0.05220154589955879
75 75   0.5062724008965862
88 75 0.0001994139373133998
89 75 -0.01015285944338788
90 75  0.01328892192809719
97 75 -0.0005460991788633071
98 75  0.04693291188689912
99 75 -0.08411765353791859
175 75 -0.0009136838546996356
176 75   0.0224249171721276
177 75  -0.0558316955157742
184 75 0.0003771145333107552
185 75 -0.007013110020058107
186 75   0.0133603523445564
268 75 0.003072741529616695
269 75 0.0009637729973664134
270 75 -0.01204703012034544
271 75 0.0004289141308342348
272 75 0.0004297153522735141
273 75 -0.002780960257162112
274 75 -0.002486326963036835
275 75 -0.002078714461040151
276 75  0.01396115743478236
277 75 0.000143773357016439
278 75 -0.0008566778932085567
279 75  0.00259101478135004
280 75 -0.00303324870220435
281 75 2.852889039215789e-05
282 75 0.009345556159053817
283 75 -0.0005325871044055489
284 75 0.0005325871044055488
285 75 8.017830052770491e-05
286 75 0.0003331731670921489
287 75 -0.000397460323149463
289 75  -0.0015225003482655
290 75 0.001910398396326627
291 75 9.080430345019452e-05
292 75 0.000572664186169531
293 75 -0.0006611273447358984
294 75 -0.0002081736142066131
295 75 -1.062600292248958e-05
296 75 2.177464244542233e-07
297 75 3.719101022871357e-05
1 76 -1.155267801269637e-11
22 76 1.354510696459481e-13
25 76 -4.784703448717869e-10
28 76 -3.13828034430985e-11
31 76  9.9493362382257e-14
46 76 1.167041005925771e-12
49 76 -5.619123436125568e-09
52 76 4.297968746784613e-13
55 76 2.136821197419634e-11
70 76 4.604904941728009e-11
76 76 1.529027707050381e-08
79 76 1.287090348354007e-09
82 76 1.220018754557839e-10
178 76 6.794479733497366e-09
181 76 6.302984920021785e-10
187 76 3.433772536614338e-12
190 76 -1.255071201791581e-09
193 76 5.281193674761639e-11
196 76 5.174393784676597e-09
235 76 1.553527381489151e-10
238 76 6.942217038799856e-10
241 76 -1.355108160485725e-08
244 76 4.015594255527207e-08
247 76 1.772686385917826e-08
2 77 -1.155267801269637e-11
23 77 1.354510696459481e-13
26 77 -4.784703448717869e-10
29 77 -3.13828034430985e-11
32 77  9.9493362382257e-14
47 77 1.167041005925771e-12
50 77 -5.619123436125568e-09
53 77 4.297968746784613e-13
56 77 2.136821197419634e-11
71 77 4.604904941728009e-11
77 77 1.529027707050381e-08
80 77 1.287090348354007e-09
83 77 1.220018754557839e-10
179 77 6.794479733497366e-09
182 77 6.302984920021785e-10
188 77 3.433772536614338e-12
191 77 -1.255071201791581e-09
194 77 5.281193674761639e-11
197 77 5.174393784676597e-09
236 77 1.553527381489151e-10
239 77 6.942217038799856e-10
242 77 -1.355108160485725e-08
245 77 4.015594255527207e-08
248 77 1.772686385917826e-08
3 78 -1.155267801269637e-11
24 78 1.354510696459481e-13
27 78 -4.784703448717869e-10
30 78 -3.13828034430985e-11
33 78  9.9493362382257e-14
48 78 1.167041005925771e-12
51 78 -5.619123436125568e-09
54 78 4.297968746784613e-13
57 78 2.136821197419634e-11
72 78 4.604904941728009e-11
78 78 1.529027707050381e-08
81 78 1.287090348354007e-09
84 78 1.220018754557839e-10
180 78 6.794479733497366e-09
183 78 6.302984920021785e-10
189 78 3.433772536614338e-12
192 78 -1.255071201791581e-09
195 78 5.281193674761639e-11
198 78 5.174393784676597e-09
237 78 1.553527381489151e-10
240 78 6.942217038799856e-10
243 78 -1.355108160485725e-08
246 78 4.015594255527207e-08
249 78 1.772686385917826e-08
1 79 -7.281142607628589e-12
22 79 3.171353804533104e-13
25 79 -1.105169576901828e-09
49 79 -4.802918008411324e-10
52 79 1.354510696459481e-13
55 79 2.50111239128883e-11
70 79 2.898912346004558e-11
76 79 1.287090348354007e-09
79 79 3.008782130070991e-09
178 79 6.302984920021786e-10
181 79 1.474405152440779e-09
2 80 -7.281142607628589e-12
23 80 3.171353804533104e-13
26 80 -1.105169576901828e-09
50 80 -4.802918008411324e-10
53 80 1.354510696459481e-13
56 80 2.50111239128883e-11
71 80 2.898912346004558e-11
77 80 1.287090348354007e-09
80 80 3.008782130070991e-09
179 80 6.302984920021786e-10
182 80 1.474405152440779e-09
3 81 -7.281142607628589e-12
24 81 3.171353804533104e-13
27 81 -1.105169576901828e-09
51 81 -4.802918008411324e-10
54 81 1.354510696459481e-13
57 81 2.50111239128883e-11
72 81 2.898912346004558e-11
78 81 1.287090348354007e-09
81 81 3.008782130070991e-09
180 81 6.302984920021786e-10
183 81 1.474405152440779e-09
1 82 -4.858560736567592e-10
28 82 -5.648841182137756e-09
31 82 2.189466991342526e-11
46 82 1.170968588312434e-12
49 82 -3.138476723429181e-11
52 82 9.949336238225699e-14
70 82 1.302069628571968e-09
76 82 1.220018754557839e-10
82 82 1.475099517625042e-08
91 82 7.456765084090387e-09
94 82 6.447669901660789e-10
187 82 7.52935998399874e-10
190 82 -1.420396506759815e-08
193 82 3.433772536614338e-12
196 82 4.039587160506774e-08
