%%MatrixMarket matrix coordinate real general
308 308 3452
1 1 0.007199999999999999
2 1              -0.0023
3 1 0.0001333333333333333
4 1 -0.0007666666666666666
5 1              -0.0023
6 1 -0.0007666666666666666
7 1 0.0001333333333333333
1 2              -0.0023
2 2  0.01659999999999999
3 2               0.0004
4 2 0.0001333333333333333
5 2 0.0002666666666666667
7 2              -0.0023
8 2              -0.0023
9 2 0.0002666666666666667
10 2              -0.0046
11 2              -0.0023
12 2 0.0001333333333333333
1 3 0.0001333333333333333
2 3               0.0004
3 3 0.009399999999999997
4 3 -0.001533333333333334
5 3              -0.0023
8 3 0.0001333333333333333
9 3              -0.0023
10 3 0.0002666666666666666
13 3 -0.001533333333333334
1 4 -0.0007666666666666666
2 4 0.0001333333333333333
3 4 -0.001533333333333334
4 4 0.003599999999999999
8 4 -0.0007666666666666665
1 5              -0.0023
2 5 0.0002666666666666667
3 5              -0.0023
5 5               0.0166
6 5 0.0001333333333333333
7 5               0.0004
10 5 -0.004599999999999999
13 5 0.0001333333333333333
14 5              -0.0023
15 5              -0.0023
16 5 0.0002666666666666666
1 6 -0.0007666666666666666
5 6 0.0001333333333333333
6 6               0.0072
7 6              -0.0023
15 6 -0.002300000000000001
17 6 -0.0007666666666666664
18 6 0.0001333333333333334
1 7 0.0001333333333333333
2 7              -0.0023
5 7               0.0004
6 7              -0.0023
7 7  0.01659999999999999
10 7 0.0002666666666666667
12 7              -0.0023
15 7 0.0002666666666666667
16 7 -0.004600000000000001
18 7 -0.002299999999999999
19 7 0.0001333333333333334
2 8              -0.0023
3 8 0.0001333333333333333
4 8 -0.0007666666666666665
8 8 0.007199999999999998
9 8              -0.0023
11 8 0.0001333333333333333
20 8 -0.0007666666666666665
2 9 0.0002666666666666667
3 9              -0.0023
8 9              -0.0023
9 9               0.1816
10 9 -0.004599999999999999
11 9               0.0004
13 9 0.0001333333333333333
20 9 0.0001333333333333333
21 9              -0.0023
22 9 0.0002666666666666666
23 9  -0.1672999999999999
2 10              -0.0046
3 10 0.0002666666666666666
5 10 -0.004599999999999999
7 10 0.0002666666666666667
9 10 -0.004599999999999999
10 10               0.1982
11 10 0.0002666666666666667
12 10               0.0004
13 10               0.0004
14 10 0.0002666666666666667
16 10 -0.004599999999999999
21 10 0.0002666666666666667
22 10              -0.1696
24 10              -0.0046
25 10 0.0002666666666666666
2 11              -0.0023
8 11 0.0001333333333333333
9 11               0.0004
10 11 0.0002666666666666667
11 11               1.0066
12 11  -0.1672999999999999
20 11  -0.1672999999999999
22 11  -0.4171000000000001
23 11 0.0002666666666666667
26 11  -0.2497999999999999
27 11 0.0001333333333333334
2 12 0.0001333333333333333
7 12              -0.0023
10 12               0.0004
11 12  -0.1672999999999999
12 12               1.0066
16 12 0.0002666666666666667
19 12  -0.1672999999999999
22 12 0.0002666666666666667
25 12  -0.4171000000000001
27 12  -0.2497999999999999
28 12 0.0001333333333333334
3 13 -0.001533333333333334
5 13 0.0001333333333333333
9 13 0.0001333333333333333
10 13               0.0004
13 13 0.009399999999999997
14 13              -0.0023
21 13              -0.0023
24 13 0.0002666666666666667
29 13 -0.001533333333333333
5 14              -0.0023
10 14 0.0002666666666666667
13 14              -0.0023
14 14               0.0166
15 14 0.0001333333333333333
16 14               0.0004
24 14 -0.004600000000000001
29 14 0.0001333333333333334
30 14 -0.002299999999999999
31 14              -0.0023
32 14 0.0002666666666666667
5 15              -0.0023
6 15 -0.002300000000000001
7 15 0.0002666666666666667
14 15 0.0001333333333333333
15 15               0.0166
16 15              -0.0046
17 15 0.0001333333333333334
18 15 0.0004000000000000001
31 15 -0.002300000000000001
33 15 -0.002299999999999999
34 15 0.0002666666666666667
5 16 0.0002666666666666666
7 16 -0.004600000000000001
10 16 -0.004599999999999999
12 16 0.0002666666666666667
14 16               0.0004
15 16              -0.0046
16 16               0.1982
18 16 0.0002666666666666668
19 16 0.0004000000000000001
24 16 0.0002666666666666667
25 16              -0.1696
31 16 0.0002666666666666667
32 16 -0.004600000000000001
34 16 -0.004599999999999998
35 16 0.0002666666666666667
6 17 -0.0007666666666666664
15 17 0.0001333333333333334
17 17 0.007199999999999999
18 17              -0.0023
33 17              -0.0023
36 17 -0.0007666666666666665
37 17 0.0001333333333333333
6 18 0.0001333333333333334
7 18 -0.002299999999999999
15 18 0.0004000000000000001
16 18 0.0002666666666666668
17 18              -0.0023
18 18               0.0166
19 18              -0.0023
33 18 0.0002666666666666667
34 18 -0.004600000000000001
37 18 -0.002299999999999999
38 18 0.0001333333333333333
7 19 0.0001333333333333334
12 19  -0.1672999999999999
16 19 0.0004000000000000001
18 19              -0.0023
19 19               1.0066
25 19 0.0002666666666666668
28 19  -0.2497999999999999
34 19 0.0002666666666666667
35 19  -0.4171000000000001
38 19  -0.1672999999999999
39 19 0.0001333333333333333
8 20 -0.0007666666666666665
9 20 0.0001333333333333333
11 20  -0.1672999999999999
20 20   0.5022000000000001
23 20  -0.2498000000000001
26 20 0.0001333333333333334
40 20 -0.08326666666666663
9 21              -0.0023
10 21 0.0002666666666666667
13 21              -0.0023
21 21               0.1816
22 21               0.0004
23 21 0.0001333333333333333
24 21 -0.004600000000000001
29 21 0.0001333333333333334
41 21 -0.002299999999999999
42 21 0.0002666666666666667
43 21  -0.1672999999999999
9 22 0.0002666666666666666
10 22              -0.1696
11 22  -0.4171000000000001
12 22 0.0002666666666666667
21 22               0.0004
22 22    2.343200000000001
23 22  -0.4170999999999999
24 22 0.0002666666666666667
25 22  -0.4170999999999999
26 22 0.0002666666666666667
27 22 0.0004000000000000001
42 22  -0.4171000000000001
43 22 0.0002666666666666667
44 22  -0.4995999999999997
45 22 0.0002666666666666667
9 23  -0.1672999999999999
11 23 0.0002666666666666667
20 23  -0.2498000000000001
21 23 0.0001333333333333333
22 23  -0.4170999999999999
23 23               1.3366
26 23 0.0004000000000000001
40 23 0.0001333333333333334
43 23  -0.2498000000000001
44 23 0.0002666666666666667
46 23  -0.2497999999999999
10 24              -0.0046
13 24 0.0002666666666666667
14 24 -0.004600000000000001
16 24 0.0002666666666666667
21 24 -0.004600000000000001
22 24 0.0002666666666666667
24 24               0.1982
25 24               0.0004
29 24 0.0004000000000000002
30 24 0.0002666666666666668
32 24 -0.004600000000000001
41 24 0.0002666666666666668
42 24              -0.1696
47 24 -0.004599999999999998
48 24 0.0002666666666666667
10 25 0.0002666666666666666
12 25  -0.4171000000000001
16 25              -0.1696
19 25 0.0002666666666666668
22 25  -0.4170999999999999
24 25               0.0004
25 25    2.343200000000001
27 25 0.0002666666666666668
28 25 0.0004000000000000002
32 25 0.0002666666666666667
35 25  -0.4170999999999999
42 25 0.0002666666666666667
45 25  -0.4995999999999998
48 25  -0.4171000000000001
49 25 0.0002666666666666668
11 26  -0.2497999999999999
20 26 0.0001333333333333334
22 26 0.0002666666666666667
23 26 0.0004000000000000001
26 26    1.326091348055981
27 26  -0.2467991851994834
40 26  -0.2468822130468496
44 26  -0.4106764263318592
46 26 0.000556792820797006
226 26  -0.1546300908123782
227 26 0.006607427499320709
11 27 0.0001333333333333334
12 27  -0.2497999999999999
22 27 0.0004000000000000001
25 27 0.0002666666666666668
26 27  -0.2467991851994834
27 27    1.325462396619721
28 27  -0.2466397323395208
44 27 0.0005733904474028155
45 27  -0.4102757020755462
227 27  -0.1542788653795115
228 27 0.006710304859346407
12 28 0.0001333333333333334
19 28  -0.2497999999999999
25 28 0.0004000000000000002
27 28  -0.2466397323395208
28 28    1.328079569541321
35 28 0.0002666666666666667
39 28  -0.2463721593106659
45 28 0.0006114678164213305
49 28   -0.408052588480836
228 28  -0.1457338492502302
229 28 0.009561434971489211
13 29 -0.001533333333333333
14 29 0.0001333333333333334
21 29 0.0001333333333333334
24 29 0.0004000000000000002
29 29 0.009400000000000002
30 29 -0.002300000000000001
41 29 -0.002300000000000001
47 29 0.0002666666666666668
54 29 -0.001533333333333334
14 30 -0.002299999999999999
24 30 0.0002666666666666668
29 30 -0.002300000000000001
30 30               0.0166
31 30 0.0001333333333333334
32 30 0.0004000000000000002
47 30 -0.004600000000000003
54 30 0.0001333333333333334
55 30 -0.002300000000000001
56 30 -0.002300000000000001
57 30 0.0002666666666666668
14 31              -0.0023
15 31 -0.002300000000000001
16 31 0.0002666666666666667
30 31 0.0001333333333333334
31 31               0.0166
32 31 -0.004600000000000002
33 31 0.0001333333333333334
34 31 0.0004000000000000001
56 31 -0.002299999999999999
58 31 -0.002299999999999999
59 31 0.0002666666666666668
14 32 0.0002666666666666667
16 32 -0.004600000000000001
24 32 -0.004600000000000001
25 32 0.0002666666666666667
30 32 0.0004000000000000002
31 32 -0.004600000000000002
32 32               0.1982
34 32 0.0002666666666666668
35 32 0.0004000000000000001
47 32 0.0002666666666666668
48 32              -0.1696
56 32 0.0002666666666666668
57 32 -0.004599999999999998
59 32 -0.004599999999999998
60 32 0.0002666666666666668
15 33 -0.002299999999999999
17 33              -0.0023
18 33 0.0002666666666666667
31 33 0.0001333333333333334
33 33  0.01659999999999999
34 33              -0.0046
36 33 0.0001333333333333333
37 33 0.0003999999999999999
58 33              -0.0023
61 33              -0.0023
62 33 0.0002666666666666666
15 34 0.0002666666666666667
16 34 -0.004599999999999998
18 34 -0.004600000000000001
19 34 0.0002666666666666667
31 34 0.0004000000000000001
32 34 0.0002666666666666668
33 34              -0.0046
34 34   0.1981999999999999
35 34  -0.1695999999999999
37 34 0.0002666666666666666
38 34 0.0003999999999999999
58 34 0.0002666666666666667
59 34 -0.004600000000000001
62 34 -0.004599999999999998
63 34 0.0002666666666666666
16 35 0.0002666666666666667
19 35  -0.4171000000000001
25 35  -0.4170999999999999
28 35 0.0002666666666666667
32 35 0.0004000000000000001
34 35  -0.1695999999999999
35 35    2.343200000000001
38 35 0.0002666666666666666
39 35 0.0004000000000000001
48 35 0.0002666666666666668
49 35  -0.4995999999999997
59 35 0.0002666666666666667
60 35  -0.4171000000000001
63 35  -0.4170999999999999
64 35 0.0002666666666666667
17 36 -0.0007666666666666665
33 36 0.0001333333333333333
36 36 0.007199999999999997
37 36 -0.002299999999999999
61 36              -0.0023
65 36 -0.0007666666666666665
66 36 0.0001333333333333333
17 37 0.0001333333333333333
18 37 -0.002299999999999999
33 37 0.0003999999999999999
34 37 0.0002666666666666666
36 37 -0.002299999999999999
37 37  0.01659999999999999
38 37 -0.002299999999999999
61 37 0.0002666666666666666
62 37 -0.004599999999999999
66 37 -0.002299999999999999
67 37 0.0001333333333333333
18 38 0.0001333333333333333
19 38  -0.1672999999999999
34 38 0.0003999999999999999
35 38 0.0002666666666666666
37 38 -0.002299999999999999
38 38               1.0066
39 38  -0.2497999999999998
62 38 0.0002666666666666666
63 38  -0.4170999999999999
67 38  -0.1672999999999999
68 38 0.0001333333333333333
19 39 0.0001333333333333333
28 39  -0.2463721593106659
35 39 0.0004000000000000001
38 39  -0.2497999999999998
39 39    1.322504751627874
49 39 0.0006788490658211997
63 39 0.0002666666666666667
64 39  -0.4083381108813696
68 39  -0.2459457565321714
229 39  -0.1523343713502476
232 39 0.007333763492907849
20 40 -0.08326666666666663
23 40 0.0001333333333333334
26 40  -0.2468822130468496
40 40   0.5041014580143748
46 40  -0.1617166361914489
226 40 0.009427559973155036
233 40  0.01226626758513057
21 41 -0.002299999999999999
24 41 0.0002666666666666668
29 41 -0.002300000000000001
41 41   0.1816000000000001
42 41 0.0004000000000000002
43 41 0.0001333333333333334
47 41 -0.004600000000000003
54 41 0.0001333333333333334
71 41 -0.002300000000000001
72 41 0.0002666666666666668
73 41  -0.1673000000000001
21 42 0.0002666666666666667
22 42  -0.4171000000000001
24 42              -0.1696
25 42 0.0002666666666666667
41 42 0.0004000000000000002
42 42    2.343200000000001
43 42              -0.4171
44 42 0.0002666666666666667
45 42 0.0004000000000000001
47 42 0.0002666666666666668
48 42              -0.4171
72 42  -0.4170999999999999
73 42 0.0002666666666666668
74 42  -0.4995999999999998
75 42 0.0002666666666666668
21 43  -0.1672999999999999
22 43 0.0002666666666666667
23 43  -0.2498000000000001
41 43 0.0001333333333333334
42 43              -0.4171
43 43               1.3366
44 43 0.0004000000000000001
46 43 0.0001333333333333334
73 43  -0.2497999999999999
74 43 0.0002666666666666668
76 43  -0.2497999999999999
22 44  -0.4995999999999997
23 44 0.0002666666666666667
26 44  -0.4106764263318592
27 44 0.0005733904474028155
42 44 0.0002666666666666667
43 44 0.0004000000000000001
44 44    2.344078581439058
45 44  -0.4140506816254864
46 44  -0.4144035055770129
74 44  -0.4170874920012119
76 44 0.0002666681609294655
226 44  0.01492673322956094
227 44  0.02234741253211453
237 44  -0.1579471403671379
238 44  0.00848380467309361
22 45 0.0002666666666666667
25 45  -0.4995999999999998
27 45  -0.4102757020755462
28 45 0.0006114678164213305
42 45 0.0004000000000000001
44 45  -0.4140506816254864
45 45    2.344733508153153
48 45 0.0002666666666666668
49 45  -0.4140197791342141
74 45 0.0002669735440479146
75 45   -0.416931112662222
227 45  0.01635318145446097
228 45  0.01982566591601536
238 45  -0.1541552653125885
239 45 0.008580915603745652
23 46  -0.2497999999999999
26 46 0.000556792820797006
40 46  -0.1617166361914489
43 46 0.0001333333333333334
44 46  -0.4144035055770129
46 46    1.011276700534216
76 46  -0.1672999022085428
80 46   0.0061703840889877
226 46  0.02330937560729153
233 46  0.01462028223967896
237 46 0.005943881815515879
24 47 -0.004599999999999998
29 47 0.0002666666666666668
30 47 -0.004600000000000003
32 47 0.0002666666666666668
41 47 -0.004600000000000003
42 47 0.0002666666666666668
47 47   0.1982000000000001
48 47 0.0004000000000000002
54 47 0.0004000000000000001
55 47 0.0002666666666666667
57 47 -0.004600000000000003
71 47 0.0002666666666666668
72 47  -0.1696000000000001
81 47 -0.004600000000000002
82 47 0.0002666666666666668
24 48 0.0002666666666666667
25 48  -0.4171000000000001
32 48              -0.1696
35 48 0.0002666666666666668
42 48              -0.4171
45 48 0.0002666666666666668
47 48 0.0004000000000000002
48 48    2.343200000000001
49 48 0.0004000000000000002
57 48 0.0002666666666666668
60 48              -0.4171
72 48 0.0002666666666666668
75 48  -0.4995999999999999
82 48              -0.4171
83 48 0.0002666666666666669
25 49 0.0002666666666666668
28 49   -0.408052588480836
35 49  -0.4995999999999997
39 49 0.0006788490658211995
45 49  -0.4140197791342141
48 49 0.0004000000000000002
49 49    2.348115266722439
60 49 0.0002666666666666667
64 49  -0.4125281539312222
75 49 0.0002732297576482612
83 49  -0.4160206561507112
228 49  0.01980905568529689
229 49  0.02418202366226815
239 49  -0.1523187110853635
242 49  0.01216624666773242
50 50     10040133.4512655
51 50    1454986.184498838
70 50    1441036.900916557
77 50    2803721.720704916
85 50    1999999.999031706
86 50    1333333.333333333
217 50    176200.9104866157
221 50     153464.641173961
222 50    338196.4344950783
224 50    454231.2442005291
240 50    2009199.074125555
50 51    1454986.184498838
51 51    10235037.09477149
52 51    1486109.330301039
77 51    2063305.724942583
78 51    2906624.071400481
86 51    1999999.999999999
87 51    1333333.333333333
217 51    156502.1861083175
218 51    182646.4767362056
222 51    496959.1122938061
223 51    377117.2995676512
51 52    1486109.330301039
52 52    10581030.63314271
53 52    1533574.272664023
78 52    2166321.885510745
79 52    3074380.731068942
87 52    1999999.999999999
88 52    1333333.333333332
218 52    162915.9123626195
219 52    194151.2858537164
223 52    590744.1077020089
225 52    449660.4233197161
52 53    1533574.272664023
53 53    11073534.93703612
69 53     1595819.06318903
79 53    2298674.838336099
84 53    3290345.940408464
88 53    1999999.999999998
89 53    1333333.333333332
219 53    173499.0449808426
220 53     212537.003395337
225 53    755031.8702710756
230 53    571370.0872671368
29 54 -0.001533333333333334
30 54 0.0001333333333333334
41 54 0.0001333333333333334
47 54 0.0004000000000000001
54 54 0.009400000000000002
55 54 -0.002300000000000001
71 54 -0.002300000000000001
81 54 0.0002666666666666667
90 54 -0.001533333333333334
30 55 -0.002300000000000001
47 55 0.0002666666666666667
54 55 -0.002300000000000001
55 55               0.0166
56 55 0.0001333333333333334
57 55 0.0004000000000000001
81 55 -0.004600000000000002
90 55 0.0001333333333333334
91 55 -0.002300000000000001
92 55 -0.002300000000000001
93 55 0.0002666666666666667
30 56 -0.002300000000000001
31 56 -0.002299999999999999
32 56 0.0002666666666666668
55 56 0.0001333333333333334
56 56               0.0166
57 56 -0.004600000000000003
58 56 0.0001333333333333334
59 56 0.0004000000000000002
92 56 -0.002300000000000001
94 56 -0.002299999999999999
95 56 0.0002666666666666668
30 57 0.0002666666666666668
32 57 -0.004599999999999998
47 57 -0.004600000000000003
48 57 0.0002666666666666668
55 57 0.0004000000000000001
56 57 -0.004600000000000003
57 57   0.1982000000000002
59 57 0.0002666666666666668
60 57 0.0004000000000000002
81 57 0.0002666666666666668
82 57  -0.1696000000000001
92 57 0.0002666666666666668
93 57 -0.004600000000000003
95 57 -0.004599999999999998
96 57 0.0002666666666666668
31 58 -0.002299999999999999
33 58              -0.0023
34 58 0.0002666666666666667
56 58 0.0001333333333333334
58 58               0.0166
59 58 -0.004600000000000001
61 58 0.0001333333333333333
62 58 0.0003999999999999999
94 58 -0.002299999999999999
97 58              -0.0023
98 58 0.0002666666666666667
31 59 0.0002666666666666668
32 59 -0.004599999999999998
34 59 -0.004600000000000001
35 59 0.0002666666666666667
56 59 0.0004000000000000002
57 59 0.0002666666666666668
58 59 -0.004600000000000001
59 59   0.1981999999999999
60 59  -0.1695999999999999
62 59 0.0002666666666666666
63 59 0.0003999999999999999
94 59 0.0002666666666666668
95 59 -0.004599999999999998
98 59 -0.004600000000000001
99 59 0.0002666666666666667
32 60 0.0002666666666666668
35 60  -0.4171000000000001
48 60              -0.4171
49 60 0.0002666666666666667
57 60 0.0004000000000000002
59 60  -0.1695999999999999
60 60    2.343200000000001
63 60 0.0002666666666666666
64 60 0.0004000000000000001
82 60 0.0002666666666666669
83 60              -0.4996
95 60 0.0002666666666666668
96 60  -0.4170999999999999
99 60  -0.4171000000000001
100 60 0.0002666666666666667
33 61              -0.0023
36 61              -0.0023
37 61 0.0002666666666666666
58 61 0.0001333333333333333
61 61  0.01659999999999999
62 61 -0.004599999999999997
65 61 0.0001333333333333333
66 61 0.0003999999999999999
97 61              -0.0023
101 61              -0.0023
102 61 0.0002666666666666666
33 62 0.0002666666666666666
34 62 -0.004599999999999998
37 62 -0.004599999999999999
38 62 0.0002666666666666666
58 62 0.0003999999999999999
59 62 0.0002666666666666666
61 62 -0.004599999999999997
62 62   0.1981999999999999
63 62  -0.1695999999999999
66 62 0.0002666666666666666
67 62 0.0003999999999999999
97 62 0.0002666666666666666
98 62 -0.004599999999999999
102 62 -0.004599999999999998
103 62 0.0002666666666666666
34 63 0.0002666666666666666
35 63  -0.4170999999999999
38 63  -0.4170999999999999
39 63 0.0002666666666666667
59 63 0.0003999999999999999
60 63 0.0002666666666666666
62 63  -0.1695999999999999
63 63               2.3432
64 63  -0.4995999999999996
67 63 0.0002666666666666666
68 63 0.0004000000000000001
98 63 0.0002666666666666666
99 63  -0.4170999999999999
103 63  -0.4170999999999999
104 63 0.0002666666666666667
35 64 0.0002666666666666667
39 64  -0.4083381108813696
49 64  -0.4125281539312222
60 64 0.0004000000000000001
63 64  -0.4995999999999996
64 64    2.346403778216634
68 64 0.000810997506563442
83 64 0.0003300157224994558
99 64 0.0002666666666666667
100 64  -0.4124213776400023
104 64  -0.4085391129638591
229 64  0.01550555492254894
232 64  0.02428872777831612
242 64  -0.1462717449420805
246 64   0.0164473198960296
36 65 -0.0007666666666666665
61 65 0.0001333333333333333
65 65 0.003599999999999998
66 65 -0.001533333333333333
101 65 -0.0007666666666666665
36 66 0.0001333333333333333
37 66 -0.002299999999999999
61 66 0.0003999999999999999
62 66 0.0002666666666666666
65 66 -0.001533333333333333
66 66 0.009399999999999995
67 66 -0.001533333333333333
101 66 0.0001333333333333333
102 66              -0.0023
37 67 0.0001333333333333333
38 67  -0.1672999999999999
62 67 0.0003999999999999999
63 67 0.0002666666666666666
66 67 -0.001533333333333333
67 67   0.5043999999999997
68 67  -0.1665333333333332
102 67 0.0001333333333333333
103 67  -0.1672999999999999
38 68 0.0001333333333333333
39 68  -0.2459457565321714
63 68 0.0004000000000000001
64 68 0.000810997506563442
67 68  -0.1665333333333332
68 68   0.8211139387638846
103 68 0.0001333333333333334
104 68  -0.2459457719014568
232 68  -0.1555718875695606
53 69     1595819.06318903
69 69    7051579.795680434
84 69    2435546.986295749
89 69    1333333.333333332
105 69    1595821.601626523
220 69    189750.2588538068
230 69    1014079.465005421
231 69    73943.75042692016
245 69    189750.0647715393
50 70    1441036.900916557
70 70    4214103.636892386
85 70     1333333.33331897
106 70    666666.6666637902
221 70    125016.6107515656
224 70    274067.2969605889
240 70    1718081.632991004
41 71 -0.002300000000000001
47 71 0.0002666666666666668
54 71 -0.002300000000000001
71 71               0.1816
72 71 0.0004000000000000001
73 71 0.0001333333333333334
81 71 -0.004600000000000002
90 71 0.0001333333333333334
107 71 -0.002300000000000001
108 71 0.0002666666666666667
109 71              -0.1673
41 72 0.0002666666666666668
42 72  -0.4170999999999999
47 72  -0.1696000000000001
48 72 0.0002666666666666668
71 72 0.0004000000000000001
72 72    2.343200000000001
73 72  -0.4171000000000001
74 72 0.0002666666666666668
75 72 0.0004000000000000002
81 72 0.0002666666666666667
82 72  -0.4171000000000001
108 72  -0.4171000000000001
109 72 0.0002666666666666668
110 72  -0.4995999999999999
111 72 0.0002666666666666668
41 73  -0.1673000000000001
42 73 0.0002666666666666668
43 73  -0.2497999999999999
71 73 0.0001333333333333334
72 73  -0.4171000000000001
73 73               1.3366
74 73 0.0004000000000000002
76 73 0.0001333333333333334
109 73  -0.2498000000000001
110 73 0.0002666666666666668
112 73  -0.2497999999999999
42 74  -0.4995999999999998
43 74 0.0002666666666666668
44 74  -0.4170874920012119
45 74 0.0002669735440479146
72 74 0.0002666666666666668
73 74 0.0004000000000000002
74 74    2.343175430425519
75 74  -0.4170918980173476
76 74  -0.4170999445469172
110 74  -0.4170999999999999
112 74 0.0002666666666666668
113 74  -0.1695886549453794
114 74 0.0002735137710383885
237 74 0.0002538454552142109
238 74 0.0005941042085630923
42 75 0.0002666666666666668
45 75   -0.416931112662222
48 75  -0.4995999999999999
49 75 0.0002732297576482612
72 75 0.0004000000000000002
74 75  -0.4170918980173476
75 75    2.343086872847656
82 75 0.0002666666666666669
83 75    -0.41697916770693
110 75 0.0002666666666666668
111 75              -0.4171
114 75  -0.1691697174561745
115 75 0.0005928065361912541
238 75  0.00122215963145981
239 75 0.003298219911414313
43 76  -0.2497999999999999
44 76 0.0002666681609294655
46 76  -0.1672999022085428
73 76 0.0001333333333333334
74 76  -0.4170999445469172
76 76    1.006599644491607
80 76 0.0001294725267385833
112 76  -0.1672999999999999
113 76 0.0002666866697766937
116 76 -0.00230005183306708
237 76 0.0003815160869933091
50 77    2803721.720704916
51 77    2063305.724942583
77 77     16408647.5753391
78 77    2149173.221928441
85 77    2666666.632482664
86 77    4000000.066666664
117 77    3875338.696275973
118 77    2638016.386369189
222 77    182235.9618365976
224 77    54031.68997832879
234 77    267.2724032875507
236 77    3.214938631677882
240 77    2007505.256515766
248 77    1359331.960772673
251 77    705615.8320186394
51 78    2906624.071400481
52 78    2166321.885510745
77 78    2149173.221928441
78 78    17689986.45894137
79 78    2434158.152459181
86 78    2666666.699999999
87 78    4000000.066666666
118 78      3934954.3331562
119 78    2660131.562470615
222 78    77812.95441367412
223 78    258562.8294990213
234 78    1104.188046794676
235 78    7497.469559805746
248 78    860089.6444934353
249 78    1646757.761919665
52 79    3074380.731068942
53 79    2298674.838336099
78 79    2434158.152459181
79 79    19880871.47026273
84 79    2840855.863681276
87 79    2666666.699999999
88 79    4000000.066666663
119 79    3989409.664703761
120 79    2666638.820223443
223 79     142266.176010869
225 79    421887.7193974787
235 79    23228.80808256602
241 79    64920.42596695437
249 79    1215102.943321452
250 79    2154547.013722452
46 80   0.0061703840889877
76 80 0.0001294725267385833
80 80  0.08353880749417404
85 80  0.06666666666666668
106 80  0.03333333333333334
116 80  0.01374610203101526
117 80  0.03333333333333333
121 80  0.06666666666666667
226 80  0.01624219560667918
233 80 0.007768838386993081
237 80  0.02310683307347804
243 80 -1.520998430882829e-05
247 80 4.77371633619037e-09
252 80 0.003171418525839628
256 80 0.0007518386768863266
47 81 -0.004600000000000002
54 81 0.0002666666666666667
55 81 -0.004600000000000002
57 81 0.0002666666666666668
71 81 -0.004600000000000002
72 81 0.0002666666666666667
81 81               0.1982
82 81 0.0004000000000000001
90 81 0.0004000000000000001
91 81 0.0002666666666666667
93 81 -0.004600000000000002
107 81 0.0002666666666666668
108 81              -0.1696
122 81 -0.004600000000000002
123 81 0.0002666666666666667
47 82 0.0002666666666666668
48 82              -0.4171
57 82  -0.1696000000000001
60 82 0.0002666666666666669
72 82  -0.4171000000000001
75 82 0.0002666666666666669
81 82 0.0004000000000000001
82 82    2.343200000000001
83 82 0.0004000000000000005
93 82 0.0002666666666666668
96 82              -0.4171
108 82 0.0002666666666666668
111 82              -0.4996
123 82  -0.4171000000000001
124 82 0.0002666666666666669
48 83 0.0002666666666666669
49 83  -0.4160206561507112
60 83              -0.4996
64 83 0.0003300157224994558
75 83    -0.41697916770693
82 83 0.0004000000000000005
83 83    2.343904139879174
96 83 0.0002666666666666669
100 83  -0.4160434765838021
111 83 0.0002666666666666669
115 83  -0.1643120969289017
124 83  -0.4169776115775524
239 83 0.005063136587223831
242 83  0.01202858121174456
258 83 0.005798667339143172
53 84    3290345.940408464
69 84    2435546.986295749
79 84    2840855.863681276
84 84    22871403.88628212
88 84    2666666.699999998
89 84    4000000.066666663
105 84    3290300.787151262
120 84    3999977.717501956
125 84     2840893.36724909
126 84    2666666.699999997
225 84    287206.0701920995
230 84    729279.5559504466
241 84    194540.2805462122
244 84    287210.0659604302
250 84    1783396.441214831
50 85    1999999.999031706
70 85     1333333.33331897
77 85    2666666.632482664
80 85  0.06666666666666668
85 85    1015623610.873514
86 85    174724872.8049781
106 85    174724872.8049772
117 85     331086932.598661
121 85    330420265.8987633
240 85    3999999.592799711
50 86    1333333.333333333
51 86    1999999.999999999
77 86    4000000.066666664
78 86    2666666.699999999
85 86    174724872.8049781
86 86    1015623610.874151
87 86    174724872.8049782
117 86     330420265.898764
118 86    331086932.5987641
51 87    1333333.333333333
52 87    1999999.999999999
78 87    4000000.066666666
79 87    2666666.699999999
86 87    174724872.8049782
87 87    1015623610.874151
88 87    174724872.8049781
118 87    330420265.8987641
119 87    331086932.5987641
52 88    1333333.333333332
53 88    1999999.999999998
79 88    4000000.066666663
84 88    2666666.699999998
87 88    174724872.8049781
88 88    1015623610.874151
89 88    174724872.8049781
119 88     330420265.898764
120 88    331086932.5987641
53 89    1333333.333333332
69 89    1333333.333333332
84 89    4000000.066666663
88 89    174724872.8049781
89 89    666173865.2641947
105 89    1333333.333333333
120 89     330420265.898764
126 89     157028726.493786
54 90 -0.001533333333333334
55 90 0.0001333333333333334
71 90 0.0001333333333333334
81 90 0.0004000000000000001
90 90 0.005800000000000002
91 90 -0.001533333333333334
107 90 -0.001533333333333334
122 90 0.0001333333333333334
55 91 -0.002300000000000001
81 91 0.0002666666666666667
90 91 -0.001533333333333334
91 91 0.009400000000000002
92 91 0.0001333333333333334
93 91 0.0004000000000000001
122 91 -0.002300000000000001
127 91 -0.001533333333333334
128 91 0.0001333333333333334
55 92 -0.002300000000000001
56 92 -0.002300000000000001
57 92 0.0002666666666666668
91 92 0.0001333333333333334
92 92               0.0166
93 92 -0.004600000000000003
94 92 0.0001333333333333334
95 92 0.0004000000000000002
127 92 -0.002300000000000001
129 92 -0.002299999999999999
130 92 0.0002666666666666668
55 93 0.0002666666666666667
57 93 -0.004600000000000003
81 93 -0.004600000000000002
82 93 0.0002666666666666668
91 93 0.0004000000000000001
92 93 -0.004600000000000003
93 93   0.1982000000000001
95 93 0.0002666666666666668
96 93 0.0004000000000000002
122 93 0.0002666666666666668
123 93  -0.1696000000000001
127 93 0.0002666666666666668
128 93 -0.004600000000000003
130 93 -0.004599999999999998
131 93 0.0002666666666666668
56 94 -0.002299999999999999
58 94 -0.002299999999999999
59 94 0.0002666666666666668
92 94 0.0001333333333333334
94 94               0.0166
95 94 -0.004600000000000002
97 94 0.0001333333333333334
98 94 0.0004000000000000001
129 94              -0.0023
132 94 -0.002300000000000001
133 94 0.0002666666666666667
56 95 0.0002666666666666668
57 95 -0.004599999999999998
59 95 -0.004599999999999998
60 95 0.0002666666666666668
92 95 0.0004000000000000002
93 95 0.0002666666666666668
94 95 -0.004600000000000002
95 95               0.1982
96 95              -0.1696
98 95 0.0002666666666666668
99 95 0.0004000000000000001
129 95 0.0002666666666666667
130 95 -0.004600000000000001
133 95 -0.004600000000000002
134 95 0.0002666666666666667
57 96 0.0002666666666666668
60 96  -0.4170999999999999
82 96              -0.4171
83 96 0.0002666666666666669
93 96 0.0004000000000000002
95 96              -0.1696
96 96    2.343200000000001
99 96 0.0002666666666666668
100 96 0.0004000000000000002
123 96 0.0002666666666666668
124 96  -0.4995999999999999
130 96 0.0002666666666666667
131 96  -0.4171000000000001
134 96  -0.4171000000000001
135 96 0.0002666666666666668
58 97              -0.0023
61 97              -0.0023
62 97 0.0002666666666666666
94 97 0.0001333333333333334
97 97               0.0166
98 97 -0.004599999999999999
101 97 0.0001333333333333333
102 97 0.0003999999999999999
132 97 -0.002299999999999999
136 97              -0.0023
137 97 0.0002666666666666667
58 98 0.0002666666666666667
59 98 -0.004600000000000001
62 98 -0.004599999999999999
63 98 0.0002666666666666666
94 98 0.0004000000000000001
95 98 0.0002666666666666668
97 98 -0.004599999999999999
98 98   0.1981999999999999
99 98  -0.1695999999999999
102 98 0.0002666666666666666
103 98 0.0003999999999999999
132 98 0.0002666666666666667
133 98 -0.004599999999999998
137 98 -0.004600000000000001
138 98 0.0002666666666666667
59 99 0.0002666666666666667
60 99  -0.4171000000000001
63 99  -0.4170999999999999
64 99 0.0002666666666666667
95 99 0.0004000000000000001
96 99 0.0002666666666666668
98 99  -0.1695999999999999
99 99               2.3432
100 99  -0.4995999999999997
103 99 0.0002666666666666666
104 99 0.0004000000000000001
133 99 0.0002666666666666667
134 99  -0.4170999999999998
138 99  -0.4171000000000001
139 99 0.0002666666666666667
60 100 0.0002666666666666667
64 100  -0.4124213776400023
83 100  -0.4160434765838021
96 100 0.0004000000000000002
99 100  -0.4995999999999997
100 100    2.345882640508101
104 100 0.000679001628944229
124 100 0.0002732243850804998
134 100 0.0002666666666666668
135 100  -0.4139575204737044
139 100   -0.409712842274665
242 100  0.01142640190227561
246 100  0.02175986005372971
258 100  -0.1522797987688904
261 100  0.01454067932246465
61 101              -0.0023
65 101 -0.0007666666666666665
66 101 0.0001333333333333333
97 101 0.0001333333333333333
101 101 0.007199999999999997
102 101 -0.002299999999999999
136 101 -0.0007666666666666665
61 102 0.0002666666666666666
62 102 -0.004599999999999998
66 102              -0.0023
67 102 0.0001333333333333333
97 102 0.0003999999999999999
98 102 0.0002666666666666666
101 102 -0.002299999999999999
102 102  0.01659999999999999
103 102 -0.002299999999999999
136 102 0.0001333333333333333
137 102              -0.0023
62 103 0.0002666666666666666
63 103  -0.4170999999999999
67 103  -0.1672999999999999
68 103 0.0001333333333333334
98 103 0.0003999999999999999
99 103 0.0002666666666666666
102 103 -0.002299999999999999
103 103               1.0066
104 103  -0.2497999999999998
137 103 0.0001333333333333333
138 103  -0.1672999999999999
63 104 0.0002666666666666667
64 104  -0.4085391129638591
68 104  -0.2459457719014568
99 104 0.0004000000000000001
100 104 0.000679001628944229
103 104  -0.2497999999999998
104 104    1.321528614151693
138 104 0.0001333333333333334
139 104  -0.2463720548827985
232 104 0.006072696899089883
246 104  -0.1531865022960965
69 105    1595821.601626523
84 105    3290300.787151262
89 105    1333333.333333333
105 105    11073495.45930623
125 105     2298666.39191985
126 105    1999999.999999998
140 105     1533577.99763016
230 105     571353.803388876
244 105     755011.269022016
245 105    212551.8129790272
260 105    173494.3054714621
70 106    666666.6666637904
80 106  0.03333333333333334
85 106    174724872.8049771
106 106    349449745.6099544
121 106    174058206.1049778
240 106    1333333.331819104
71 107 -0.002300000000000001
81 107 0.0002666666666666668
90 107 -0.001533333333333334
107 107   0.1744000000000001
108 107 0.0004000000000000001
109 107 0.0001333333333333334
122 107 -0.002300000000000001
141 107  -0.1665333333333333
142 107 0.0001333333333333334
71 108 0.0002666666666666667
72 108  -0.4171000000000001
81 108              -0.1696
82 108 0.0002666666666666668
107 108 0.0004000000000000001
108 108    2.343200000000001
109 108  -0.4171000000000001
110 108 0.0002666666666666668
111 108 0.0004000000000000002
122 108 0.0002666666666666667
123 108  -0.4171000000000001
141 108 0.0002666666666666668
142 108  -0.4171000000000001
143 108  -0.4995999999999999
144 108 0.0002666666666666668
71 109              -0.1673
72 109 0.0002666666666666668
73 109  -0.2498000000000001
107 109 0.0001333333333333334
108 109  -0.4171000000000001
109 109    1.336600000000001
110 109 0.0004000000000000002
112 109 0.0001333333333333334
141 109  -0.2498000000000001
143 109 0.0002666666666666668
145 109  -0.2497999999999999
72 110  -0.4995999999999999
73 110 0.0002666666666666668
74 110  -0.4170999999999999
75 110 0.0002666666666666668
108 110 0.0002666666666666668
109 110 0.0004000000000000002
110 110    2.343200000000001
111 110  -0.4171000000000001
112 110  -0.4171000000000001
113 110 0.0002666666666666667
114 110 0.0004000000000000001
143 110  -0.4171000000000002
145 110 0.0002666666666666667
146 110              -0.1696
147 110 0.0002666666666666667
72 111 0.0002666666666666668
75 111              -0.4171
82 111              -0.4996
83 111 0.0002666666666666669
108 111 0.0004000000000000002
110 111  -0.4171000000000001
111 111    2.343200000000001
114 111 0.0002666666666666668
115 111 0.0004000000000000002
123 111 0.0002666666666666668
124 111              -0.4171
143 111 0.0002666666666666667
144 111  -0.4171000000000002
147 111              -0.1696
148 111 0.0002666666666666668
73 112  -0.2497999999999999
74 112 0.0002666666666666668
76 112  -0.1672999999999999
109 112 0.0001333333333333334
110 112  -0.4171000000000001
112 112               1.0066
113 112 0.0004000000000000001
116 112 0.0001333333333333334
145 112              -0.1673
146 112 0.0002666666666666667
149 112 -0.002300000000000001
74 113  -0.1695886549453794
76 113 0.0002666866697766937
110 113 0.0002666666666666667
112 113 0.0004000000000000001
113 113   0.3124060195429987
114 113  0.01478622382241684
116 113  0.01242652406269983
117 113  0.03333333333333334
118 113  0.06666666666666668
146 113 0.009211582568457586
149 113 0.006199721875651164
150 113  0.06666666666666667
151 113  0.03333333333333333
237 113  0.02021603187149319
238 113  0.02107638700929439
252 113 0.008788101335728004
253 113  0.01129075103561306
266 113  0.01938243385625556
267 113  0.01333602692034513
74 114 0.0002735137710383885
75 114  -0.1691697174561745
110 114 0.0004000000000000001
111 114 0.0002666666666666668
113 114  0.01478622382241684
114 114   0.3237274898451594
115 114  0.01953192144683433
118 114  0.03333333333333335
119 114  0.06666666666666668
146 114 0.008451494795083645
147 114   0.0132179278310532
151 114  0.06666666666666668
152 114  0.03333333333333334
238 114  0.02240068596767768
239 114  0.02441030204857153
253 114 0.006147908017617405
254 114  0.00519603051917028
267 114  0.01657537779221253
268 114 0.009095684064009752
75 115 0.000592806536191254
83 115  -0.1643120969289017
111 115 0.0004000000000000002
114 115  0.01953192144683433
115 115   0.3343862852816958
119 115  0.03333333333333333
120 115  0.06666666666666665
124 115 0.0004300909100907607
147 115  0.01433780207885763
148 115  0.02029239882334424
152 115  0.06666666666666665
153 115  0.03333333333333332
239 115  0.02448360083899193
242 115  0.02059335582654302
254 115 0.001745000859786022
255 115 6.236244167446807e-05
258 115  0.02350073636616939
268 115  0.01036126427420294
269 115 0.002024675896283319
76 116 -0.00230005183306708
80 116  0.01374610203101526
112 116 0.0001333333333333334
113 116  0.01242652406269983
116 116  0.09416423602757901
117 116  0.06666666666666668
121 116  0.03333333333333334
149 116 0.007522676991615836
150 116  0.03333333333333333
154 116  0.06666666666666667
237 116  0.01857223901429044
252 116  0.01417864031522079
256 116 0.002345277183031017
266 116  0.01524227172314547
270 116 0.006371194289319018
77 117    3875338.696275973
80 117  0.03333333333333333
85 117     331086932.598661
86 117     330420265.898764
113 117  0.03333333333333334
116 117  0.06666666666666668
117 117    1990432318.499402
118 117     331085437.960504
121 117     331084535.966207
150 117    331076117.1049244
154 117    330418853.6575207
240 117    2620459.489485218
248 117    2444121.431339431
251 117    3655284.814394226
77 118     2638016.38636919
78 118      3934954.3331562
86 118    331086932.5987642
87 118    330420265.8987641
113 118  0.06666666666666668
114 118  0.03333333333333335
117 118     331085437.960504
118 118    1990477580.673072
119 118    331086635.0225109
150 118    330419456.6584252
151 118    331082132.4731224
248 118    3767533.300313499
249 118    2544708.218682835
78 119    2660131.562470616
79 119    3989409.664703762
87 119    331086932.5987641
88 119     330420265.898764
114 119  0.06666666666666668
115 119  0.03333333333333333
118 119    331086635.0225109
119 119    1990515015.059514
120 119    331086931.6573694
151 119    330420133.2036885
152 119    331086337.9378191
249 119    3929075.363068228
250 119    2645815.801289128
79 120    2666638.820223443
84 120    3999977.717501956
88 120    331086932.5987641
89 120     330420265.898764
115 120  0.06666666666666665
119 120    331086931.6573694
120 120    1990521581.755505
125 120    2666638.820215969
126 120    331086932.5987641
152 120    330420265.6040682
153 120    331086931.6573682
250 120    3999243.082304582
80 121  0.06666666666666667
85 121    330420265.8987634
106 121    174058206.1049778
116 121  0.03333333333333334
