%%MatrixMarket matrix coordinate real general
1431 1431 45877
1 1 4.880800745845054e-08
4 1 5.872510922549978e-10
7 1 -8.56895318105175e-11
22 1 -8.394482644294411e-11
25 1 5.752245995481362e-10
28 1 2.205307013996718e-08
31 1 -3.8086890436973e-09
40 1 -3.702541235818467e-11
46 1 -2.409417679646131e-11
49 1 8.716634368837237e-10
52 1 -1.254773568621926e-10
55 1 -3.552712613182457e-11
70 1 -1.037975628264185e-07
76 1 -3.407826058790943e-09
79 1 -2.268105095726103e-09
82 1 -4.340368189511669e-08
85 1 -2.314797637573133e-09
91 1 -4.423302197251582e-08
94 1 -1.00772308486159e-07
2 2 4.880800745845054e-08
5 2 5.872510922549978e-10
8 2 -8.56895318105175e-11
23 2 -8.394482644294411e-11
26 2 5.752245995481362e-10
29 2 2.205307013996718e-08
32 2 -3.8086890436973e-09
41 2 -3.702541235818467e-11
47 2 -2.409417679646131e-11
50 2 8.716634368837237e-10
53 2 -1.254773568621926e-10
56 2 -3.552712613182457e-11
71 2 -1.037975628264185e-07
77 2 -3.407826058790943e-09
80 2 -2.268105095726103e-09
83 2 -4.340368189511669e-08
86 2 -2.314797637573133e-09
92 2 -4.423302197251582e-08
95 2 -1.00772308486159e-07
3 3 4.880800745845054e-08
6 3 5.872510922549978e-10
9 3 -8.56895318105175e-11
24 3 -8.394482644294411e-11
27 3 5.752245995481362e-10
30 3 2.205307013996718e-08
33 3 -3.8086890436973e-09
42 3 -3.702541235818467e-11
48 3 -2.409417679646131e-11
51 3 8.716634368837237e-10
54 3 -1.254773568621926e-10
57 3 -3.552712613182457e-11
72 3 -1.037975628264185e-07
78 3 -3.407826058790943e-09
81 3 -2.268105095726103e-09
84 3 -4.340368189511669e-08
87 3 -2.314797637573133e-09
93 3 -4.423302197251582e-08
96 3 -1.00772308486159e-07
1 4 5.872510922549978e-10
4 4 5.023809063819692e-08
7 4 -8.571062992217171e-11
10 4 6.091147045469202e-10
13 4 -8.88737187187769e-11
28 4 9.167008622550253e-10
31 4 -3.702432481114116e-11
34 4 2.331371461829261e-08
37 4 -2.626109866843667e-11
40 4 -1.321612286543034e-10
43 4 -4.035681671435273e-09
64 4 -3.982876319727041e-11
85 4 -1.065578696135506e-07
91 4 -3.585586776578253e-09
94 4 -2.314752629404519e-09
100 4 -4.573155299089216e-08
103 4 -2.39957457203108e-09
109 4 -4.701432115192318e-08
112 4 -1.038883341629583e-07
2 5 5.872510922549978e-10
5 5 5.023809063819692e-08
8 5 -8.571062992217171e-11
11 5 6.091147045469202e-10
14 5 -8.88737187187769e-11
29 5 9.167008622550253e-10
32 5 -3.702432481114116e-11
35 5 2.331371461829261e-08
38 5 -2.626109866843667e-11
41 5 -1.321612286543034e-10
44 5 -4.035681671435273e-09
65 5 -3.982876319727041e-11
86 5 -1.065578696135506e-07
92 5 -3.585586776578253e-09
95 5 -2.314752629404519e-09
101 5 -4.573155299089216e-08
104 5 -2.39957457203108e-09
110 5 -4.701432115192318e-08
113 5 -1.038883341629583e-07
3 6 5.872510922549978e-10
6 6 5.023809063819692e-08
9 6 -8.571062992217171e-11
12 6 6.091147045469202e-10
15 6 -8.88737187187769e-11
30 6 9.167008622550253e-10
33 6 -3.702432481114116e-11
36 6 2.331371461829261e-08
39 6 -2.626109866843667e-11
42 6 -1.321612286543034e-10
45 6 -4.035681671435273e-09
66 6 -3.982876319727041e-11
87 6 -1.065578696135506e-07
93 6 -3.585586776578253e-09
96 6 -2.314752629404519e-09
102 6 -4.573155299089216e-08
105 6 -2.39957457203108e-09
111 6 -4.701432115192318e-08
114 6 -1.038883341629583e-07
1 7 -8.56895318105175e-11
4 7 -8.571062992217171e-11
7 7 1.118253169400901e-11
28 7 -3.740638046641235e-11
31 7 4.677128031507651e-12
40 7 4.679303125594661e-12
85 7 3.437583821624393e-10
91 7 1.441842825235995e-10
94 7 3.436683658252101e-10
2 8 -8.56895318105175e-11
5 8 -8.571062992217171e-11
8 8 1.118253169400901e-11
29 8 -3.740638046641235e-11
32 8 4.677128031507651e-12
41 8 4.679303125594661e-12
86 8 3.437583821624393e-10
92 8 1.441842825235995e-10
95 8 3.436683658252101e-10
3 9 -8.56895318105175e-11
6 9 -8.571062992217171e-11
9 9 1.118253169400901e-11
30 9 -3.740638046641235e-11
33 9 4.677128031507651e-12
42 9 4.679303125594661e-12
87 9 3.437583821624393e-10
93 9 1.441842825235995e-10
96 9 3.436683658252101e-10
4 10 6.091147045469202e-10
10 10 5.258239750159111e-08
13 10 -8.891455019131119e-11
16 10 6.430281416279792e-10
19 10 -9.381615107677865e-11
34 10 1.001581167749765e-09
43 10 -3.982658034941172e-11
58 10 2.54418056526389e-08
61 10 -3.050397410003084e-11
64 10 -1.447767530899098e-10
67 10 -4.420819516851023e-09
103 10 -1.111950470733061e-07
109 10 -3.920942940133177e-09
112 10 -2.399487544798777e-09
118 10 -4.437861110840398e-11
121 10 -4.975923924590412e-08
124 10 -2.530867412430087e-09
130 10 -5.163049923418994e-08
133 10 -1.08869317058009e-07
5 11 6.091147045469202e-10
11 11 5.258239750159111e-08
14 11 -8.891455019131119e-11
17 11 6.430281416279792e-10
20 11 -9.381615107677865e-11
35 11 1.001581167749765e-09
44 11 -3.982658034941172e-11
59 11 2.54418056526389e-08
62 11 -3.050397410003084e-11
65 11 -1.447767530899098e-10
68 11 -4.420819516851023e-09
104 11 -1.111950470733061e-07
110 11 -3.920942940133177e-09
113 11 -2.399487544798777e-09
119 11 -4.437861110840398e-11
122 11 -4.975923924590412e-08
125 11 -2.530867412430087e-09
131 11 -5.163049923418994e-08
134 11 -1.08869317058009e-07
6 12 6.091147045469202e-10
12 12 5.258239750159111e-08
15 12 -8.891455019131119e-11
18 12 6.430281416279792e-10
21 12 -9.381615107677865e-11
36 12 1.001581167749765e-09
45 12 -3.982658034941172e-11
60 12 2.54418056526389e-08
63 12 -3.050397410003084e-11
66 12 -1.447767530899098e-10
69 12 -4.420819516851023e-09
105 12 -1.111950470733061e-07
111 12 -3.920942940133177e-09
114 12 -2.399487544798777e-09
120 12 -4.437861110840398e-11
123 12 -4.975923924590412e-08
126 12 -2.530867412430087e-09
132 12 -5.163049923418994e-08
135 12 -1.08869317058009e-07
4 13 -8.88737187187769e-11
10 13 -8.891455019131119e-11
13 13 1.159964470088059e-11
34 13 -4.016035919895537e-11
43 13 5.030603589973305e-12
64 13 5.034969285690622e-12
103 13 3.564306026158257e-10
109 13 1.549432755067607e-10
112 13 3.56256548151222e-10
5 14 -8.88737187187769e-11
11 14 -8.891455019131119e-11
14 14 1.159964470088059e-11
35 14 -4.016035919895537e-11
44 14 5.030603589973305e-12
65 14 5.034969285690622e-12
104 14 3.564306026158257e-10
110 14 1.549432755067607e-10
113 14 3.56256548151222e-10
6 15 -8.88737187187769e-11
12 15 -8.891455019131119e-11
15 15 1.159964470088059e-11
36 15 -4.016035919895537e-11
45 15 5.030603589973305e-12
66 15 5.034969285690622e-12
105 15 3.564306026158257e-10
111 15 1.549432755067607e-10
114 15 3.56256548151222e-10
10 16 6.430281416279792e-10
16 16 5.609508441033923e-08
19 16 -9.388184640139704e-11
58 16 1.142147184206186e-09
67 16 -4.437490451159081e-11
118 16 -1.65755761152542e-10
124 16 -1.18209481687597e-07
130 16 -4.477095292525517e-09
133 16 -2.53072758406414e-09
139 16 2.877948301853444e-08
142 16 -3.803398779529011e-11
145 16 -5.029647846300709e-09
148 16 6.929135378221746e-10
151 16 -1.010895041272949e-10
154 16 -5.151476302911629e-11
157 16 -5.614965669617636e-08
160 16 -2.723548106539088e-09
166 16 -5.884428156884899e-08
169 16 -1.162331366460078e-07
11 17 6.430281416279792e-10
17 17 5.609508441033923e-08
20 17 -9.388184640139704e-11
59 17 1.142147184206186e-09
68 17 -4.437490451159081e-11
119 17 -1.65755761152542e-10
125 17 -1.18209481687597e-07
131 17 -4.477095292525517e-09
134 17 -2.53072758406414e-09
140 17 2.877948301853444e-08
143 17 -3.803398779529011e-11
146 17 -5.029647846300709e-09
149 17 6.929135378221746e-10
152 17 -1.010895041272949e-10
155 17 -5.151476302911629e-11
158 17 -5.614965669617636e-08
161 17 -2.723548106539088e-09
167 17 -5.884428156884899e-08
170 17 -1.162331366460078e-07
12 18 6.430281416279792e-10
18 18 5.609508441033923e-08
21 18 -9.388184640139704e-11
60 18 1.142147184206186e-09
69 18 -4.437490451159081e-11
120 18 -1.65755761152542e-10
126 18 -1.18209481687597e-07
132 18 -4.477095292525517e-09
135 18 -2.53072758406414e-09
141 18 2.877948301853444e-08
144 18 -3.803398779529011e-11
147 18 -5.029647846300709e-09
150 18 6.929135378221746e-10
153 18 -1.010895041272949e-10
156 18 -5.151476302911629e-11
159 18 -5.614965669617636e-08
162 18 -2.723548106539088e-09
168 18 -5.884428156884899e-08
171 18 -1.162331366460078e-07
10 19 -9.381615107677865e-11
16 19 -9.388184640139704e-11
19 19 1.224674757319691e-11
58 19 -4.461321456807666e-11
67 19 5.604655087546722e-12
118 19 5.612068281173008e-12
124 19 3.760508407283237e-10
130 19 1.723715830717879e-10
133 19 3.757711839964253e-10
11 20 -9.381615107677865e-11
17 20 -9.388184640139704e-11
20 20 1.224674757319691e-11
59 20 -4.461321456807666e-11
68 20 5.604655087546722e-12
119 20 5.612068281173008e-12
125 20 3.760508407283237e-10
131 20 1.723715830717879e-10
134 20 3.757711839964253e-10
12 21 -9.381615107677865e-11
18 21 -9.388184640139704e-11
21 21 1.224674757319691e-11
60 21 -4.461321456807666e-11
69 21 5.604655087546722e-12
120 21 5.612068281173008e-12
126 21 3.760508407283237e-10
132 21 1.723715830717879e-10
135 21 3.757711839964253e-10
1 22 -8.394482644294411e-11
22 22 1.095301419992316e-11
25 22 -8.394077136146951e-11
49 22 -3.593136820398267e-11
52 22 4.488926923127166e-12
55 22 4.488517537357031e-12
70 22 3.367676354807736e-10
76 22 1.384284711342574e-10
79 22 3.367503254022414e-10
2 23 -8.394482644294411e-11
23 23 1.095301419992316e-11
26 23 -8.394077136146951e-11
50 23 -3.593136820398267e-11
53 23 4.488926923127166e-12
56 23 4.488517537357031e-12
71 23 3.367676354807736e-10
77 23 1.384284711342574e-10
80 23 3.367503254022414e-10
3 24 -8.394482644294411e-11
24 24 1.095301419992316e-11
27 24 -8.394077136146951e-11
51 24 -3.593136820398267e-11
54 24 4.488926923127166e-12
57 24 4.488517537357031e-12
72 24 3.367676354807736e-10
78 24 1.384284711342574e-10
81 24 3.367503254022414e-10
1 25 5.752245995481362e-10
22 25 -8.394077136146951e-11
25 25 4.622232965476503e-08
49 25 2.109401491936144e-08
52 25 -3.552733082470955e-11
55 25 -3.650328884981502e-09
70 25 -2.268113750765372e-09
76 25 -4.287717673673266e-08
79 25 -9.921988756124368e-08
178 25 -4.092780776950813e-08
181 25 -9.475607641676467e-08
2 26 5.752245995481362e-10
23 26 -8.394077136146951e-11
26 26 4.622232965476503e-08
50 26 2.109401491936144e-08
53 26 -3.552733082470955e-11
56 26 -3.650328884981502e-09
71 26 -2.268113750765372e-09
77 26 -4.287717673673266e-08
80 26 -9.921988756124368e-08
179 26 -4.092780776950813e-08
182 26 -9.475607641676467e-08
3 27 5.752245995481362e-10
24 27 -8.394077136146951e-11
27 27 4.622232965476503e-08
51 27 2.109401491936144e-08
54 27 -3.552733082470955e-11
57 27 -3.650328884981502e-09
72 27 -2.268113750765372e-09
78 27 -4.287717673673266e-08
81 27 -9.921988756124368e-08
180 27 -4.092780776950813e-08
183 27 -9.475607641676467e-08
1 28 2.205307013996718e-08
4 28 9.167008622550253e-10
7 28 -3.740638046641235e-11
28 28 2.140737713579669e-07
31 28 -3.233667155221697e-09
34 28 2.298491854284139e-09
37 28 -2.777255087719494e-10
40 28 -1.12385586220481e-10
43 28 -2.653106425750682e-11
46 28 -2.248738764291232e-10
49 28 1.891486392760421e-09
52 28 -2.436233547305223e-11
70 28 -4.404899351419094e-08
76 28 -6.99156105305775e-09
82 28 -3.61450708004326e-07
85 28 -3.628358338005332e-09
91 28 -4.528086999577834e-07
94 28 -4.487143216918936e-08
100 28 -8.385740516965257e-09
187 28 -7.529069757147601e-08
190 28 3.390682489498978e-07
193 28 -5.548852946176829e-10
199 28 -7.912752250278002e-10
202 28 5.902043497840694e-08
205 28 -1.088904274661393e-08
208 28 -2.973929401806713e-08
2 29 2.205307013996718e-08
5 29 9.167008622550253e-10
8 29 -3.740638046641235e-11
29 29 2.140737713579669e-07
32 29 -3.233667155221697e-09
35 29 2.298491854284139e-09
38 29 -2.777255087719494e-10
41 29 -1.12385586220481e-10
44 29 -2.653106425750682e-11
47 29 -2.248738764291232e-10
50 29 1.891486392760421e-09
53 29 -2.436233547305223e-11
71 29 -4.404899351419094e-08
77 29 -6.99156105305775e-09
83 29 -3.61450708004326e-07
86 29 -3.628358338005332e-09
92 29 -4.528086999577834e-07
95 29 -4.487143216918936e-08
101 29 -8.385740516965257e-09
188 29 -7.529069757147601e-08
191 29 3.390682489498978e-07
194 29 -5.548852946176829e-10
200 29 -7.912752250278002e-10
203 29 5.902043497840694e-08
206 29 -1.088904274661393e-08
209 29 -2.973929401806713e-08
3 30 2.205307013996718e-08
6 30 9.167008622550253e-10
9 30 -3.740638046641235e-11
30 30 2.140737713579669e-07
33 30 -3.233667155221697e-09
36 30 2.298491854284139e-09
39 30 -2.777255087719494e-10
42 30 -1.12385586220481e-10
45 30 -2.653106425750682e-11
48 30 -2.248738764291232e-10
51 30 1.891486392760421e-09
54 30 -2.436233547305223e-11
72 30 -4.404899351419094e-08
78 30 -6.99156105305775e-09
84 30 -3.61450708004326e-07
87 30 -3.628358338005332e-09
93 30 -4.528086999577834e-07
96 30 -4.487143216918936e-08
102 30 -8.385740516965257e-09
189 30 -7.529069757147601e-08
192 30 3.390682489498978e-07
195 30 -5.548852946176829e-10
201 30 -7.912752250278002e-10
204 30 5.902043497840694e-08
207 30 -1.088904274661393e-08
210 30 -2.973929401806713e-08
1 31 -3.8086890436973e-09
4 31 -3.702432481114116e-11
7 31 4.677128031507651e-12
28 31 -3.233667155221697e-09
31 31 4.860152551688703e-10
40 31 3.915191815052211e-12
46 31 2.506904532892334e-12
49 31 -2.436741950937023e-11
52 31 3.043221886074197e-12
70 31 7.739876573050835e-09
76 31 9.441628807877064e-11
82 31 6.449253334902055e-09
85 31 1.441842825235995e-10
91 31 6.600122760424857e-09
94 31 7.87694315377194e-09
2 32 -3.8086890436973e-09
5 32 -3.702432481114116e-11
8 32 4.677128031507651e-12
29 32 -3.233667155221697e-09
32 32 4.860152551688703e-10
41 32 3.915191815052211e-12
47 32 2.506904532892334e-12
50 32 -2.436741950937023e-11
53 32 3.043221886074197e-12
71 32 7.739876573050835e-09
77 32 9.441628807877064e-11
83 32 6.449253334902055e-09
86 32 1.441842825235995e-10
92 32 6.600122760424857e-09
95 32 7.87694315377194e-09
3 33 -3.8086890436973e-09
6 33 -3.702432481114116e-11
9 33 4.677128031507651e-12
30 33 -3.233667155221697e-09
33 33 4.860152551688703e-10
42 33 3.915191815052211e-12
48 33 2.506904532892334e-12
51 33 -2.436741950937023e-11
54 33 3.043221886074197e-12
72 33 7.739876573050835e-09
78 33 9.441628807877064e-11
84 33 6.449253334902055e-09
87 33 1.441842825235995e-10
93 33 6.600122760424857e-09
96 33 7.87694315377194e-09
4 34 2.331371461829261e-08
10 34 1.001581167749765e-09
13 34 -4.016035919895537e-11
28 34 2.298491854284139e-09
34 34 2.755153879174816e-07
37 34 -2.79636774761722e-10
40 34 -2.652305208076771e-11
43 34 -3.51698874046212e-09
58 34 3.363884435221121e-09
61 34 -4.212925532956575e-10
64 34 -1.27254227486172e-10
67 34 -3.075852933090985e-11
85 34 -4.632223330011292e-08
91 34 -8.381969456084355e-09
100 34 -4.30152819678047e-07
103 34 -3.958900431660112e-09
109 34 -5.89365107965874e-07
112 34 -4.758360130905639e-08
121 34 -1.184617296529038e-08
199 34 -1.168822690112368e-07
202 34 4.560587659854561e-07
205 34 -7.909050212096577e-10
217 34 -1.595293530796122e-09
220 34 1.039158891923383e-07
223 34 -2.499269668302103e-08
226 34 -8.076860195482894e-08
5 35 2.331371461829261e-08
11 35 1.001581167749765e-09
14 35 -4.016035919895537e-11
29 35 2.298491854284139e-09
35 35 2.755153879174816e-07
38 35 -2.79636774761722e-10
41 35 -2.652305208076771e-11
44 35 -3.51698874046212e-09
59 35 3.363884435221121e-09
62 35 -4.212925532956575e-10
65 35 -1.27254227486172e-10
68 35 -3.075852933090985e-11
86 35 -4.632223330011292e-08
92 35 -8.381969456084355e-09
101 35 -4.30152819678047e-07
104 35 -3.958900431660112e-09
110 35 -5.89365107965874e-07
113 35 -4.758360130905639e-08
122 35 -1.184617296529038e-08
200 35 -1.168822690112368e-07
203 35 4.560587659854561e-07
206 35 -7.909050212096577e-10
218 35 -1.595293530796122e-09
221 35 1.039158891923383e-07
224 35 -2.499269668302103e-08
227 35 -8.076860195482894e-08
6 36 2.331371461829261e-08
12 36 1.001581167749765e-09
15 36 -4.016035919895537e-11
30 36 2.298491854284139e-09
36 36 2.755153879174816e-07
39 36 -2.79636774761722e-10
42 36 -2.652305208076771e-11
45 36 -3.51698874046212e-09
60 36 3.363884435221121e-09
63 36 -4.212925532956575e-10
66 36 -1.27254227486172e-10
69 36 -3.075852933090985e-11
87 36 -4.632223330011292e-08
93 36 -8.381969456084355e-09
102 36 -4.30152819678047e-07
105 36 -3.958900431660112e-09
111 36 -5.89365107965874e-07
114 36 -4.758360130905639e-08
123 36 -1.184617296529038e-08
201 36 -1.168822690112368e-07
204 36 4.560587659854561e-07
207 36 -7.909050212096577e-10
219 36 -1.595293530796122e-09
222 36 1.039158891923383e-07
225 36 -2.499269668302103e-08
228 36 -8.076860195482894e-08
4 37 -2.626109866843667e-11
28 37 -2.777255087719494e-10
34 37 -2.79636774761722e-10
37 37 3.000968983444563e-11
40 37 2.777867019365295e-12
43 37 2.793891372843454e-12
85 37 1.027904344790437e-10
91 37 1.040548159864266e-09
100 37 1.048090281626064e-09
199 37 8.299917229645061e-11
202 37 -5.595267217775599e-10
205 37 8.225876466016651e-11
5 38 -2.626109866843667e-11
29 38 -2.777255087719494e-10
35 38 -2.79636774761722e-10
38 38 3.000968983444563e-11
41 38 2.777867019365295e-12
44 38 2.793891372843454e-12
86 38 1.027904344790437e-10
92 38 1.040548159864266e-09
101 38 1.048090281626064e-09
200 38 8.299917229645061e-11
203 38 -5.595267217775599e-10
206 38 8.225876466016651e-11
6 39 -2.626109866843667e-11
30 39 -2.777255087719494e-10
36 39 -2.79636774761722e-10
39 39 3.000968983444563e-11
42 39 2.777867019365295e-12
45 39 2.793891372843454e-12
87 39 1.027904344790437e-10
93 39 1.040548159864266e-09
102 39 1.048090281626064e-09
201 39 8.299917229645061e-11
204 39 -5.595267217775599e-10
207 39 8.225876466016651e-11
1 40 -3.702541235818467e-11
4 40 -1.321612286543034e-10
7 40 4.679303125594661e-12
28 40 -1.12385586220481e-10
31 40 3.915191815052211e-12
34 40 -2.652305208076771e-11
37 40 2.777867019365295e-12
40 40 1.443501708916805e-11
43 40 3.317798197505525e-12
85 40 5.320811958447793e-10
91 40 4.465380729906148e-10
94 40 1.441842825235996e-10
100 40 1.027904344790437e-10
2 41 -3.702541235818467e-11
5 41 -1.321612286543034e-10
8 41 4.679303125594661e-12
29 41 -1.12385586220481e-10
32 41 3.915191815052211e-12
35 41 -2.652305208076771e-11
38 41 2.777867019365295e-12
41 41 1.443501708916805e-11
44 41 3.317798197505525e-12
86 41 5.320811958447793e-10
92 41 4.465380729906148e-10
95 41 1.441842825235996e-10
101 41 1.027904344790437e-10
3 42 -3.702541235818467e-11
6 42 -1.321612286543034e-10
9 42 4.679303125594661e-12
30 42 -1.12385586220481e-10
33 42 3.915191815052211e-12
36 42 -2.652305208076771e-11
39 42 2.777867019365295e-12
42 42 1.443501708916805e-11
45 42 3.317798197505525e-12
87 42 5.320811958447793e-10
93 42 4.465380729906148e-10
96 42 1.441842825235996e-10
102 42 1.027904344790437e-10
4 43 -4.035681671435273e-09
10 43 -3.982658034941172e-11
13 43 5.030603589973305e-12
28 43 -2.653106425750682e-11
34 43 -3.51698874046212e-09
37 43 2.793891372843454e-12
40 43 3.317798197505525e-12
43 43 5.30138385135311e-10
64 43 4.367411586603325e-12
85 43 8.157386504089216e-09
91 43 1.027904344790437e-10
100 43 6.976025885647764e-09
103 43 1.549432755067607e-10
109 43 7.23636469820879e-09
112 43 8.374925012475381e-09
5 44 -4.035681671435273e-09
11 44 -3.982658034941172e-11
14 44 5.030603589973305e-12
29 44 -2.653106425750682e-11
35 44 -3.51698874046212e-09
38 44 2.793891372843454e-12
41 44 3.317798197505525e-12
44 44 5.30138385135311e-10
65 44 4.367411586603325e-12
86 44 8.157386504089216e-09
92 44 1.027904344790437e-10
101 44 6.976025885647764e-09
104 44 1.549432755067607e-10
110 44 7.23636469820879e-09
113 44 8.374925012475381e-09
6 45 -4.035681671435273e-09
12 45 -3.982658034941172e-11
15 45 5.030603589973305e-12
30 45 -2.653106425750682e-11
36 45 -3.51698874046212e-09
39 45 2.793891372843454e-12
42 45 3.317798197505525e-12
45 45 5.30138385135311e-10
66 45 4.367411586603325e-12
87 45 8.157386504089216e-09
93 45 1.027904344790437e-10
102 45 6.976025885647764e-09
105 45 1.549432755067607e-10
111 45 7.23636469820879e-09
114 45 8.374925012475381e-09
1 46 -2.409417679646131e-11
28 46 -2.248738764291232e-10
31 46 2.506904532892334e-12
46 46 2.36219727733486e-11
49 46 -2.239111775152255e-10
52 46 2.49673646025636e-12
70 46 9.441628807877065e-11
76 46 8.482009119892416e-10
82 46 8.520680440515215e-10
187 46 5.689675630431917e-11
190 46 -4.166616360225192e-10
193 46 5.659868365281927e-11
2 47 -2.409417679646131e-11
29 47 -2.248738764291232e-10
32 47 2.506904532892334e-12
47 47 2.36219727733486e-11
50 47 -2.239111775152255e-10
53 47 2.49673646025636e-12
71 47 9.441628807877065e-11
77 47 8.482009119892416e-10
83 47 8.520680440515215e-10
188 47 5.689675630431917e-11
191 47 -4.166616360225192e-10
194 47 5.659868365281927e-11
3 48 -2.409417679646131e-11
30 48 -2.248738764291232e-10
33 48 2.506904532892334e-12
48 48 2.36219727733486e-11
51 48 -2.239111775152255e-10
54 48 2.49673646025636e-12
72 48 9.441628807877065e-11
78 48 8.482009119892416e-10
84 48 8.520680440515215e-10
189 48 5.689675630431917e-11
192 48 -4.166616360225192e-10
195 48 5.659868365281927e-11
1 49 8.716634368837237e-10
22 49 -3.593136820398267e-11
25 49 2.109401491936144e-08
28 49 1.891486392760421e-09
31 49 -2.436741950937023e-11
46 49 -2.239111775152255e-10
49 49 1.884887252700729e-07
52 49 -1.047240327377317e-10
55 49 -3.061308973568009e-09
70 49 -3.452673680914414e-09
76 49 -3.99871849372753e-07
79 49 -4.354582275367304e-08
82 49 -6.993494619088896e-09
178 49 -3.23946336950942e-07
181 49 -4.157370106241014e-08
187 49 -5.55034330943434e-10
190 49 4.302860754057486e-08
193 49 -7.198955808440048e-09
235 49 -1.811987559808482e-08
238 49 -6.132690539227397e-08
241 49 2.900600191186076e-07
244 49 -7.884621687815109e-07
247 49 -6.272101930668489e-07
2 50 8.716634368837237e-10
23 50 -3.593136820398267e-11
26 50 2.109401491936144e-08
29 50 1.891486392760421e-09
32 50 -2.436741950937023e-11
47 50 -2.239111775152255e-10
50 50 1.884887252700729e-07
53 50 -1.047240327377317e-10
56 50 -3.061308973568009e-09
71 50 -3.452673680914414e-09
77 50 -3.99871849372753e-07
80 50 -4.354582275367304e-08
83 50 -6.993494619088896e-09
179 50 -3.23946336950942e-07
182 50 -4.157370106241014e-08
188 50 -5.55034330943434e-10
191 50 4.302860754057486e-08
194 50 -7.198955808440048e-09
236 50 -1.811987559808482e-08
239 50 -6.132690539227397e-08
242 50 2.900600191186076e-07
245 50 -7.884621687815109e-07
248 50 -6.272101930668489e-07
3 51 8.716634368837237e-10
24 51 -3.593136820398267e-11
27 51 2.109401491936144e-08
30 51 1.891486392760421e-09
33 51 -2.436741950937023e-11
48 51 -2.239111775152255e-10
51 51 1.884887252700729e-07
54 51 -1.047240327377317e-10
57 51 -3.061308973568009e-09
72 51 -3.452673680914414e-09
78 51 -3.99871849372753e-07
81 51 -4.354582275367304e-08
84 51 -6.993494619088896e-09
180 51 -3.23946336950942e-07
183 51 -4.157370106241014e-08
189 51 -5.55034330943434e-10
192 51 4.302860754057486e-08
195 51 -7.198955808440048e-09
237 51 -1.811987559808482e-08
240 51 -6.132690539227397e-08
243 51 2.900600191186076e-07
246 51 -7.884621687815109e-07
249 51 -6.272101930668489e-07
1 52 -1.254773568621926e-10
22 52 4.488926923127166e-12
25 52 -3.552733082470955e-11
28 52 -2.436233547305223e-11
31 52 3.043221886074197e-12
46 52 2.49673646025636e-12
49 52 -1.047240327377317e-10
52 52 1.342426998477679e-11
55 52 3.680442778810895e-12
70 52 5.055080725763918e-10
76 52 4.158128283294481e-10
79 52 1.384284711342574e-10
82 52 9.441628807877064e-11
2 53 -1.254773568621926e-10
23 53 4.488926923127166e-12
26 53 -3.552733082470955e-11
29 53 -2.436233547305223e-11
32 53 3.043221886074197e-12
47 53 2.49673646025636e-12
50 53 -1.047240327377317e-10
53 53 1.342426998477679e-11
56 53 3.680442778810895e-12
71 53 5.055080725763918e-10
77 53 4.158128283294481e-10
80 53 1.384284711342574e-10
83 53 9.441628807877064e-11
3 54 -1.254773568621926e-10
24 54 4.488926923127166e-12
27 54 -3.552733082470955e-11
30 54 -2.436233547305223e-11
33 54 3.043221886074197e-12
48 54 2.49673646025636e-12
51 54 -1.047240327377317e-10
54 54 1.342426998477679e-11
57 54 3.680442778810895e-12
72 54 5.055080725763918e-10
78 54 4.158128283294481e-10
81 54 1.384284711342574e-10
84 54 9.441628807877064e-11
1 55 -3.552712613182457e-11
22 55 4.488517537357031e-12
25 55 -3.650328884981502e-09
49 55 -3.061308973568009e-09
52 55 3.680442778810895e-12
55 55 4.60524249728159e-10
70 55 1.384284711342573e-10
76 55 6.29744071070923e-09
79 55 7.634732744589958e-09
178 55 6.051058882850425e-09
181 55 7.342845468654542e-09
2 56 -3.552712613182457e-11
23 56 4.488517537357031e-12
26 56 -3.650328884981502e-09
50 56 -3.061308973568009e-09
53 56 3.680442778810895e-12
56 56 4.60524249728159e-10
71 56 1.384284711342573e-10
77 56 6.29744071070923e-09
80 56 7.634732744589958e-09
179 56 6.051058882850425e-09
182 56 7.342845468654542e-09
3 57 -3.552712613182457e-11
24 57 4.488517537357031e-12
27 57 -3.650328884981502e-09
51 57 -3.061308973568009e-09
54 57 3.680442778810895e-12
57 57 4.60524249728159e-10
72 57 1.384284711342573e-10
78 57 6.29744071070923e-09
81 57 7.634732744589958e-09
180 57 6.051058882850425e-09
183 57 7.342845468654542e-09
10 58 2.54418056526389e-08
16 58 1.142147184206186e-09
19 58 -4.461321456807666e-11
34 58 3.363884435221121e-09
58 58 4.534580438631582e-07
61 58 -4.257255384019157e-10
64 58 -3.074560040715775e-11
67 58 -4.013111410159934e-09
103 58 -5.023980321675436e-08
109 58 -1.183779517630752e-08
118 58 -1.52980693029724e-10
121 58 -5.825085069600351e-07
124 58 -4.504835280740919e-09
130 58 -9.476484503276876e-07
133 58 -5.206424773406933e-08
139 58 7.035157527480955e-09
142 58 -9.275807496302722e-10
145 58 -3.823728959258331e-11
157 58 -2.176079868825715e-08
217 58 -2.671671582878222e-07
220 58 7.367867333618126e-07
223 58 -1.594038134683779e-09
250 58 2.133529895911945e-11
253 58 -8.401251395656287e-13
256 58 -2.700200913600391e-14
259 58 -6.771792731680172e-12
262 58 -6.388013919094948e-09
268 58 -7.849384469361607e-11
271 58 -1.208404447500938e-07
11 59 2.54418056526389e-08
17 59 1.142147184206186e-09
20 59 -4.461321456807666e-11
35 59 3.363884435221121e-09
59 59 4.534580438631582e-07
62 59 -4.257255384019157e-10
65 59 -3.074560040715775e-11
68 59 -4.013111410159934e-09
104 59 -5.023980321675436e-08
110 59 -1.183779517630752e-08
119 59 -1.52980693029724e-10
122 59 -5.825085069600351e-07
125 59 -4.504835280740919e-09
131 59 -9.476484503276876e-07
134 59 -5.206424773406933e-08
140 59 7.035157527480955e-09
143 59 -9.275807496302722e-10
146 59 -3.823728959258331e-11
158 59 -2.176079868825715e-08
218 59 -2.671671582878222e-07
221 59 7.367867333618126e-07
224 59 -1.594038134683779e-09
251 59 2.133529895911945e-11
254 59 -8.401251395656287e-13
257 59 -2.700200913600391e-14
260 59 -6.771792731680172e-12
263 59 -6.388013919094948e-09
269 59 -7.849384469361607e-11
272 59 -1.208404447500938e-07
12 60 2.54418056526389e-08
18 60 1.142147184206186e-09
21 60 -4.461321456807666e-11
36 60 3.363884435221121e-09
60 60 4.534580438631582e-07
63 60 -4.257255384019157e-10
66 60 -3.074560040715775e-11
69 60 -4.013111410159934e-09
105 60 -5.023980321675436e-08
111 60 -1.183779517630752e-08
120 60 -1.52980693029724e-10
123 60 -5.825085069600351e-07
126 60 -4.504835280740919e-09
132 60 -9.476484503276876e-07
135 60 -5.206424773406933e-08
141 60 7.035157527480955e-09
144 60 -9.275807496302722e-10
147 60 -3.823728959258331e-11
159 60 -2.176079868825715e-08
219 60 -2.671671582878222e-07
222 60 7.367867333618126e-07
225 60 -1.594038134683779e-09
252 60 2.133529895911945e-11
255 60 -8.401251395656287e-13
258 60 -2.700200913600391e-14
261 60 -6.771792731680172e-12
264 60 -6.388013919094948e-09
270 60 -7.849384469361607e-11
273 60 -1.208404447500938e-07
10 61 -3.050397410003084e-11
34 61 -4.212925532956575e-10
58 61 -4.257255384019157e-10
61 61 4.74357381326113e-11
64 61 3.346060660241782e-12
67 61 3.371918507745919e-12
103 61 1.191530883541355e-10
109 61 1.533315219480195e-09
121 61 1.550070797445928e-09
217 61 1.739680365073421e-10
220 61 -9.49952022589153e-10
223 61 1.714572442826598e-10
11 62 -3.050397410003084e-11
35 62 -4.212925532956575e-10
59 62 -4.257255384019157e-10
62 62 4.74357381326113e-11
65 62 3.346060660241782e-12
68 62 3.371918507745919e-12
104 62 1.191530883541355e-10
110 62 1.533315219480195e-09
122 62 1.550070797445928e-09
218 62 1.739680365073421e-10
221 62 -9.49952022589153e-10
224 62 1.714572442826598e-10
12 63 -3.050397410003084e-11
36 63 -4.212925532956575e-10
60 63 -4.257255384019157e-10
63 63 4.74357381326113e-11
66 63 3.346060660241782e-12
69 63 3.371918507745919e-12
105 63 1.191530883541355e-10
111 63 1.533315219480195e-09
123 63 1.550070797445928e-09
219 63 1.739680365073421e-10
222 63 -9.49952022589153e-10
225 63 1.714572442826598e-10
4 64 -3.982876319727041e-11
10 64 -1.447767530899098e-10
13 64 5.034969285690622e-12
34 64 -1.27254227486172e-10
43 64 4.367411586603325e-12
58 64 -3.074560040715775e-11
61 64 3.346060660241782e-12
64 64 1.640060525373389e-11
67 64 3.855171121999794e-12
103 64 5.821611191263062e-10
109 64 5.062461360724411e-10
112 64 1.549432755067608e-10
121 64 1.191530883541355e-10
5 65 -3.982876319727041e-11
11 65 -1.447767530899098e-10
14 65 5.034969285690622e-12
35 65 -1.27254227486172e-10
44 65 4.367411586603325e-12
59 65 -3.074560040715775e-11
62 65 3.346060660241782e-12
65 65 1.640060525373389e-11
68 65 3.855171121999794e-12
104 65 5.821611191263062e-10
110 65 5.062461360724411e-10
113 65 1.549432755067608e-10
122 65 1.191530883541355e-10
6 66 -3.982876319727041e-11
12 66 -1.447767530899098e-10
15 66 5.034969285690622e-12
36 66 -1.27254227486172e-10
45 66 4.367411586603325e-12
60 66 -3.074560040715775e-11
63 66 3.346060660241782e-12
66 66 1.640060525373389e-11
69 66 3.855171121999794e-12
105 66 5.821611191263062e-10
111 66 5.062461360724411e-10
114 66 1.549432755067608e-10
123 66 1.191530883541355e-10
10 67 -4.420819516851023e-09
16 67 -4.437490451159081e-11
19 67 5.604655087546722e-12
34 67 -3.075852933090985e-11
58 67 -4.013111410159934e-09
61 67 3.371918507745919e-12
64 67 3.855171121999794e-12
67 67 6.078454011175149e-10
103 67 8.879838504535738e-09
109 67 1.191530883541355e-10
118 67 5.135448168201443e-12
121 67 7.918710562835381e-09
124 67 1.723715830717879e-10
130 67 8.335440834005092e-09
133 67 9.202937833763623e-09
11 68 -4.420819516851023e-09
17 68 -4.437490451159081e-11
20 68 5.604655087546722e-12
35 68 -3.075852933090985e-11
59 68 -4.013111410159934e-09
62 68 3.371918507745919e-12
65 68 3.855171121999794e-12
68 68 6.078454011175149e-10
104 68 8.879838504535738e-09
110 68 1.191530883541355e-10
119 68 5.135448168201443e-12
122 68 7.918710562835381e-09
125 68 1.723715830717879e-10
131 68 8.335440834005092e-09
134 68 9.202937833763623e-09
12 69 -4.420819516851023e-09
18 69 -4.437490451159081e-11
21 69 5.604655087546722e-12
36 69 -3.075852933090985e-11
60 69 -4.013111410159934e-09
63 69 3.371918507745919e-12
66 69 3.855171121999794e-12
69 69 6.078454011175149e-10
105 69 8.879838504535738e-09
111 69 1.191530883541355e-10
120 69 5.135448168201443e-12
123 69 7.918710562835381e-09
126 69 1.723715830717879e-10
132 69 8.335440834005092e-09
135 69 9.202937833763623e-09
1 70 -1.037975628264185e-07
22 70 3.367676354807736e-10
25 70 -2.268113750765372e-09
28 70 -4.404899351419094e-08
31 70 7.739876573050835e-09
46 70 9.441628807877065e-11
49 70 -3.452673680914414e-09
52 70 5.055080725763918e-10
55 70 1.384284711342573e-10
70 70 3.008860728050991e-07
76 70 1.348815472019768e-08
79 70 8.934009221848696e-09
82 70 1.183012176008674e-07
91 70 5.650971692966931e-08
94 70 1.346133072553262e-07
2 71 -1.037975628264185e-07
23 71 3.367676354807736e-10
26 71 -2.268113750765372e-09
29 71 -4.404899351419094e-08
32 71 7.739876573050835e-09
47 71 9.441628807877065e-11
50 71 -3.452673680914414e-09
53 71 5.055080725763918e-10
56 71 1.384284711342573e-10
71 71 3.008860728050991e-07
77 71 1.348815472019768e-08
80 71 8.934009221848696e-09
83 71 1.183012176008674e-07
92 71 5.650971692966931e-08
95 71 1.346133072553262e-07
3 72 -1.037975628264185e-07
24 72 3.367676354807736e-10
27 72 -2.268113750765372e-09
30 72 -4.404899351419094e-08
33 72 7.739876573050835e-09
48 72 9.441628807877065e-11
51 72 -3.452673680914414e-09
54 72 5.055080725763918e-10
57 72 1.384284711342573e-10
72 72 3.008860728050991e-07
78 72 1.348815472019768e-08
81 72 8.934009221848696e-09
84 72 1.183012176008674e-07
93 72 5.650971692966931e-08
96 72 1.346133072553262e-07
73 73    0.353773438510286
74 73 -0.03872630978449663
75 73 -0.00305308276439221
88 73  0.01122901912676767
89 73 -0.007354537091138548
90 73 -0.0001964412500653738
97 73 -0.07800606806225754
98 73  0.03797668295257239
99 73 9.061145048678046e-05
175 73 -0.04563744731336825
176 73  0.01315636060736983
177 73 6.943564839501085e-05
184 73  0.01133562675697009
185 73 -0.005004778567552526
186 73 -0.0001356594780006111
196 73  -0.2672061459727635
197 73  0.05828587545071097
198 73  0.05451094748237875
211 73  0.03443639244150903
212 73 -0.02026255870163666
213 73 -0.009439842075450983
283 73 -0.0007971948704538866
284 73 1.500002428866569e-05
285 73 0.0003265293369450877
286 73 -0.001463974233366793
287 73 -6.670909534094338e-05
288 73 0.001708493849020112
289 73 0.003570219735368735
290 73 0.0003346091937667506
291 73 -0.003720305388770277
292 73 0.0002626048228036351
293 73 -3.664298339209613e-05
294 73 3.664298339209615e-05
295 73 0.003295441719289359
296 73 -3.243543329397777e-05
297 73 -0.004079675087782085
298 73 2.684123591177037e-05
299 73 -4.026185386765557e-05
300 73 -0.0002059396998187269
302 73 6.68153541061963e-05
303 73 0.0004023809498841013
304 73 0.0001095492433526411
305 73 -0.0002923720129924471
306 73 -0.001397954904869477
307 73 -0.0001408490271676815
308 73 5.210306549076011e-05
309 73 -7.94650807286056e-05
310 73 4.45854790326994e-06
311 73 -1.06258765253002e-07
312 73 -6.687821854904913e-06
73 74 -0.03872630978449663
74 74    0.390228574542212
75 74 -0.04667380417214022
88 74 -0.00490302472742572
89 74  0.03930156694368679
90 74 -0.006129553149276584
97 74  0.03147308862732783
98 74  -0.1722823656864313
99 74  0.03519811253010988
175 74   0.0197345409110547
176 74  -0.1591661609982601
177 74  0.02698961812749181
184 74 -0.007507167851328777
185 74  0.03967469364939538
186 74 -0.009360612806125794
196 74  0.05685001790415946
197 74  -0.1057824206396022
198 74 -0.01949045812149251
211 74 -0.01966367246003755
212 74  0.03743082364950445
213 74 0.009439842075450983
283 74 1.00000161924438e-05
284 74 -0.0003808685106094397
285 74 -2.254603030471942e-05
286 74 -4.447273022729559e-05
287 74 -0.001463974233366793
288 74 0.0005319402312573751
289 74 0.0002536086153379138
290 74 0.003570219735368735
291 74 -0.001870311337924698
292 74 -5.49644750881443e-05
293 74 0.0003542122812838754
294 74 -0.0003755857425094041
295 74 -2.162362219598513e-05
296 74 0.002787507900964677
297 74 2.162362219598513e-05
298 74 -2.684123591177038e-05
299 74 9.394432569119627e-05
300 74 0.0002059396998187269
301 74 4.454356940413093e-05
303 74 -0.0004469245192882322
304 74 -0.0002172823719214399
305 74 3.129978381504032e-05
306 74 0.001570516875019991
307 74 5.710307358698199e-05
308 74 -0.0001297026574095066
309 74 0.0001006114666792243
310 74 -7.083917683533392e-08
311 74 4.45854790326994e-06
312 74 7.083917683533392e-08
73 75 -0.00305308276439221
74 75 -0.04667380417214022
75 75   0.4680290157585873
88 75 -0.0001309608333769159
89 75 -0.009358030765636042
90 75  0.01122901912676767
97 75 6.04076336578536e-05
98 75  0.04405151701939067
99 75 -0.07718249072111139
175 75 0.0001041534725925162
176 75  0.01812351724417499
177 75  -0.0462023519118971
184 75 -0.000203489217000916
185 75 -0.006127358972416651
186 75  0.01133562675697009
196 75  0.03839346336551493
197 75 -0.01290119182705553
198 75 -0.09078292538885438
211 75 -0.006293228050300677
212 75 0.006293228050300674
213 75  0.01597049246466965
283 75 0.0003869974974049553
284 75 7.171785796563967e-06
285 75 -0.0004128724056472664
286 75  0.00113899589934674
287 75 0.0003916874293609966
288 75 -0.005123909816783795
289 75 -0.002510739412006928
290 75 -0.001412411008824606
291 75  0.01249576907379059
292 75 5.496447508814431e-05
293 75 -0.0002809263144996826
294 75 0.0008275094213324815
295 75 -0.002889094664629608
296 75 3.243543329397777e-05
297 75 0.009248343835051668
298 75 -0.0001372931332124847
299 75 0.0001372931332124847
300 75 2.684123591177037e-05
301 75 0.0002682539665894007
302 75 -0.0003350693206955969
304 75 -0.0009356853931657105
305 75 0.001194528348391482
306 75 3.129978381504032e-05
307 75 -4.926126389967874e-05
308 75 7.540765794651929e-05
309 75 -7.374593738825551e-05
310 75 -4.45854790326994e-06
311 75 1.06258765253002e-07
312 75 1.560491766144482e-05
1 76 -3.407826058790943e-09
22 76 1.384284711342574e-10
25 76 -4.287717673673266e-08
28 76 -6.99156105305775e-09
31 76 9.441628807877064e-11
46 76 8.482009119892416e-10
49 76 -3.99871849372753e-07
52 76 4.158128283294481e-10
55 76 6.29744071070923e-09
70 76 1.348815472019768e-08
76 76 1.116783322174188e-06
79 76 1.176514962272372e-07
82 76 2.598919987858694e-08
178 76 4.238188148214323e-07
181 76 5.505607428244007e-08
187 76 1.886495177627587e-09
190 76 -1.374402114594517e-07
193 76 2.35857464359352e-08
235 76 5.275907014304783e-08
238 76 1.17298861777517e-07
241 76 -5.593040029482656e-07
244 76 1.926865091816614e-06
247 76 7.159081814998904e-07
2 77 -3.407826058790943e-09
23 77 1.384284711342574e-10
26 77 -4.287717673673266e-08
29 77 -6.99156105305775e-09
32 77 9.441628807877064e-11
47 77 8.482009119892416e-10
50 77 -3.99871849372753e-07
53 77 4.158128283294481e-10
56 77 6.29744071070923e-09
71 77 1.348815472019768e-08
77 77 1.116783322174188e-06
80 77 1.176514962272372e-07
83 77 2.598919987858694e-08
179 77 4.238188148214323e-07
182 77 5.505607428244007e-08
188 77 1.886495177627587e-09
191 77 -1.374402114594517e-07
194 77 2.35857464359352e-08
236 77 5.275907014304783e-08
239 77 1.17298861777517e-07
242 77 -5.593040029482656e-07
245 77 1.926865091816614e-06
248 77 7.159081814998904e-07
3 78 -3.407826058790943e-09
24 78 1.384284711342574e-10
27 78 -4.287717673673266e-08
30 78 -6.99156105305775e-09
33 78 9.441628807877064e-11
48 78 8.482009119892416e-10
51 78 -3.99871849372753e-07
54 78 4.158128283294481e-10
57 78 6.29744071070923e-09
72 78 1.348815472019768e-08
78 78 1.116783322174188e-06
81 78 1.176514962272372e-07
84 78 2.598919987858694e-08
180 78 4.238188148214323e-07
183 78 5.505607428244007e-08
189 78 1.886495177627587e-09
192 78 -1.374402114594517e-07
195 78 2.35857464359352e-08
237 78 5.275907014304783e-08
240 78 1.17298861777517e-07
243 78 -5.593040029482656e-07
246 78 1.926865091816614e-06
249 78 7.159081814998904e-07
1 79 -2.268105095726103e-09
22 79 3.367503254022414e-10
25 79 -9.921988756124368e-08
49 79 -4.354582275367304e-08
52 79 1.384284711342574e-10
55 79 7.634732744589958e-09
70 79 8.934009221848696e-09
76 79 1.176514962272372e-07
79 79 2.838150926804314e-07
178 79 5.505607428244006e-08
181 79 1.32874712011531e-07
2 80 -2.268105095726103e-09
23 80 3.367503254022414e-10
26 80 -9.921988756124368e-08
50 80 -4.354582275367304e-08
53 80 1.384284711342574e-10
56 80 7.634732744589958e-09
71 80 8.934009221848696e-09
77 80 1.176514962272372e-07
80 80 2.838150926804314e-07
179 80 5.505607428244006e-08
182 80 1.32874712011531e-07
3 81 -2.268105095726103e-09
24 81 3.367503254022414e-10
27 81 -9.921988756124368e-08
51 81 -4.354582275367304e-08
54 81 1.384284711342574e-10
57 81 7.634732744589958e-09
72 81 8.934009221848696e-09
78 81 1.176514962272372e-07
81 81 2.838150926804314e-07
180 81 5.505607428244006e-08
183 81 1.32874712011531e-07
1 82 -4.340368189511669e-08
28 82 -3.61450708004326e-07
31 82 6.449253334902055e-09
46 82 8.520680440515215e-10
49 82 -6.993494619088896e-09
52 82 9.441628807877064e-11
70 82 1.183012176008674e-07
76 82 2.598919987858694e-08
82 82 9.496792066211201e-07
91 82 4.586886936568508e-07
94 82 5.65097169296693e-08
187 82 1.144739320531916e-07
190 82 -5.050531513256717e-07
193 82 1.886495177627587e-09
2 83 -4.340368189511669e-08
29 83 -3.61450708004326e-07
32 83 6.449253334902055e-09
47 83 8.520680440515215e-10
50 83 -6.993494619088896e-09
53 83 9.441628807877064e-11
71 83 1.183012176008674e-07
77 83 2.598919987858694e-08
83 83 9.496792066211201e-07
92 83 4.586886936568508e-07
95 83 5.65097169296693e-08
188 83 1.144739320531916e-07
191 83 -5.050531513256717e-07
194 83 1.886495177627587e-09
3 84 -4.340368189511669e-08
