%%MatrixMarket matrix coordinate real general
308 308 3484
1 1 0.007199999999999999
2 1              -0.0023
3 1 0.0001333333333333333
4 1 -0.0007666666666666666
5 1              -0.0023
6 1 -0.0007666666666666666
7 1 0.0001333333333333333
1 2              -0.0023
2 2  0.01659999999999999
3 2               0.0004
4 2 0.0001333333333333333
5 2 0.0002666666666666667
7 2              -0.0023
8 2              -0.0023
9 2 0.0002666666666666667
10 2              -0.0046
11 2              -0.0023
12 2 0.0001333333333333333
1 3 0.0001333333333333333
2 3               0.0004
3 3 0.009399999999999997
4 3 -0.001533333333333334
5 3              -0.0023
8 3 0.0001333333333333333
9 3              -0.0023
10 3 0.0002666666666666666
13 3 -0.001533333333333334
1 4 -0.0007666666666666666
2 4 0.0001333333333333333
3 4 -0.001533333333333334
4 4 0.003599999999999999
8 4 -0.0007666666666666665
1 5              -0.0023
2 5 0.0002666666666666667
3 5              -0.0023
5 5               0.0166
6 5 0.0001333333333333333
7 5               0.0004
10 5 -0.004599999999999999
13 5 0.0001333333333333333
14 5              -0.0023
15 5              -0.0023
16 5 0.0002666666666666666
1 6 -0.0007666666666666666
5 6 0.0001333333333333333
6 6               0.0072
7 6              -0.0023
15 6 -0.002300000000000001
17 6 -0.0007666666666666664
18 6 0.0001333333333333334
1 7 0.0001333333333333333
2 7              -0.0023
5 7               0.0004
6 7              -0.0023
7 7  0.01659999999999999
10 7 0.0002666666666666667
12 7              -0.0023
15 7 0.0002666666666666667
16 7 -0.004600000000000001
18 7 -0.002299999999999999
19 7 0.0001333333333333334
2 8              -0.0023
3 8 0.0001333333333333333
4 8 -0.0007666666666666665
8 8 0.007199999999999998
9 8              -0.0023
11 8 0.0001333333333333333
20 8 -0.0007666666666666665
2 9 0.0002666666666666667
3 9              -0.0023
8 9              -0.0023
9 9               0.1816
10 9 -0.004599999999999999
11 9               0.0004
13 9 0.0001333333333333333
20 9 0.0001333333333333333
21 9              -0.0023
22 9 0.0002666666666666666
23 9  -0.1672999999999999
2 10              -0.0046
3 10 0.0002666666666666666
5 10 -0.004599999999999999
7 10 0.0002666666666666667
9 10 -0.004599999999999999
10 10               0.1982
11 10 0.0002666666666666667
12 10               0.0004
13 10               0.0004
14 10 0.0002666666666666667
16 10 -0.004599999999999999
21 10 0.0002666666666666667
22 10              -0.1696
24 10              -0.0046
25 10 0.0002666666666666666
2 11              -0.0023
8 11 0.0001333333333333333
9 11               0.0004
10 11 0.0002666666666666667
11 11               1.0066
12 11  -0.1672999999999999
20 11  -0.1672999999999999
22 11  -0.4171000000000001
23 11 0.0002666666666666667
26 11  -0.2497999999999999
27 11 0.0001333333333333334
2 12 0.0001333333333333333
7 12              -0.0023
10 12               0.0004
11 12  -0.1672999999999999
12 12               1.0066
16 12 0.0002666666666666667
19 12  -0.1672999999999999
22 12 0.0002666666666666667
25 12  -0.4171000000000001
27 12  -0.2497999999999999
28 12 0.0001333333333333334
3 13 -0.001533333333333334
5 13 0.0001333333333333333
9 13 0.0001333333333333333
10 13               0.0004
13 13 0.009399999999999997
14 13              -0.0023
21 13              -0.0023
24 13 0.0002666666666666667
29 13 -0.001533333333333333
5 14              -0.0023
10 14 0.0002666666666666667
13 14              -0.0023
14 14               0.0166
15 14 0.0001333333333333333
16 14               0.0004
24 14 -0.004600000000000001
29 14 0.0001333333333333334
30 14 -0.002299999999999999
31 14              -0.0023
32 14 0.0002666666666666667
5 15              -0.0023
6 15 -0.002300000000000001
7 15 0.0002666666666666667
14 15 0.0001333333333333333
15 15               0.0166
16 15              -0.0046
17 15 0.0001333333333333334
18 15 0.0004000000000000001
31 15 -0.002300000000000001
33 15 -0.002299999999999999
34 15 0.0002666666666666667
5 16 0.0002666666666666666
7 16 -0.004600000000000001
10 16 -0.004599999999999999
12 16 0.0002666666666666667
14 16               0.0004
15 16              -0.0046
16 16               0.1982
18 16 0.0002666666666666668
19 16 0.0004000000000000001
24 16 0.0002666666666666667
25 16              -0.1696
31 16 0.0002666666666666667
32 16 -0.004600000000000001
34 16 -0.004599999999999998
35 16 0.0002666666666666667
6 17 -0.0007666666666666664
15 17 0.0001333333333333334
17 17 0.007199999999999999
18 17              -0.0023
33 17              -0.0023
36 17 -0.0007666666666666665
37 17 0.0001333333333333333
6 18 0.0001333333333333334
7 18 -0.002299999999999999
15 18 0.0004000000000000001
16 18 0.0002666666666666668
17 18              -0.0023
18 18               0.0166
19 18              -0.0023
33 18 0.0002666666666666667
34 18 -0.004600000000000001
37 18 -0.002299999999999999
38 18 0.0001333333333333333
7 19 0.0001333333333333334
12 19  -0.1672999999999999
16 19 0.0004000000000000001
18 19              -0.0023
19 19               1.0066
25 19 0.0002666666666666668
28 19  -0.2497999999999999
34 19 0.0002666666666666667
35 19  -0.4171000000000001
38 19  -0.1672999999999999
39 19 0.0001333333333333333
8 20 -0.0007666666666666665
9 20 0.0001333333333333333
11 20  -0.1672999999999999
20 20   0.5022000000000001
23 20  -0.2498000000000001
26 20 0.0001333333333333334
40 20 -0.08326666666666663
9 21              -0.0023
10 21 0.0002666666666666667
13 21              -0.0023
21 21               0.1816
22 21               0.0004
23 21 0.0001333333333333333
24 21 -0.004600000000000001
29 21 0.0001333333333333334
41 21 -0.002299999999999999
42 21 0.0002666666666666667
43 21  -0.1672999999999999
9 22 0.0002666666666666666
10 22              -0.1696
11 22  -0.4171000000000001
12 22 0.0002666666666666667
21 22               0.0004
22 22    2.343200000000001
23 22  -0.4170999999999999
24 22 0.0002666666666666667
25 22  -0.4170999999999999
26 22 0.0002666666666666667
27 22 0.0004000000000000001
42 22  -0.4171000000000001
43 22 0.0002666666666666667
44 22  -0.4995999999999997
45 22 0.0002666666666666667
9 23  -0.1672999999999999
11 23 0.0002666666666666667
20 23  -0.2498000000000001
21 23 0.0001333333333333333
22 23  -0.4170999999999999
23 23               1.3366
26 23 0.0004000000000000001
40 23 0.0001333333333333334
43 23  -0.2498000000000001
44 23 0.0002666666666666667
46 23  -0.2497999999999999
10 24              -0.0046
13 24 0.0002666666666666667
14 24 -0.004600000000000001
16 24 0.0002666666666666667
21 24 -0.004600000000000001
22 24 0.0002666666666666667
24 24               0.1982
25 24               0.0004
29 24 0.0004000000000000002
30 24 0.0002666666666666668
32 24 -0.004600000000000001
41 24 0.0002666666666666668
42 24              -0.1696
47 24 -0.004599999999999998
48 24 0.0002666666666666667
10 25 0.0002666666666666666
12 25  -0.4171000000000001
16 25              -0.1696
19 25 0.0002666666666666668
22 25  -0.4170999999999999
24 25               0.0004
25 25    2.343200000000001
27 25 0.0002666666666666668
28 25 0.0004000000000000002
32 25 0.0002666666666666667
35 25  -0.4170999999999999
42 25 0.0002666666666666667
45 25  -0.4995999999999998
48 25  -0.4171000000000001
49 25 0.0002666666666666668
11 26  -0.2497999999999999
20 26 0.0001333333333333334
22 26 0.0002666666666666667
23 26 0.0004000000000000001
26 26    1.334192305180815
27 26  -0.2491398622515067
40 26  -0.2491558190846189
44 26  -0.4155368514744159
46 26 0.0003128769748702361
226 26  -0.1625644319941851
227 26 0.003285578467074103
11 27 0.0001333333333333334
12 27  -0.2497999999999999
22 27 0.0004000000000000001
25 27 0.0002666666666666668
26 27  -0.2491398622515067
27 27    1.335654902054787
28 27  -0.2491103333260831
44 27 0.0003152300848651166
45 27  -0.4149003156228531
227 27  -0.1571417772460115
228 27 0.006581490619588275
12 28 0.0001333333333333334
19 28  -0.2497999999999999
25 28 0.0004000000000000002
27 28  -0.2491103333260831
28 28    1.335501042957914
35 28 0.0002666666666666667
39 28  -0.2490625152490736
45 28 0.000320567345683014
49 28  -0.4147053828161978
228 28  -0.1567696991179492
229 28 0.006763297723213448
13 29 -0.001533333333333333
14 29 0.0001333333333333334
21 29 0.0001333333333333334
24 29 0.0004000000000000002
29 29 0.009400000000000002
30 29 -0.002300000000000001
41 29 -0.002300000000000001
47 29 0.0002666666666666668
54 29 -0.001533333333333334
14 30 -0.002299999999999999
24 30 0.0002666666666666668
29 30 -0.002300000000000001
30 30               0.0166
31 30 0.0001333333333333334
32 30 0.0004000000000000002
47 30 -0.004600000000000003
54 30 0.0001333333333333334
55 30 -0.002300000000000001
56 30 -0.002300000000000001
57 30 0.0002666666666666668
14 31              -0.0023
15 31 -0.002300000000000001
16 31 0.0002666666666666667
30 31 0.0001333333333333334
31 31               0.0166
32 31 -0.004600000000000002
33 31 0.0001333333333333334
34 31 0.0004000000000000001
56 31 -0.002299999999999999
58 31 -0.002299999999999999
59 31 0.0002666666666666668
14 32 0.0002666666666666667
16 32 -0.004600000000000001
24 32 -0.004600000000000001
25 32 0.0002666666666666667
30 32 0.0004000000000000002
31 32 -0.004600000000000002
32 32               0.1982
34 32 0.0002666666666666668
35 32 0.0004000000000000001
47 32 0.0002666666666666668
48 32              -0.1696
56 32 0.0002666666666666668
57 32 -0.004599999999999998
59 32 -0.004599999999999998
60 32 0.0002666666666666668
15 33 -0.002299999999999999
17 33              -0.0023
18 33 0.0002666666666666667
31 33 0.0001333333333333334
33 33  0.01659999999999999
34 33              -0.0046
36 33 0.0001333333333333333
37 33 0.0003999999999999999
58 33              -0.0023
61 33              -0.0023
62 33 0.0002666666666666666
15 34 0.0002666666666666667
16 34 -0.004599999999999998
18 34 -0.004600000000000001
19 34 0.0002666666666666667
31 34 0.0004000000000000001
32 34 0.0002666666666666668
33 34              -0.0046
34 34   0.1981999999999999
35 34  -0.1695999999999999
37 34 0.0002666666666666666
38 34 0.0003999999999999999
58 34 0.0002666666666666667
59 34 -0.004600000000000001
62 34 -0.004599999999999998
63 34 0.0002666666666666666
16 35 0.0002666666666666667
19 35  -0.4171000000000001
25 35  -0.4170999999999999
28 35 0.0002666666666666667
32 35 0.0004000000000000001
34 35  -0.1695999999999999
35 35    2.343200000000001
38 35 0.0002666666666666666
39 35 0.0004000000000000001
48 35 0.0002666666666666668
49 35  -0.4995999999999997
59 35 0.0002666666666666667
60 35  -0.4171000000000001
63 35  -0.4170999999999999
64 35 0.0002666666666666667
17 36 -0.0007666666666666665
33 36 0.0001333333333333333
36 36 0.007199999999999997
37 36 -0.002299999999999999
61 36              -0.0023
65 36 -0.0007666666666666665
66 36 0.0001333333333333333
17 37 0.0001333333333333333
18 37 -0.002299999999999999
33 37 0.0003999999999999999
34 37 0.0002666666666666666
36 37 -0.002299999999999999
37 37  0.01659999999999999
38 37 -0.002299999999999999
61 37 0.0002666666666666666
62 37 -0.004599999999999999
66 37 -0.002299999999999999
67 37 0.0001333333333333333
18 38 0.0001333333333333333
19 38  -0.1672999999999999
34 38 0.0003999999999999999
35 38 0.0002666666666666666
37 38 -0.002299999999999999
38 38               1.0066
39 38  -0.2497999999999998
62 38 0.0002666666666666666
63 38  -0.4170999999999999
67 38  -0.1672999999999999
68 38 0.0001333333333333333
19 39 0.0001333333333333333
28 39  -0.2490625152490736
35 39 0.0004000000000000001
38 39  -0.2497999999999998
39 39    1.335271807262631
49 39 0.0003292506945369609
63 39 0.0002666666666666667
64 39  -0.4143828479413318
68 39  -0.2489895287913947
229 39  -0.1561269505494031
232 39 0.007083670027754839
20 40 -0.08326666666666663
23 40 0.0001333333333333334
26 40  -0.2491558190846189
40 40    0.501889149408878
46 40  -0.1662597367857799
226 40 0.003255854568772956
233 40 0.002058242368380461
21 41 -0.002299999999999999
24 41 0.0002666666666666668
29 41 -0.002300000000000001
41 41   0.1816000000000001
42 41 0.0004000000000000002
43 41 0.0001333333333333334
47 41 -0.004600000000000003
54 41 0.0001333333333333334
71 41 -0.002300000000000001
72 41 0.0002666666666666668
73 41  -0.1673000000000001
21 42 0.0002666666666666667
22 42  -0.4171000000000001
24 42              -0.1696
25 42 0.0002666666666666667
41 42 0.0004000000000000002
42 42    2.343200000000001
43 42              -0.4171
44 42 0.0002666666666666667
45 42 0.0004000000000000001
47 42 0.0002666666666666668
48 42              -0.4171
72 42  -0.4170999999999999
73 42 0.0002666666666666668
74 42  -0.4995999999999998
75 42 0.0002666666666666668
21 43  -0.1672999999999999
22 43 0.0002666666666666667
23 43  -0.2498000000000001
41 43 0.0001333333333333334
42 43              -0.4171
43 43               1.3366
44 43 0.0004000000000000001
46 43 0.0001333333333333334
73 43  -0.2497999999999999
74 43 0.0002666666666666668
76 43  -0.2497999999999999
22 44  -0.4995999999999997
23 44 0.0002666666666666667
26 44  -0.4155368514744159
27 44 0.0003152300848651166
42 44 0.0002666666666666667
43 44 0.0004000000000000001
44 44    2.343296513212934
45 44  -0.4165060699622286
46 44  -0.4165483364908309
74 44  -0.4171000000000002
76 44 0.0002666666666666667
77 44  -0.1649469589984268
78 44 0.002214945716727953
226 44 0.007085971474316179
227 44  0.01083794325013203
22 45 0.0002666666666666667
25 45  -0.4995999999999998
27 45  -0.4149003156228531
28 45 0.000320567345683014
42 45 0.0004000000000000001
44 45  -0.4165060699622286
45 45    2.345027715653185
48 45 0.0002666666666666668
49 45  -0.4162383905018661
74 45 0.0002666666666666667
75 45  -0.4170950747994536
78 45  -0.1628680800284955
227 45  0.01116387114463362
228 45  0.01698803309486881
237 45  0.00534377754163153
23 46  -0.2497999999999999
26 46 0.0003128769748702361
40 46  -0.1662597367857799
43 46 0.0001333333333333334
44 46  -0.4165483364908309
46 46    1.007372464835812
76 46              -0.1673
77 46 0.001629139846267817
80 46  0.00147907715992875
226 46  0.01003466342004518
233 46 0.005862427866176368
24 47 -0.004599999999999998
29 47 0.0002666666666666668
30 47 -0.004600000000000003
32 47 0.0002666666666666668
41 47 -0.004600000000000003
42 47 0.0002666666666666668
47 47   0.1982000000000001
48 47 0.0004000000000000002
54 47 0.0004000000000000001
55 47 0.0002666666666666667
57 47 -0.004600000000000003
71 47 0.0002666666666666668
72 47  -0.1696000000000001
81 47 -0.004600000000000002
82 47 0.0002666666666666668
24 48 0.0002666666666666667
25 48  -0.4171000000000001
32 48              -0.1696
35 48 0.0002666666666666668
42 48              -0.4171
45 48 0.0002666666666666668
47 48 0.0004000000000000002
48 48    2.343200000000001
49 48 0.0004000000000000002
57 48 0.0002666666666666668
60 48              -0.4171
72 48 0.0002666666666666668
75 48  -0.4995999999999999
82 48              -0.4171
83 48 0.0002666666666666669
25 49 0.0002666666666666668
28 49  -0.4147053828161978
35 49  -0.4995999999999997
39 49 0.0003292506945369609
45 49  -0.4162383905018661
48 49 0.0004000000000000002
49 49    2.346544149543316
60 49 0.0002666666666666667
64 49  -0.4161160069558232
75 49 0.0002667912088975976
83 49  -0.4169614397641399
228 49  0.01462018582303659
229 49  0.01719493154668505
237 49  -0.1578733490711597
240 49 0.007177743605173168
50 50    7984785.555089369
51 50    1152968.118652045
70 50    1140902.595607922
85 50    1999697.201625946
86 50    1333324.953131808
217 50    44022.14546602649
221 50    40158.45021903254
222 50    118326.5897902539
224 50    149988.7211093652
235 50    2389392.670212841
238 50     1670299.61747543
50 51    1152968.118652045
51 51    8139215.938763682
52 51    1179735.826957579
86 51    1999938.056407793
87 51    1333333.298051842
217 51     40880.0281886267
218 51    45417.05638993626
222 51    165991.8672636915
223 51    133552.3663311093
235 51    1724670.648132161
236 51    2479562.504178576
51 52    1179735.826957579
52 52    8414460.126671143
53 52    1221051.253677405
79 52    2632560.578158408
87 52    1999999.867374738
88 52    1333333.333333332
218 52    42361.63309133845
219 52     47832.1421752189
223 52    203641.2463319804
225 52    162784.9013216617
236 52    1833627.489493187
52 53    1221051.253677405
53 53    8809492.920202248
69 53    1276599.739401832
79 53    1983508.376436691
84 53    2839033.238365314
88 53    1999999.999999998
89 53    1333333.333333332
219 53     44767.4866080676
220 53    51585.92923540863
225 53    276932.5627003354
230 53    213996.7847776372
29 54 -0.001533333333333334
30 54 0.0001333333333333334
41 54 0.0001333333333333334
47 54 0.0004000000000000001
54 54 0.009400000000000002
55 54 -0.002300000000000001
71 54 -0.002300000000000001
81 54 0.0002666666666666667
90 54 -0.001533333333333334
30 55 -0.002300000000000001
47 55 0.0002666666666666667
54 55 -0.002300000000000001
55 55               0.0166
56 55 0.0001333333333333334
57 55 0.0004000000000000001
81 55 -0.004600000000000002
90 55 0.0001333333333333334
91 55 -0.002300000000000001
92 55 -0.002300000000000001
93 55 0.0002666666666666667
30 56 -0.002300000000000001
31 56 -0.002299999999999999
32 56 0.0002666666666666668
55 56 0.0001333333333333334
56 56               0.0166
57 56 -0.004600000000000003
58 56 0.0001333333333333334
59 56 0.0004000000000000002
92 56 -0.002300000000000001
94 56 -0.002299999999999999
95 56 0.0002666666666666668
30 57 0.0002666666666666668
32 57 -0.004599999999999998
47 57 -0.004600000000000003
48 57 0.0002666666666666668
55 57 0.0004000000000000001
56 57 -0.004600000000000003
57 57   0.1982000000000002
59 57 0.0002666666666666668
60 57 0.0004000000000000002
81 57 0.0002666666666666668
82 57  -0.1696000000000001
92 57 0.0002666666666666668
93 57 -0.004600000000000003
95 57 -0.004599999999999998
96 57 0.0002666666666666668
31 58 -0.002299999999999999
33 58              -0.0023
34 58 0.0002666666666666667
56 58 0.0001333333333333334
58 58               0.0166
59 58 -0.004600000000000001
61 58 0.0001333333333333333
62 58 0.0003999999999999999
94 58 -0.002299999999999999
97 58              -0.0023
98 58 0.0002666666666666667
31 59 0.0002666666666666668
32 59 -0.004599999999999998
34 59 -0.004600000000000001
35 59 0.0002666666666666667
56 59 0.0004000000000000002
57 59 0.0002666666666666668
58 59 -0.004600000000000001
59 59   0.1981999999999999
60 59  -0.1695999999999999
62 59 0.0002666666666666666
63 59 0.0003999999999999999
94 59 0.0002666666666666668
95 59 -0.004599999999999998
98 59 -0.004600000000000001
99 59 0.0002666666666666667
32 60 0.0002666666666666668
35 60  -0.4171000000000001
48 60              -0.4171
49 60 0.0002666666666666667
57 60 0.0004000000000000002
59 60  -0.1695999999999999
60 60    2.343200000000001
63 60 0.0002666666666666666
64 60 0.0004000000000000001
82 60 0.0002666666666666669
83 60              -0.4996
95 60 0.0002666666666666668
96 60  -0.4170999999999999
99 60  -0.4171000000000001
100 60 0.0002666666666666667
33 61              -0.0023
36 61              -0.0023
37 61 0.0002666666666666666
58 61 0.0001333333333333333
61 61  0.01659999999999999
62 61 -0.004599999999999997
65 61 0.0001333333333333333
66 61 0.0003999999999999999
97 61              -0.0023
101 61              -0.0023
102 61 0.0002666666666666666
33 62 0.0002666666666666666
34 62 -0.004599999999999998
37 62 -0.004599999999999999
38 62 0.0002666666666666666
58 62 0.0003999999999999999
59 62 0.0002666666666666666
61 62 -0.004599999999999997
62 62   0.1981999999999999
63 62  -0.1695999999999999
66 62 0.0002666666666666666
67 62 0.0003999999999999999
97 62 0.0002666666666666666
98 62 -0.004599999999999999
102 62 -0.004599999999999998
103 62 0.0002666666666666666
34 63 0.0002666666666666666
35 63  -0.4170999999999999
38 63  -0.4170999999999999
39 63 0.0002666666666666667
59 63 0.0003999999999999999
60 63 0.0002666666666666666
62 63  -0.1695999999999999
63 63               2.3432
64 63  -0.4995999999999996
67 63 0.0002666666666666666
68 63 0.0004000000000000001
98 63 0.0002666666666666666
99 63  -0.4170999999999999
103 63  -0.4170999999999999
104 63 0.0002666666666666667
35 64 0.0002666666666666667
39 64  -0.4143828479413318
49 64  -0.4161160069558232
60 64 0.0004000000000000001
63 64  -0.4995999999999996
64 64    2.348701937616143
68 64 0.0003450350919976509
83 64 0.0002723892650238074
99 64 0.0002666666666666667
100 64  -0.4160891101338393
104 64   -0.415126968707507
229 64  0.01466136993439386
232 64  0.02032021216605608
240 64  -0.1537304212183373
246 64  0.01131781999504348
36 65 -0.0007666666666666665
61 65 0.0001333333333333333
65 65 0.003599999999999998
66 65 -0.001533333333333333
101 65 -0.0007666666666666665
36 66 0.0001333333333333333
37 66 -0.002299999999999999
61 66 0.0003999999999999999
62 66 0.0002666666666666666
65 66 -0.001533333333333333
66 66 0.009399999999999995
67 66 -0.001533333333333333
101 66 0.0001333333333333333
102 66              -0.0023
37 67 0.0001333333333333333
38 67  -0.1672999999999999
62 67 0.0003999999999999999
63 67 0.0002666666666666666
66 67 -0.001533333333333333
67 67   0.5043999999999997
68 67  -0.1665333333333332
102 67 0.0001333333333333333
103 67  -0.1672999999999999
38 68 0.0001333333333333333
39 68  -0.2489895287913947
63 68 0.0004000000000000001
64 68 0.0003450350919976509
67 68  -0.1665333333333332
68 68   0.8314544988027648
103 68 0.0001333333333333334
104 68  -0.2489895313123254
232 68  -0.1639208389401988
53 69    1276599.739401832
69 69    5320952.360772081
84 69    2154277.037817846
89 69    1333333.333333332
105 69    1276588.587595453
220 69    48401.40113991554
230 69    404420.0152802675
231 69    10950.47202442644
245 69    48402.75435108208
50 70    1140902.595607922
70 70    3613928.464947601
85 70    1333310.873517863
106 70    666662.8657170947
221 70    35746.10250917148
224 70    101963.8568808716
238 70    1555807.681504619
41 71 -0.002300000000000001
47 71 0.0002666666666666668
54 71 -0.002300000000000001
71 71               0.1816
72 71 0.0004000000000000001
73 71 0.0001333333333333334
81 71 -0.004600000000000002
90 71 0.0001333333333333334
107 71 -0.002300000000000001
108 71 0.0002666666666666667
109 71              -0.1673
41 72 0.0002666666666666668
42 72  -0.4170999999999999
47 72  -0.1696000000000001
48 72 0.0002666666666666668
71 72 0.0004000000000000001
72 72    2.343200000000001
73 72  -0.4171000000000001
74 72 0.0002666666666666668
75 72 0.0004000000000000002
81 72 0.0002666666666666667
82 72  -0.4171000000000001
108 72  -0.4171000000000001
109 72 0.0002666666666666668
110 72  -0.4995999999999999
111 72 0.0002666666666666668
41 73  -0.1673000000000001
42 73 0.0002666666666666668
43 73  -0.2497999999999999
71 73 0.0001333333333333334
72 73  -0.4171000000000001
73 73               1.3366
74 73 0.0004000000000000002
76 73 0.0001333333333333334
109 73  -0.2498000000000001
110 73 0.0002666666666666668
112 73  -0.2497999999999999
42 74  -0.4995999999999998
43 74 0.0002666666666666668
44 74  -0.4171000000000002
45 74 0.0002666666666666667
72 74 0.0002666666666666668
73 74 0.0004000000000000002
74 74    2.343200000000001
75 74              -0.4171
76 74              -0.4171
77 74 0.0002666666666666666
78 74 0.0003999999999999999
110 74  -0.4170999999999999
112 74 0.0002666666666666668
113 74  -0.1696000000000001
114 74 0.0002666666666666667
42 75 0.0002666666666666668
45 75  -0.4170950747994536
48 75  -0.4995999999999999
49 75 0.0002667912088975976
72 75 0.0004000000000000002
74 75              -0.4171
75 75    2.343188207176803
78 75 0.000249844471376324
82 75 0.0002666666666666669
83 75  -0.4170960681378967
110 75 0.0002666666666666668
111 75              -0.4171
114 75  -0.1695933209361113
115 75 0.0002762918015516101
237 75 0.0005114772158818427
43 76  -0.2497999999999999
44 76 0.0002666666666666667
46 76              -0.1673
73 76 0.0001333333333333334
74 76              -0.4171
76 76               1.0066
77 76 0.0003999999999999999
80 76 0.0001333333333333333
112 76  -0.1672999999999999
113 76 0.0002666666666666667
116 76              -0.0023
44 77  -0.1649469589984268
46 77 0.001629139846267817
74 77 0.0002666666666666666
76 77 0.0003999999999999999
77 77   0.3416125802949699
78 77  0.02355143722811527
80 77  0.02301930343316001
85 77  0.03333333333333334
86 77  0.06666666666666668
113 77  0.01915707582884353
116 77  0.01682879676506544
117 77  0.06666666666666667
118 77  0.03333333333333333
226 77  0.02439083359561491
227 77  0.02225669611197136
241 77 0.0003247148981553148
242 77 0.000105060522299186
252 77 0.009333040964882229
253 77 0.004238060298014159
44 78 0.002214945716727953
45 78  -0.1628680800284955
74 78 0.0003999999999999999
75 78 0.000249844471376324
77 78  0.02355143722811527
78 78   0.3422507026575654
86 78  0.03333333333333335
87 78  0.06666666666666668
113 78  0.01890881422288439
114 78  0.02137622807236883
118 78  0.06666666666666668
119 78  0.03333333333333334
227 78  0.02389350069360697
228 78  0.02015490572512355
237 78  0.02468951778752232
242 78 -1.590910942531032e-05
243 78 -3.343473083832233e-05
253 78 0.006969175418873992
254 78 0.001909875227004954
52 79    2632560.578158407
53 79    1983508.376436691
79 79    17315002.86000378
84 79    2404600.892721614
87 79    2666665.951786021
88 79    4000000.066666663
119 79    3966264.193570019
120 79    2665458.503453603
223 79    31823.42960331765
225 79    137920.8472775373
234 79    545.1520595763266
236 79       2054757.587526
239 79    7991.275747052425
249 79    968389.4765645827
250 79    1825597.593620867
46 80  0.00147907715992875
76 80 0.0001333333333333333
77 80  0.02301930343316001
80 80  0.09575431509655706
85 80  0.06666666666666668
106 80  0.03333333333333334
116 80  0.01321446731543696
117 80  0.03333333333333333
121 80  0.06666666666666667
226 80  0.02297908632763723
233 80  0.01114377824355498
241 80 0.0004369324337504914
247 80 3.17662638286798e-05
252 80 0.005326073097945029
256 80 0.001150804187577996
47 81 -0.004600000000000002
54 81 0.0002666666666666667
55 81 -0.004600000000000002
57 81 0.0002666666666666668
71 81 -0.004600000000000002
72 81 0.0002666666666666667
81 81               0.1982
82 81 0.0004000000000000001
90 81 0.0004000000000000001
91 81 0.0002666666666666667
93 81 -0.004600000000000002
107 81 0.0002666666666666668
108 81              -0.1696
122 81 -0.004600000000000002
123 81 0.0002666666666666667
47 82 0.0002666666666666668
48 82              -0.4171
57 82  -0.1696000000000001
60 82 0.0002666666666666669
72 82  -0.4171000000000001
75 82 0.0002666666666666669
81 82 0.0004000000000000001
82 82    2.343200000000001
83 82 0.0004000000000000005
93 82 0.0002666666666666668
96 82              -0.4171
108 82 0.0002666666666666668
111 82              -0.4996
123 82  -0.4171000000000001
124 82 0.0002666666666666669
48 83 0.0002666666666666669
49 83  -0.4169614397641399
60 83              -0.4996
64 83 0.0002723892650238074
75 83  -0.4170960681378967
82 83 0.0004000000000000005
83 83    2.343254690067058
96 83 0.0002666666666666669
100 83  -0.4169644647043782
111 83 0.0002666666666666669
115 83  -0.1684582136852214
124 83  -0.4170960277915373
237 83 0.001343438586183761
240 83 0.004873463503487021
258 83 0.001996219153174143
53 84    2839033.238365314
69 84    2154277.037817846
79 84    2404600.892721614
84 84    19813908.03909757
88 84    2666666.699999998
89 84    4000000.066666663
105 84    2838889.357937544
120 84     3998908.07830689
125 84    2404634.193046692
126 84    2666666.699999997
225 84    85599.92387733515
230 84    283731.1812809395
239 84    35242.74908336478
244 84    85601.76923077622
250 84    1426548.464418999
50 85    1999697.201625946
70 85    1333310.873517863
77 85  0.03333333333333334
80 85  0.06666666666666668
85 85    1015623453.779025
86 85    174724872.4615461
106 85    174724871.8736132
117 85    331086913.8674467
121 85    330420265.3901647
235 85    2663795.085347918
238 85    3996202.651699382
50 86    1333324.953131808
51 86    1999938.056407793
77 86  0.06666666666666668
78 86  0.03333333333333335
85 86    174724872.4615462
86 86    1015623579.183291
87 86    174724872.8037374
117 86    330420265.7222583
118 86     331086929.065546
235 86    3998612.914357934
236 86    2666118.915126314
51 87    1333333.298051842
52 87    1999999.867374738
78 87  0.06666666666666668
79 87    2666665.951786021
86 87    174724872.8037374
87 87    1015623610.807828
88 87    174724872.8049781
118 87    330420265.8982239
119 87     331086932.592236
236 87      3999987.0134858
52 88    1333333.333333332
53 88    1999999.999999998
79 88    4000000.066666663
84 88    2666666.699999998
87 88    174724872.8049781
88 88    1015623610.874151
89 88    174724872.8049781
119 88     330420265.898764
120 88    331086932.5987641
53 89    1333333.333333332
69 89    1333333.333333332
84 89    4000000.066666663
88 89    174724872.8049781
89 89    666173865.2641947
105 89    1333333.333333333
120 89     330420265.898764
126 89     157028726.493786
54 90 -0.001533333333333334
55 90 0.0001333333333333334
71 90 0.0001333333333333334
81 90 0.0004000000000000001
90 90 0.005800000000000002
91 90 -0.001533333333333334
107 90 -0.001533333333333334
122 90 0.0001333333333333334
55 91 -0.002300000000000001
81 91 0.0002666666666666667
90 91 -0.001533333333333334
91 91 0.009400000000000002
92 91 0.0001333333333333334
93 91 0.0004000000000000001
122 91 -0.002300000000000001
127 91 -0.001533333333333334
128 91 0.0001333333333333334
55 92 -0.002300000000000001
56 92 -0.002300000000000001
57 92 0.0002666666666666668
91 92 0.0001333333333333334
92 92               0.0166
93 92 -0.004600000000000003
94 92 0.0001333333333333334
95 92 0.0004000000000000002
127 92 -0.002300000000000001
129 92 -0.002299999999999999
130 92 0.0002666666666666668
55 93 0.0002666666666666667
57 93 -0.004600000000000003
81 93 -0.004600000000000002
82 93 0.0002666666666666668
91 93 0.0004000000000000001
92 93 -0.004600000000000003
93 93   0.1982000000000001
95 93 0.0002666666666666668
96 93 0.0004000000000000002
122 93 0.0002666666666666668
123 93  -0.1696000000000001
127 93 0.0002666666666666668
128 93 -0.004600000000000003
130 93 -0.004599999999999998
131 93 0.0002666666666666668
56 94 -0.002299999999999999
58 94 -0.002299999999999999
59 94 0.0002666666666666668
92 94 0.0001333333333333334
94 94               0.0166
95 94 -0.004600000000000002
97 94 0.0001333333333333334
98 94 0.0004000000000000001
129 94              -0.0023
132 94 -0.002300000000000001
133 94 0.0002666666666666667
56 95 0.0002666666666666668
57 95 -0.004599999999999998
59 95 -0.004599999999999998
60 95 0.0002666666666666668
92 95 0.0004000000000000002
93 95 0.0002666666666666668
94 95 -0.004600000000000002
95 95               0.1982
96 95              -0.1696
98 95 0.0002666666666666668
99 95 0.0004000000000000001
129 95 0.0002666666666666667
130 95 -0.004600000000000001
133 95 -0.004600000000000002
134 95 0.0002666666666666667
57 96 0.0002666666666666668
60 96  -0.4170999999999999
82 96              -0.4171
83 96 0.0002666666666666669
93 96 0.0004000000000000002
95 96              -0.1696
96 96    2.343200000000001
99 96 0.0002666666666666668
100 96 0.0004000000000000002
123 96 0.0002666666666666668
124 96  -0.4995999999999999
130 96 0.0002666666666666667
131 96  -0.4171000000000001
134 96  -0.4171000000000001
135 96 0.0002666666666666668
58 97              -0.0023
61 97              -0.0023
62 97 0.0002666666666666666
94 97 0.0001333333333333334
97 97               0.0166
98 97 -0.004599999999999999
101 97 0.0001333333333333333
102 97 0.0003999999999999999
132 97 -0.002299999999999999
136 97              -0.0023
137 97 0.0002666666666666667
58 98 0.0002666666666666667
59 98 -0.004600000000000001
62 98 -0.004599999999999999
63 98 0.0002666666666666666
94 98 0.0004000000000000001
95 98 0.0002666666666666668
97 98 -0.004599999999999999
98 98   0.1981999999999999
99 98  -0.1695999999999999
102 98 0.0002666666666666666
103 98 0.0003999999999999999
132 98 0.0002666666666666667
133 98 -0.004599999999999998
137 98 -0.004600000000000001
138 98 0.0002666666666666667
59 99 0.0002666666666666667
60 99  -0.4171000000000001
63 99  -0.4170999999999999
64 99 0.0002666666666666667
95 99 0.0004000000000000001
96 99 0.0002666666666666668
98 99  -0.1695999999999999
99 99               2.3432
100 99  -0.4995999999999997
103 99 0.0002666666666666666
104 99 0.0004000000000000001
133 99 0.0002666666666666667
134 99  -0.4170999999999998
138 99  -0.4171000000000001
139 99 0.0002666666666666667
60 100 0.0002666666666666667
64 100  -0.4160891101338393
83 100  -0.4169644647043782
96 100 0.0004000000000000002
99 100  -0.4995999999999997
100 100    2.345455377265237
104 100 0.0003292818072907125
124 100 0.0002667910544299395
134 100 0.0002666666666666668
135 100  -0.4163955729550701
139 100  -0.4153502651794229
240 100  0.00644583721626733
246 100  0.01475726771536101
258 100  -0.1590374503734085
261 100 0.009624460628556198
61 101              -0.0023
65 101 -0.0007666666666666665
66 101 0.0001333333333333333
97 101 0.0001333333333333333
101 101 0.007199999999999997
102 101 -0.002299999999999999
136 101 -0.0007666666666666665
61 102 0.0002666666666666666
62 102 -0.004599999999999998
66 102              -0.0023
67 102 0.0001333333333333333
97 102 0.0003999999999999999
98 102 0.0002666666666666666
101 102 -0.002299999999999999
102 102  0.01659999999999999
103 102 -0.002299999999999999
136 102 0.0001333333333333333
137 102              -0.0023
62 103 0.0002666666666666666
63 103  -0.4170999999999999
67 103  -0.1672999999999999
68 103 0.0001333333333333334
98 103 0.0003999999999999999
99 103 0.0002666666666666666
102 103 -0.002299999999999999
103 103               1.0066
104 103  -0.2497999999999998
137 103 0.0001333333333333333
138 103  -0.1672999999999999
63 104 0.0002666666666666667
64 104   -0.415126968707507
68 104  -0.2489895313123254
99 104 0.0004000000000000001
100 104 0.0003292818072907125
103 104  -0.2497999999999998
104 104    1.333208511355559
138 104 0.0001333333333333334
139 104   -0.249062497851991
232 104 0.002874260103051373
246 104  -0.1624915616179803
69 105    1276588.587595453
84 105    2838889.357937544
89 105    1333333.333333333
105 105    8809321.745002531
125 105    1983487.927167577
126 105    1999999.999999998
140 105    1221049.370318487
230 105    213947.0248207457
244 105    276917.0331405733
245 105     51588.4628481106
260 105    44766.70521073521
70 106    666662.8657170947
80 106  0.03333333333333334
85 106    174724871.8736132
106 106    349449743.7392963
121 106    174058205.8770095
238 106    1333240.165762115
71 107 -0.002300000000000001
81 107 0.0002666666666666668
90 107 -0.001533333333333334
107 107   0.1744000000000001
108 107 0.0004000000000000001
109 107 0.0001333333333333334
122 107 -0.002300000000000001
141 107  -0.1665333333333333
142 107 0.0001333333333333334
71 108 0.0002666666666666667
72 108  -0.4171000000000001
81 108              -0.1696
82 108 0.0002666666666666668
107 108 0.0004000000000000001
108 108    2.343200000000001
109 108  -0.4171000000000001
110 108 0.0002666666666666668
111 108 0.0004000000000000002
122 108 0.0002666666666666667
123 108  -0.4171000000000001
141 108 0.0002666666666666668
142 108  -0.4171000000000001
143 108  -0.4995999999999999
144 108 0.0002666666666666668
71 109              -0.1673
72 109 0.0002666666666666668
73 109  -0.2498000000000001
107 109 0.0001333333333333334
108 109  -0.4171000000000001
109 109    1.336600000000001
110 109 0.0004000000000000002
112 109 0.0001333333333333334
141 109  -0.2498000000000001
143 109 0.0002666666666666668
145 109  -0.2497999999999999
72 110  -0.4995999999999999
73 110 0.0002666666666666668
74 110  -0.4170999999999999
75 110 0.0002666666666666668
108 110 0.0002666666666666668
109 110 0.0004000000000000002
110 110    2.343200000000001
111 110  -0.4171000000000001
112 110  -0.4171000000000001
113 110 0.0002666666666666667
114 110 0.0004000000000000001
143 110  -0.4171000000000002
145 110 0.0002666666666666667
146 110              -0.1696
147 110 0.0002666666666666667
72 111 0.0002666666666666668
75 111              -0.4171
82 111              -0.4996
83 111 0.0002666666666666669
108 111 0.0004000000000000002
110 111  -0.4171000000000001
111 111    2.343200000000001
114 111 0.0002666666666666668
115 111 0.0004000000000000002
123 111 0.0002666666666666668
124 111              -0.4171
143 111 0.0002666666666666667
144 111  -0.4171000000000002
147 111              -0.1696
148 111 0.0002666666666666668
73 112  -0.2497999999999999
74 112 0.0002666666666666668
76 112  -0.1672999999999999
109 112 0.0001333333333333334
110 112  -0.4171000000000001
112 112               1.0066
113 112 0.0004000000000000001
116 112 0.0001333333333333334
145 112              -0.1673
146 112 0.0002666666666666667
149 112 -0.002300000000000001
74 113  -0.1696000000000001
76 113 0.0002666666666666667
77 113  0.01915707582884353
78 113  0.01890881422288439
110 113 0.0002666666666666667
112 113 0.0004000000000000001
113 113   0.3142344375078368
114 113  0.01476770881226423
116 113  0.01291308862797937
117 113  0.03333333333333334
118 113  0.06666666666666668
146 113  0.01052505906369411
149 113 0.007292642831842318
150 113  0.06666666666666667
151 113  0.03333333333333333
252 113 0.009442152699207472
253 113  0.01319601912759531
266 113  0.01952493634544776
267 113  0.01327189251397269
74 114 0.0002666666666666667
75 114  -0.1695933209361113
78 114  0.02137622807236883
110 114 0.0004000000000000001
111 114 0.0002666666666666668
113 114  0.01476770881226423
114 114   0.3239415022447142
115 114  0.01867871002017425
118 114  0.03333333333333335
119 114  0.06666666666666668
146 114 0.009187159121290277
147 114  0.01370643482916814
151 114  0.06666666666666668
152 114  0.03333333333333334
237 114  0.02350817032629601
253 114 0.007372481942906749
254 114 0.008315711507579948
267 114  0.01713608318357254
268 114 0.009914686792586908
75 115 0.0002762918015516101
83 115  -0.1684582136852214
111 115 0.0004000000000000002
114 115  0.01867871002017425
115 115   0.3382834691052028
119 115  0.03333333333333333
120 115  0.06666666666666665
124 115 0.0002644651119134496
147 115   0.0138034424019042
148 115  0.01932086976159147
152 115  0.06666666666666665
153 115  0.03333333333333332
237 115  0.02494486643024772
240 115  0.02629862937794245
254 115 0.003651658527449977
255 115  0.00134541297592678
258 115  0.02361561735282897
268 115   0.0122104826737133
269 115  0.00409811834126596
76 116              -0.0023
77 116  0.01682879676506544
80 116  0.01321446731543696
112 116 0.0001333333333333334
113 116  0.01291308862797937
116 116  0.09461317026518407
117 116  0.06666666666666668
121 116  0.03333333333333334
149 116 0.008488634756198071
150 116  0.03333333333333333
154 116  0.06666666666666667
252 116  0.01531362565756843
256 116 0.002555743310315677
266 116  0.01481835544449657
270 116 0.005901370219910024
77 117  0.06666666666666667
80 117  0.03333333333333333
85 117    331086913.8674467
86 117    330420265.7222583
113 117  0.03333333333333334
116 117  0.06666666666666668
117 117    1990415873.350342
118 117    331085014.7353233
121 117    331084178.4380475
150 117     331077111.511844
154 117    330419066.0094467
235 117    3822539.000659479
238 117    2588962.697083445
248 117    2428744.975233311
251 117    3623626.728343736
77 118  0.03333333333333333
78 118  0.06666666666666668
86 118    331086929.0655462
87 118    330420265.8982239
113 118  0.06666666666666668
114 118  0.03333333333333335
117 118    331085014.7353233
118 118    1990459558.935675
119 118     331086336.863169
150 118    330419491.1301746
151 118     331081731.287599
235 118    2610879.485790937
236 118    3887431.081435796
248 118    3717867.549735372
249 118    2513592.576856133
78 119  0.03333333333333334
79 119    3966264.193570019
87 119     331086932.592236
88 119     330420265.898764
114 119  0.06666666666666668
115 119  0.03333333333333333
118 119     331086336.863169
119 119     1990505452.45052
120 119      331086907.19545
151 119    330420065.2559351
152 119    331085816.7826695
236 119     2646055.52188155
249 119    3873399.378636578
250 119    2617420.205521674
