%%MatrixMarket matrix coordinate real general
1431 1431 41553
1 1 9.558490049018541e-07
4 1 3.375441230353576e-08
7 1 -1.268011927498571e-08
22 1 -1.235701804939209e-08
25 1 3.288348956037188e-08
28 1 4.663603235659395e-07
31 1 -1.994772015862217e-07
40 1 -5.390036388422495e-09
46 1 -2.997346919291192e-09
49 1 4.629568283249636e-08
52 1 -1.657407346765403e-08
55 1 -5.115874628064728e-09
70 1 -2.231506105491832e-06
76 1 -1.742425395663139e-07
79 1 -1.2752761100237e-07
82 1 -8.971020238321902e-07
85 1 -1.30780048894127e-07
91 1 -9.330531930367424e-07
94 1 -2.069126914199927e-06
2 2 9.558490049018541e-07
5 2 3.375441230353576e-08
8 2 -1.268011927498571e-08
23 2 -1.235701804939209e-08
26 2 3.288348956037188e-08
29 2 4.663603235659395e-07
32 2 -1.994772015862217e-07
41 2 -5.390036388422495e-09
47 2 -2.997346919291192e-09
50 2 4.629568283249636e-08
53 2 -1.657407346765403e-08
56 2 -5.115874628064728e-09
71 2 -2.231506105491832e-06
77 2 -1.742425395663139e-07
80 2 -1.2752761100237e-07
83 2 -8.971020238321902e-07
86 2 -1.30780048894127e-07
92 2 -9.330531930367424e-07
95 2 -2.069126914199927e-06
3 3 9.558490049018541e-07
6 3 3.375441230353576e-08
9 3 -1.268011927498571e-08
24 3 -1.235701804939209e-08
27 3 3.288348956037188e-08
30 3 4.663603235659395e-07
33 3 -1.994772015862217e-07
42 3 -5.390036388422495e-09
48 3 -2.997346919291192e-09
51 3 4.629568283249636e-08
54 3 -1.657407346765403e-08
57 3 -5.115874628064728e-09
72 3 -2.231506105491832e-06
78 3 -1.742425395663139e-07
81 3 -1.2752761100237e-07
84 3 -8.971020238321902e-07
87 3 -1.30780048894127e-07
93 3 -9.330531930367424e-07
96 3 -2.069126914199927e-06
1 4 3.375441230353576e-08
4 4 9.918401096256544e-07
7 4 -1.268874323585206e-08
10 4 3.54003759447325e-08
13 4 -1.329606414700406e-08
28 4 4.925069205108418e-08
31 4 -5.388709561852168e-09
34 4 4.987348250186755e-07
37 4 -3.353869650679728e-09
40 4 -1.771418813369218e-08
43 4 -2.148804811183275e-07
64 4 -5.927071401752277e-09
85 4 -2.306304441371986e-06
91 4 -1.856129898660856e-07
94 4 -1.307590200610074e-07
100 4 -9.577503329608678e-07
103 4 -1.36893688825988e-07
109 4 -1.00592780789063e-06
112 4 -2.147990565586434e-06
2 5 3.375441230353576e-08
5 5 9.918401096256544e-07
8 5 -1.268874323585206e-08
11 5 3.54003759447325e-08
14 5 -1.329606414700406e-08
29 5 4.925069205108418e-08
32 5 -5.388709561852168e-09
35 5 4.987348250186755e-07
38 5 -3.353869650679728e-09
41 5 -1.771418813369218e-08
44 5 -2.148804811183275e-07
65 5 -5.927071401752277e-09
86 5 -2.306304441371986e-06
92 5 -1.856129898660856e-07
95 5 -1.307590200610074e-07
101 5 -9.577503329608678e-07
104 5 -1.36893688825988e-07
110 5 -1.00592780789063e-06
113 5 -2.147990565586434e-06
3 6 3.375441230353576e-08
6 6 9.918401096256544e-07
9 6 -1.268874323585206e-08
12 6 3.54003759447325e-08
15 6 -1.329606414700406e-08
30 6 4.925069205108418e-08
33 6 -5.388709561852168e-09
36 6 4.987348250186755e-07
39 6 -3.353869650679728e-09
42 6 -1.771418813369218e-08
45 6 -2.148804811183275e-07
66 6 -5.927071401752277e-09
87 6 -2.306304441371986e-06
93 6 -1.856129898660856e-07
96 6 -1.307590200610074e-07
102 6 -9.577503329608678e-07
105 6 -1.36893688825988e-07
111 6 -1.00592780789063e-06
114 6 -2.147990565586434e-06
1 7 -1.268011927498571e-08
4 7 -1.268874323585206e-08
7 7 4.565031189055569e-09
28 7 -5.585057030213382e-09
31 7 1.777713241639831e-09
40 7 1.780366894780478e-09
85 7 5.12622302637082e-08
91 7 2.016981994249126e-08
94 7 5.122017259746857e-08
2 8 -1.268011927498571e-08
5 8 -1.268874323585206e-08
8 8 4.565031189055569e-09
29 8 -5.585057030213382e-09
32 8 1.777713241639831e-09
41 8 1.780366894780478e-09
86 8 5.12622302637082e-08
92 8 2.016981994249126e-08
95 8 5.122017259746857e-08
3 9 -1.268011927498571e-08
6 9 -1.268874323585206e-08
9 9 4.565031189055569e-09
30 9 -5.585057030213382e-09
33 9 1.777713241639831e-09
42 9 1.780366894780478e-09
87 9 5.12622302637082e-08
93 9 2.016981994249126e-08
96 9 5.122017259746857e-08
4 10 3.54003759447325e-08
10 10 1.052966431913127e-06
13 10 -1.33131022290326e-08
16 10 3.804836100523036e-08
19 10 -1.428856495433388e-08
34 10 5.50430810776407e-08
43 10 -5.924322783353079e-09
58 10 5.550306881357031e-07
61 10 -4.091481517890845e-09
64 10 -1.99633484320549e-08
67 10 -2.421299425151891e-07
103 10 -2.436731640967872e-06
109 10 -2.079750408729271e-07
112 10 -1.36852268401241e-07
118 10 -6.843690244657864e-09
121 10 -1.066723649019257e-06
124 10 -1.466737417208229e-07
130 10 -1.130874489429283e-06
133 10 -2.277129946883418e-06
5 11 3.54003759447325e-08
11 11 1.052966431913127e-06
14 11 -1.33131022290326e-08
17 11 3.804836100523036e-08
20 11 -1.428856495433388e-08
35 11 5.50430810776407e-08
44 11 -5.924322783353079e-09
59 11 5.550306881357031e-07
62 11 -4.091481517890845e-09
65 11 -1.99633484320549e-08
68 11 -2.421299425151891e-07
104 11 -2.436731640967872e-06
110 11 -2.079750408729271e-07
113 11 -1.36852268401241e-07
119 11 -6.843690244657864e-09
122 11 -1.066723649019257e-06
125 11 -1.466737417208229e-07
131 11 -1.130874489429283e-06
134 11 -2.277129946883418e-06
6 12 3.54003759447325e-08
12 12 1.052966431913127e-06
15 12 -1.33131022290326e-08
18 12 3.804836100523036e-08
21 12 -1.428856495433388e-08
36 12 5.50430810776407e-08
45 12 -5.924322783353079e-09
60 12 5.550306881357031e-07
63 12 -4.091481517890845e-09
66 12 -1.99633484320549e-08
69 12 -2.421299425151891e-07
105 12 -2.436731640967872e-06
111 12 -2.079750408729271e-07
114 12 -1.36852268401241e-07
120 12 -6.843690244657864e-09
123 12 -1.066723649019257e-06
126 12 -1.466737417208229e-07
132 12 -1.130874489429283e-06
135 12 -2.277129946883418e-06
4 13 -1.329606414700406e-08
10 13 -1.33131022290326e-08
13 13 4.788675448271675e-09
34 13 -6.104368214462876e-09
43 13 1.95384771997823e-09
64 13 1.959344956776608e-09
103 13  5.3697500692917e-08
109 13 2.210353427565368e-08
112 13 5.361465984342332e-08
5 14 -1.329606414700406e-08
11 14 -1.33131022290326e-08
14 14 4.788675448271675e-09
35 14 -6.104368214462876e-09
44 14 1.95384771997823e-09
65 14 1.959344956776608e-09
104 14  5.3697500692917e-08
110 14 2.210353427565368e-08
113 14 5.361465984342332e-08
6 15 -1.329606414700406e-08
12 15 -1.33131022290326e-08
15 15 4.788675448271675e-09
36 15 -6.104368214462876e-09
45 15 1.95384771997823e-09
66 15 1.959344956776608e-09
105 15  5.3697500692917e-08
111 15 2.210353427565368e-08
114 15 5.361465984342332e-08
10 16 3.804836100523036e-08
16 16 1.148290955789014e-06
19 16 -1.431693930013532e-08
58 16 6.509924564954272e-08
67 16 -6.838773484097131e-09
118 16 -2.392595547320747e-08
124 16 -2.641231243245817e-06
130 16 -2.469718321504801e-07
133 16 -1.466050939160576e-07
139 16 6.464941811109029e-07
142 16 -5.511011000204524e-09
145 16 -2.876534275576008e-07
148 16 4.213164060555537e-08
151 16 -1.582095695405435e-08
154 16 -8.383601139389657e-09
157 16 -1.247559920295659e-06
160 16 -1.616282031536475e-07
166 16 -1.334858195719312e-06
169 16 -2.474013716546236e-06
11 17 3.804836100523036e-08
17 17 1.148290955789014e-06
20 17 -1.431693930013532e-08
59 17 6.509924564954272e-08
68 17 -6.838773484097131e-09
119 17 -2.392595547320747e-08
125 17 -2.641231243245817e-06
131 17 -2.469718321504801e-07
134 17 -1.466050939160576e-07
140 17 6.464941811109029e-07
143 17 -5.511011000204524e-09
146 17 -2.876534275576008e-07
149 17 4.213164060555537e-08
152 17 -1.582095695405435e-08
155 17 -8.383601139389657e-09
158 17 -1.247559920295659e-06
161 17 -1.616282031536475e-07
167 17 -1.334858195719312e-06
170 17 -2.474013716546236e-06
12 18 3.804836100523036e-08
18 18 1.148290955789014e-06
21 18 -1.431693930013532e-08
60 18 6.509924564954272e-08
69 18 -6.838773484097131e-09
120 18 -2.392595547320747e-08
126 18 -2.641231243245817e-06
132 18 -2.469718321504801e-07
135 18 -1.466050939160576e-07
141 18 6.464941811109029e-07
144 18 -5.511011000204524e-09
147 18 -2.876534275576008e-07
150 18 4.213164060555537e-08
153 18 -1.582095695405435e-08
156 18 -8.383601139389657e-09
159 18 -1.247559920295659e-06
162 18 -1.616282031536475e-07
168 18 -1.334858195719312e-06
171 18 -2.474013716546236e-06
10 19 -1.428856495433388e-08
16 19 -1.431693930013532e-08
19 19 5.148778532421874e-09
58 19 -6.979923412517714e-09
67 19 2.254991216742293e-09
118 19 2.264824737863747e-09
124 19 5.759415966019342e-08
130 19 2.538240257648738e-08
133 19 5.745686405066234e-08
11 20 -1.428856495433388e-08
17 20 -1.431693930013532e-08
20 20 5.148778532421874e-09
59 20 -6.979923412517714e-09
68 20 2.254991216742293e-09
119 20 2.264824737863747e-09
125 20 5.759415966019342e-08
131 20 2.538240257648738e-08
134 20 5.745686405066234e-08
12 21 -1.428856495433388e-08
18 21 -1.431693930013532e-08
21 21 5.148778532421874e-09
60 21 -6.979923412517714e-09
69 21 2.254991216742293e-09
120 21 2.264824737863747e-09
126 21 5.759415966019342e-08
132 21 2.538240257648738e-08
135 21 5.745686405066234e-08
1 22 -1.235701804939209e-08
22 22     4.4466329983e-09
25 22 -1.235537422655121e-08
49 22 -5.318376367864191e-09
52 22 1.688763049793208e-09
55 22 1.688270572712922e-09
70 22 4.996359947145345e-08
76 22 1.918023141914493e-08
79 22 4.995556875706824e-08
2 23 -1.235701804939209e-08
23 23     4.4466329983e-09
26 23 -1.235537422655121e-08
50 23 -5.318376367864191e-09
53 23 1.688763049793208e-09
56 23 1.688270572712922e-09
71 23 4.996359947145345e-08
77 23 1.918023141914493e-08
80 23 4.995556875706824e-08
3 24 -1.235701804939209e-08
24 24     4.4466329983e-09
27 24 -1.235537422655121e-08
51 24 -5.318376367864191e-09
54 24 1.688763049793208e-09
57 24 1.688270572712922e-09
72 24 4.996359947145345e-08
78 24 1.918023141914493e-08
81 24 4.995556875706824e-08
1 25 3.288348956037188e-08
22 25 -1.235537422655121e-08
25 25 8.451943673237584e-07
49 25 4.326093852599302e-07
52 25 -5.116120866604875e-09
55 25 -1.858104699900829e-07
70 25 -1.275316263595625e-07
76 25 -8.988232366797277e-07
79 25 -2.03118267016234e-06
178 25 -7.988860432613426e-07
181 25 -1.799167067326303e-06
2 26 3.288348956037188e-08
23 26 -1.235537422655121e-08
26 26 8.451943673237584e-07
50 26 4.326093852599302e-07
53 26 -5.116120866604875e-09
56 26 -1.858104699900829e-07
71 26 -1.275316263595625e-07
77 26 -8.988232366797277e-07
80 26 -2.03118267016234e-06
179 26 -7.988860432613426e-07
182 26 -1.799167067326303e-06
3 27 3.288348956037188e-08
24 27 -1.235537422655121e-08
27 27 8.451943673237584e-07
51 27 4.326093852599302e-07
54 27 -5.116120866604875e-09
57 27 -1.858104699900829e-07
72 27 -1.275316263595625e-07
78 27 -8.988232366797277e-07
81 27 -2.03118267016234e-06
180 27 -7.988860432613426e-07
183 27 -1.799167067326303e-06
1 28 4.663603235659395e-07
4 28 4.925069205108418e-08
7 28 -5.585057030213382e-09
28 28 3.132138399315998e-06
31 28 -1.668888878965861e-07
34 28 8.672797914995082e-08
37 28 -2.460596345052532e-08
40 28 -1.464262260202663e-08
43 28 -3.475018694125301e-09
46 28 -1.957872582530582e-08
49 28 7.04886301602202e-08
52 28 -3.112944813022477e-09
70 28 -9.418004528125444e-07
76 28 -2.44131131832665e-07
82 28 -4.87805274381065e-06
85 28 -1.933084873665612e-07
91 28 -6.760446321221807e-06
94 28 -9.781882450384276e-07
100 28 -2.92996183127423e-07
187 28 5.422130396976676e-17
190 28 -1.588978186261988e-19
199 28 -3.706283913611451e-21
205 28 -1.848564302091257e-06
208 28 2.431752533984605e-06
211 28 -3.583130139219757e-08
214 28 -1.711327661102018e-18
220 28 -5.241827047313876e-08
226 28 -2.15142109509664e-16
229 28 -5.352201432425491e-07
232 28 -1.07852478122793e-06
2 29 4.663603235659395e-07
5 29 4.925069205108418e-08
8 29 -5.585057030213382e-09
29 29 3.132138399315998e-06
32 29 -1.668888878965861e-07
35 29 8.672797914995082e-08
38 29 -2.460596345052532e-08
41 29 -1.464262260202663e-08
44 29 -3.475018694125301e-09
47 29 -1.957872582530582e-08
50 29 7.04886301602202e-08
53 29 -3.112944813022477e-09
71 29 -9.418004528125444e-07
77 29 -2.44131131832665e-07
83 29 -4.87805274381065e-06
86 29 -1.933084873665612e-07
92 29 -6.760446321221807e-06
95 29 -9.781882450384276e-07
101 29 -2.92996183127423e-07
188 29 5.422130396976676e-17
191 29 -1.588978186261988e-19
200 29 -3.706283913611451e-21
206 29 -1.848564302091257e-06
209 29 2.431752533984605e-06
212 29 -3.583130139219757e-08
215 29 -1.711327661102018e-18
221 29 -5.241827047313876e-08
227 29 -2.15142109509664e-16
230 29 -5.352201432425491e-07
233 29 -1.07852478122793e-06
3 30 4.663603235659395e-07
6 30 4.925069205108418e-08
9 30 -5.585057030213382e-09
30 30 3.132138399315998e-06
33 30 -1.668888878965861e-07
36 30 8.672797914995082e-08
39 30 -2.460596345052532e-08
42 30 -1.464262260202663e-08
45 30 -3.475018694125301e-09
48 30 -1.957872582530582e-08
51 30 7.04886301602202e-08
54 30 -3.112944813022477e-09
72 30 -9.418004528125444e-07
78 30 -2.44131131832665e-07
84 30 -4.87805274381065e-06
87 30 -1.933084873665612e-07
93 30 -6.760446321221807e-06
96 30 -9.781882450384276e-07
102 30 -2.92996183127423e-07
189 30 5.422130396976676e-17
192 30 -1.588978186261988e-19
201 30 -3.706283913611451e-21
207 30 -1.848564302091257e-06
210 30 2.431752533984605e-06
213 30 -3.583130139219757e-08
216 30 -1.711327661102018e-18
222 30 -5.241827047313876e-08
228 30 -2.15142109509664e-16
231 30 -5.352201432425491e-07
234 30 -1.07852478122793e-06
1 31 -1.994772015862217e-07
4 31 -5.388709561852168e-09
7 31 1.777713241639831e-09
28 31 -1.668888878965861e-07
31 31 6.63952844822194e-08
40 31 1.387671958058042e-09
46 31 7.570350610039858e-10
49 31 -3.115115239447702e-09
52 31 9.882308484665687e-10
70 31 4.207510548208798e-07
76 31 1.14678892564738e-08
82 31 3.313541968601747e-07
85 31 2.016981994249127e-08
91 31 3.454358869121544e-07
94 31 4.35705990915519e-07
2 32 -1.994772015862217e-07
5 32 -5.388709561852168e-09
8 32 1.777713241639831e-09
29 32 -1.668888878965861e-07
32 32 6.63952844822194e-08
41 32 1.387671958058042e-09
47 32 7.570350610039858e-10
50 32 -3.115115239447702e-09
53 32 9.882308484665687e-10
71 32 4.207510548208798e-07
77 32 1.14678892564738e-08
83 32 3.313541968601747e-07
86 32 2.016981994249127e-08
92 32 3.454358869121544e-07
95 32 4.35705990915519e-07
3 33 -1.994772015862217e-07
6 33 -5.388709561852168e-09
9 33 1.777713241639831e-09
30 33 -1.668888878965861e-07
33 33 6.63952844822194e-08
42 33 1.387671958058042e-09
48 33 7.570350610039858e-10
51 33 -3.115115239447702e-09
54 33 9.882308484665687e-10
72 33 4.207510548208798e-07
78 33 1.14678892564738e-08
84 33 3.313541968601747e-07
87 33 2.016981994249127e-08
93 33 3.454358869121544e-07
96 33 4.35705990915519e-07
4 34 4.987348250186755e-07
10 34 5.50430810776407e-08
13 34 -6.104368214462876e-09
28 34 8.672797914995082e-08
34 34 4.045272396633574e-06
37 34 -2.487253785930982e-08
40 34 -3.470903805958152e-09
43 34 -1.848895984558574e-07
58 34 1.299286150979369e-07
61 34 -3.873566893180879e-08
64 34 -1.711972433329734e-08
67 34 -4.214582312226153e-09
85 34 -9.996961908498691e-07
91 34 -2.92449571178466e-07
100 34 -5.658712851672247e-06
103 34 -2.151504825605065e-07
109 34 -8.563374749190168e-06
112 34 -1.047339947546928e-06
121 34 -4.090276592639299e-07
187 34 4.697185716063161e-18
190 34 -3.706065948559393e-21
193 34 4.66734268748144e-10
196 34 -2.73575393123268e-21
199 34 -1.441567594659296e-20
202 34 -3.594274488240392e-11
220 34 -2.827387199757617e-06
226 34 -1.877922596860303e-17
229 34 -5.230821248112294e-08
241 34 -1.223922625379129e-12
244 34 -2.873658635947685e-10
247 34 -1.101118766191293e-07
253 34 -1.573660129827654e-09
256 34 -1.18632297823633e-06
5 35 4.987348250186755e-07
11 35 5.50430810776407e-08
14 35 -6.104368214462876e-09
29 35 8.672797914995082e-08
35 35 4.045272396633574e-06
38 35 -2.487253785930982e-08
41 35 -3.470903805958152e-09
44 35 -1.848895984558574e-07
59 35 1.299286150979369e-07
62 35 -3.873566893180879e-08
65 35 -1.711972433329734e-08
68 35 -4.214582312226153e-09
86 35 -9.996961908498691e-07
92 35 -2.92449571178466e-07
101 35 -5.658712851672247e-06
104 35 -2.151504825605065e-07
110 35 -8.563374749190168e-06
113 35 -1.047339947546928e-06
122 35 -4.090276592639299e-07
188 35 4.697185716063161e-18
191 35 -3.706065948559393e-21
194 35 4.66734268748144e-10
197 35 -2.73575393123268e-21
200 35 -1.441567594659296e-20
203 35 -3.594274488240392e-11
221 35 -2.827387199757617e-06
227 35 -1.877922596860303e-17
230 35 -5.230821248112294e-08
242 35 -1.223922625379129e-12
245 35 -2.873658635947685e-10
248 35 -1.101118766191293e-07
254 35 -1.573660129827654e-09
257 35 -1.18632297823633e-06
6 36 4.987348250186755e-07
12 36 5.50430810776407e-08
15 36 -6.104368214462876e-09
30 36 8.672797914995082e-08
36 36 4.045272396633574e-06
39 36 -2.487253785930983e-08
42 36 -3.470903805958152e-09
45 36 -1.848895984558574e-07
60 36 1.299286150979369e-07
63 36 -3.873566893180879e-08
66 36 -1.711972433329734e-08
69 36 -4.214582312226153e-09
87 36 -9.996961908498691e-07
93 36 -2.92449571178466e-07
102 36 -5.658712851672247e-06
105 36 -2.151504825605065e-07
111 36 -8.563374749190168e-06
114 36 -1.047339947546928e-06
123 36 -4.090276592639299e-07
189 36 4.697185716063161e-18
192 36 -3.706065948559393e-21
195 36 4.66734268748144e-10
198 36 -2.73575393123268e-21
201 36 -1.441567594659296e-20
204 36 -3.594274488240392e-11
222 36 -2.827387199757617e-06
228 36 -1.877922596860303e-17
231 36 -5.230821248112294e-08
243 36 -1.223922625379129e-12
246 36 -2.873658635947685e-10
249 36 -1.101118766191293e-07
255 36 -1.573660129827654e-09
258 36 -1.18632297823633e-06
4 37 -3.353869650679728e-09
28 37 -2.460596345052532e-08
34 37 -2.487253785930982e-08
37 37 6.582366094859289e-09
40 37 8.644252475714556e-10
43 37 8.72655023905753e-10
85 37 1.278512166570431e-08
91 37 8.786583646632474e-08
100 37 8.895906036423698e-08
187 37 -3.707108875978574e-21
190 37 9.31849704968671e-24
199 37 9.754427153751915e-24
220 37 1.308039862130018e-08
226 37 1.481703115202632e-20
229 37 1.286028263726853e-08
5 38 -3.353869650679728e-09
29 38 -2.460596345052532e-08
35 38 -2.487253785930982e-08
38 38 6.582366094859289e-09
41 38 8.644252475714556e-10
44 38 8.72655023905753e-10
86 38 1.278512166570431e-08
92 38 8.786583646632474e-08
101 38 8.895906036423698e-08
188 38 -3.707108875978574e-21
191 38 9.31849704968671e-24
200 38 9.754427153751915e-24
221 38 1.308039862130018e-08
227 38 1.481703115202632e-20
230 38 1.286028263726853e-08
6 39 -3.353869650679728e-09
30 39 -2.460596345052532e-08
36 39 -2.487253785930982e-08
39 39 6.582366094859289e-09
42 39 8.644252475714556e-10
45 39 8.72655023905753e-10
87 39 1.278512166570431e-08
93 39 8.786583646632474e-08
102 39 8.895906036423698e-08
189 39 -3.707108875978574e-21
192 39 9.31849704968671e-24
201 39 9.754427153751915e-24
222 39 1.308039862130018e-08
228 39 1.481703115202632e-20
231 39 1.286028263726853e-08
1 40 -5.390036388422495e-09
4 40 -1.771418813369218e-08
7 40 1.780366894780478e-09
28 40 -1.464262260202663e-08
31 40 1.387671958058042e-09
34 40 -3.470903805958152e-09
37 40 8.644252475714556e-10
40 40 4.975773621758256e-09
43 40 1.106723334462609e-09
85 40 7.255812101532143e-08
91 40 5.716712601436997e-08
94 40 2.016981994249126e-08
100 40 1.278512166570431e-08
2 41 -5.390036388422495e-09
5 41 -1.771418813369218e-08
8 41 1.780366894780478e-09
29 41 -1.464262260202663e-08
32 41 1.387671958058042e-09
35 41 -3.470903805958152e-09
38 41 8.644252475714556e-10
41 41 4.975773621758256e-09
44 41 1.106723334462609e-09
86 41 7.255812101532143e-08
92 41 5.716712601436997e-08
95 41 2.016981994249126e-08
101 41 1.278512166570431e-08
3 42 -5.390036388422495e-09
6 42 -1.771418813369218e-08
9 42 1.780366894780478e-09
30 42 -1.464262260202663e-08
33 42 1.387671958058042e-09
36 42 -3.470903805958152e-09
39 42 8.644252475714556e-10
42 42 4.975773621758256e-09
45 42 1.106723334462609e-09
87 42 7.255812101532143e-08
93 42 5.716712601436997e-08
96 42 2.016981994249126e-08
102 42 1.278512166570431e-08
4 43 -2.148804811183275e-07
10 43 -5.924322783353079e-09
13 43 1.95384771997823e-09
28 43 -3.475018694125301e-09
34 43 -1.848895984558574e-07
37 43 8.72655023905753e-10
40 43 1.106723334462609e-09
43 43 7.424057660632723e-08
64 43 1.599254094557031e-09
85 43 4.496274303207928e-07
91 43 1.278512166570431e-08
100 43 3.657357145427859e-07
103 43 2.210353427565368e-08
109 43 3.873720991455453e-07
112 43 4.701963784581456e-07
5 44 -2.148804811183275e-07
11 44 -5.924322783353079e-09
14 44 1.95384771997823e-09
29 44 -3.475018694125301e-09
35 44 -1.848895984558574e-07
38 44 8.72655023905753e-10
41 44 1.106723334462609e-09
44 44 7.424057660632723e-08
65 44 1.599254094557031e-09
86 44 4.496274303207928e-07
92 44 1.278512166570431e-08
101 44 3.657357145427859e-07
104 44 2.210353427565368e-08
110 44 3.873720991455453e-07
113 44 4.701963784581456e-07
6 45 -2.148804811183275e-07
12 45 -5.924322783353079e-09
15 45 1.95384771997823e-09
30 45 -3.475018694125301e-09
36 45 -1.848895984558574e-07
39 45 8.72655023905753e-10
42 45 1.106723334462609e-09
45 45 7.424057660632723e-08
66 45 1.599254094557031e-09
87 45 4.496274303207928e-07
93 45 1.278512166570431e-08
102 45 3.657357145427859e-07
105 45 2.210353427565368e-08
111 45 3.873720991455453e-07
114 45 4.701963784581456e-07
1 46 -2.997346919291192e-09
28 46 -1.957872582530582e-08
31 46 7.570350610039858e-10
46 46 5.029669815696862e-09
49 46 -1.946719561487256e-08
52 46 7.526942081535434e-10
70 46 1.14678892564738e-08
76 46 7.098664327509712e-08
82 46 7.145899468584596e-08
205 46 8.667383916629775e-09
208 46 -2.06469932902971e-08
211 46 8.594220191114441e-09
2 47 -2.997346919291192e-09
29 47 -1.957872582530582e-08
32 47 7.570350610039858e-10
47 47 5.029669815696862e-09
50 47 -1.946719561487256e-08
53 47 7.526942081535434e-10
71 47 1.14678892564738e-08
77 47 7.098664327509712e-08
83 47 7.145899468584596e-08
206 47 8.667383916629775e-09
209 47 -2.06469932902971e-08
212 47 8.594220191114441e-09
3 48 -2.997346919291192e-09
30 48 -1.957872582530582e-08
33 48 7.570350610039858e-10
48 48 5.029669815696862e-09
51 48 -1.946719561487256e-08
54 48 7.526942081535434e-10
72 48 1.14678892564738e-08
78 48 7.098664327509712e-08
84 48 7.145899468584596e-08
207 48 8.667383916629775e-09
210 48 -2.06469932902971e-08
213 48 8.594220191114441e-09
1 49 4.629568283249636e-08
22 49 -5.318376367864191e-09
25 49 4.326093852599302e-07
28 49 7.04886301602202e-08
31 49 -3.115115239447702e-09
46 49 -1.946719561487256e-08
49 49 2.688323513733407e-06
52 49 -1.342517783927588e-08
55 49 -1.535556562411613e-07
70 49 -1.821020794051482e-07
76 49 -6.018854995667787e-06
79 49 -9.454540657066326e-07
82 49 -2.443673075380394e-07
178 49 -4.16603808290636e-06
181 49 -8.411619635599651e-07
205 49 -3.586788325495522e-08
208 49 6.264726925662768e-07
211 49 -3.574206838196636e-07
268 49 -6.85933966176596e-07
271 49 -1.482635150427116e-06
274 49 2.105060964013965e-06
2 50 4.629568283249636e-08
23 50 -5.318376367864191e-09
26 50 4.326093852599302e-07
29 50 7.04886301602202e-08
32 50 -3.115115239447702e-09
47 50 -1.946719561487256e-08
50 50 2.688323513733407e-06
53 50 -1.342517783927588e-08
56 50 -1.535556562411613e-07
71 50 -1.821020794051482e-07
77 50 -6.018854995667787e-06
80 50 -9.454540657066326e-07
83 50 -2.443673075380394e-07
179 50 -4.16603808290636e-06
182 50 -8.411619635599651e-07
206 50 -3.586788325495522e-08
209 50 6.264726925662768e-07
212 50 -3.574206838196636e-07
269 50 -6.85933966176596e-07
272 50 -1.482635150427116e-06
275 50 2.105060964013965e-06
3 51 4.629568283249636e-08
24 51 -5.318376367864191e-09
27 51 4.326093852599302e-07
30 51 7.04886301602202e-08
33 51 -3.115115239447702e-09
48 51 -1.946719561487256e-08
51 51 2.688323513733407e-06
54 51 -1.342517783927588e-08
57 51 -1.535556562411613e-07
72 51 -1.821020794051482e-07
78 51 -6.018854995667787e-06
81 51 -9.454540657066326e-07
84 51 -2.443673075380394e-07
180 51 -4.16603808290636e-06
183 51 -8.411619635599651e-07
207 51 -3.586788325495522e-08
210 51 6.264726925662768e-07
213 51 -3.574206838196636e-07
270 51 -6.85933966176596e-07
273 51 -1.482635150427116e-06
276 51 2.105060964013965e-06
1 52 -1.657407346765403e-08
22 52 1.688763049793208e-09
25 52 -5.116120866604875e-09
28 52 -3.112944813022477e-09
31 52 9.882308484665687e-10
46 52 7.526942081535434e-10
49 52 -1.342517783927588e-08
52 52 4.534372899724149e-09
55 52 1.283759570194282e-09
70 52 6.802718808054942e-08
76 52 5.230810840288098e-08
79 52 1.918023141914493e-08
82 52 1.14678892564738e-08
2 53 -1.657407346765403e-08
23 53 1.688763049793208e-09
26 53 -5.116120866604875e-09
29 53 -3.112944813022477e-09
32 53 9.882308484665687e-10
47 53 7.526942081535434e-10
50 53 -1.342517783927588e-08
53 53 4.534372899724149e-09
56 53 1.283759570194282e-09
71 53 6.802718808054942e-08
77 53 5.230810840288098e-08
80 53 1.918023141914493e-08
83 53 1.14678892564738e-08
3 54 -1.657407346765403e-08
24 54 1.688763049793208e-09
27 54 -5.116120866604875e-09
30 54 -3.112944813022477e-09
33 54 9.882308484665687e-10
48 54 7.526942081535434e-10
51 54 -1.342517783927588e-08
54 54 4.534372899724149e-09
57 54 1.283759570194282e-09
72 54 6.802718808054942e-08
78 54 5.230810840288098e-08
81 54 1.918023141914493e-08
84 54 1.14678892564738e-08
1 55 -5.115874628064728e-09
22 55 1.688270572712922e-09
25 55 -1.858104699900829e-07
49 55 -1.535556562411613e-07
52 55 1.283759570194282e-09
55 55 6.118254097578013e-08
70 55 1.918023141914492e-08
76 55 3.263613482490152e-07
79 55 4.196230063028237e-07
178 55 2.958628641791923e-07
181 55 3.804147047764294e-07
2 56 -5.115874628064728e-09
23 56 1.688270572712922e-09
26 56 -1.858104699900829e-07
50 56 -1.535556562411613e-07
53 56 1.283759570194282e-09
56 56 6.118254097578013e-08
71 56 1.918023141914492e-08
77 56 3.263613482490152e-07
80 56 4.196230063028237e-07
179 56 2.958628641791923e-07
182 56 3.804147047764294e-07
3 57 -5.115874628064728e-09
24 57 1.688270572712922e-09
27 57 -1.858104699900829e-07
51 57 -1.535556562411613e-07
54 57 1.283759570194282e-09
57 57 6.118254097578013e-08
72 57 1.918023141914492e-08
78 57 3.263613482490152e-07
81 57 4.196230063028237e-07
180 57 2.958628641791923e-07
183 57 3.804147047764294e-07
10 58 5.550306881357031e-07
16 58 6.509924564954272e-08
19 58 -6.979923412517714e-09
34 58 1.299286150979369e-07
58 58 6.280215567729376e-06
61 58 -3.943997994039707e-08
64 58 -4.206810937870861e-09
67 58 -2.176630766741157e-07
103 58 -1.102439051794643e-06
109 58 -4.077033571870512e-07
118 58 -2.166673037552161e-08
121 58 -7.217722548380454e-06
124 58 -2.527388003798845e-07
130 58 -1.231493315699851e-05
133 58 -1.164128758941196e-06
139 58 2.569313184233961e-07
142 58 -8.525523753403714e-08
145 58 -5.623508356685739e-09
157 58 -6.83674783635004e-07
193 58 5.943826986710245e-11
202 58 -1.221049224952899e-12
241 58 -4.921588138685261e-12
247 58 -5.678223090760628e-06
253 58 -2.346072156154383e-10
256 58 -1.096790274656348e-07
283 58 2.346482125505995e-08
286 58 -1.028645028203249e-12
289 58 -4.34328406503547e-09
292 58 -2.020031424743698e-10
295 58 -2.538712552315406e-08
298 58 -3.484924183996621e-07
304 58 -6.799881063414561e-08
307 58 -3.524655984365695e-06
11 59 5.550306881357031e-07
17 59 6.509924564954272e-08
20 59 -6.979923412517714e-09
35 59 1.299286150979369e-07
59 59 6.280215567729376e-06
62 59 -3.943997994039707e-08
65 59 -4.206810937870861e-09
68 59 -2.176630766741157e-07
104 59 -1.102439051794643e-06
110 59 -4.077033571870512e-07
119 59 -2.166673037552161e-08
122 59 -7.217722548380454e-06
125 59 -2.527388003798845e-07
131 59 -1.231493315699851e-05
134 59 -1.164128758941196e-06
140 59 2.569313184233961e-07
143 59 -8.525523753403714e-08
146 59 -5.623508356685739e-09
158 59 -6.83674783635004e-07
194 59 5.943826986710245e-11
203 59 -1.221049224952899e-12
242 59 -4.921588138685261e-12
248 59 -5.678223090760628e-06
254 59 -2.346072156154383e-10
257 59 -1.096790274656348e-07
284 59 2.346482125505995e-08
287 59 -1.028645028203249e-12
290 59 -4.34328406503547e-09
293 59 -2.020031424743698e-10
296 59 -2.538712552315406e-08
299 59 -3.484924183996621e-07
305 59 -6.799881063414561e-08
308 59 -3.524655984365695e-06
12 60 5.550306881357031e-07
18 60 6.509924564954272e-08
21 60 -6.979923412517714e-09
36 60 1.299286150979369e-07
60 60 6.280215567729376e-06
63 60 -3.943997994039707e-08
66 60 -4.206810937870861e-09
69 60 -2.176630766741157e-07
105 60 -1.102439051794643e-06
111 60 -4.077033571870512e-07
120 60 -2.166673037552161e-08
123 60 -7.217722548380454e-06
126 60 -2.527388003798845e-07
132 60 -1.231493315699851e-05
135 60 -1.164128758941196e-06
141 60 2.569313184233961e-07
144 60 -8.525523753403714e-08
147 60 -5.623508356685739e-09
159 60 -6.83674783635004e-07
195 60 5.943826986710245e-11
204 60 -1.221049224952899e-12
243 60 -4.921588138685261e-12
249 60 -5.678223090760628e-06
255 60 -2.346072156154383e-10
258 60 -1.096790274656348e-07
285 60 2.346482125505995e-08
288 60 -1.028645028203249e-12
291 60 -4.34328406503547e-09
294 60 -2.020031424743698e-10
297 60 -2.538712552315406e-08
300 60 -3.484924183996621e-07
306 60 -6.799881063414561e-08
309 60 -3.524655984365695e-06
10 61 -4.091481517890845e-09
34 61 -3.873566893180879e-08
58 61 -3.943997994039707e-08
61 61 1.10164654869014e-08
64 61 1.105467649973809e-09
67 61 1.121010398684395e-09
103 61 1.54911172615496e-08
109 61 1.306561600040046e-07
121 61 1.33304764157761e-07
193 61 -1.229703653032149e-12
202 61 8.215443132721196e-14
241 61 8.790123217967162e-14
247 61 2.920719873906056e-08
253 61 4.819351324642884e-12
256 61 2.834150043207163e-08
11 62 -4.091481517890845e-09
35 62 -3.873566893180879e-08
59 62 -3.943997994039707e-08
62 62 1.10164654869014e-08
65 62 1.105467649973809e-09
68 62 1.121010398684395e-09
104 62 1.54911172615496e-08
110 62 1.306561600040046e-07
122 62 1.33304764157761e-07
194 62 -1.229703653032149e-12
203 62 8.215443132721196e-14
242 62 8.790123217967162e-14
248 62 2.920719873906056e-08
254 62 4.819351324642884e-12
257 62 2.834150043207163e-08
12 63 -4.091481517890845e-09
36 63 -3.873566893180879e-08
60 63 -3.943997994039707e-08
63 63 1.10164654869014e-08
66 63 1.105467649973809e-09
69 63 1.121010398684395e-09
105 63 1.54911172615496e-08
111 63 1.306561600040046e-07
123 63 1.33304764157761e-07
195 63 -1.229703653032149e-12
204 63 8.215443132721196e-14
243 63 8.790123217967162e-14
249 63 2.920719873906056e-08
255 63 4.819351324642884e-12
258 63 2.834150043207163e-08
4 64 -5.927071401752277e-09
10 64 -1.99633484320549e-08
13 64 1.959344956776608e-09
34 64 -1.711972433329734e-08
43 64 1.599254094557031e-09
58 64 -4.206810937870861e-09
61 64 1.105467649973809e-09
64 64 5.881312857882492e-09
67 64 1.351669238644431e-09
103 64 8.144934888854852e-08
109 64 6.709846551339009e-08
112 64 2.210353427565368e-08
121 64 1.54911172615496e-08
5 65 -5.927071401752277e-09
11 65 -1.99633484320549e-08
14 65 1.959344956776608e-09
35 65 -1.711972433329734e-08
44 65 1.599254094557031e-09
59 65 -4.206810937870861e-09
62 65 1.105467649973809e-09
65 65 5.881312857882492e-09
68 65 1.351669238644431e-09
104 65 8.144934888854852e-08
110 65 6.709846551339009e-08
113 65 2.210353427565368e-08
122 65 1.54911172615496e-08
6 66 -5.927071401752277e-09
12 66 -1.99633484320549e-08
15 66 1.959344956776608e-09
36 66 -1.711972433329734e-08
45 66 1.599254094557031e-09
60 66 -4.206810937870861e-09
63 66 1.105467649973809e-09
66 66 5.881312857882492e-09
69 66 1.351669238644431e-09
105 66 8.144934888854852e-08
111 66 6.709846551339009e-08
114 66 2.210353427565368e-08
123 66 1.54911172615496e-08
10 67 -2.421299425151891e-07
16 67 -6.838773484097131e-09
19 67 2.254991216742293e-09
34 67 -4.214582312226153e-09
58 67 -2.176630766741157e-07
61 67 1.121010398684395e-09
64 67 1.351669238644431e-09
67 67 8.880453984196553e-08
103 67 5.015998465664471e-07
109 67 1.54911172615496e-08
118 67 1.98252488102258e-09
121 67 4.301690410156783e-07
124 67 2.538240257648738e-08
130 67 4.631345774197771e-07
133 67 5.296431164435981e-07
11 68 -2.421299425151891e-07
17 68 -6.838773484097131e-09
20 68 2.254991216742293e-09
35 68 -4.214582312226153e-09
59 68 -2.176630766741157e-07
62 68 1.121010398684395e-09
65 68 1.351669238644431e-09
68 68 8.880453984196553e-08
104 68 5.015998465664471e-07
110 68 1.54911172615496e-08
119 68 1.98252488102258e-09
122 68 4.301690410156783e-07
125 68 2.538240257648738e-08
131 68 4.631345774197771e-07
134 68 5.296431164435981e-07
12 69 -2.421299425151891e-07
18 69 -6.838773484097131e-09
21 69 2.254991216742293e-09
36 69 -4.214582312226153e-09
60 69 -2.176630766741157e-07
63 69 1.121010398684395e-09
66 69 1.351669238644431e-09
69 69 8.880453984196553e-08
105 69 5.015998465664471e-07
111 69 1.54911172615496e-08
120 69 1.98252488102258e-09
123 69 4.301690410156783e-07
126 69 2.538240257648738e-08
132 69 4.631345774197771e-07
135 69 5.296431164435981e-07
1 70 -2.231506105491832e-06
22 70 4.996359947145345e-08
25 70 -1.275316263595625e-07
28 70 -9.418004528125444e-07
31 70 4.207510548208798e-07
46 70 1.14678892564738e-08
49 70 -1.821020794051482e-07
52 70 6.802718808054942e-08
55 70 1.918023141914492e-08
70 70 7.337565996267285e-06
76 70 6.820411172673062e-07
79 70 4.909382433047205e-07
82 70 2.538573564624656e-06
91 70 1.127763499408338e-06
94 70 2.804460175581686e-06
2 71 -2.231506105491832e-06
23 71 4.996359947145345e-08
26 71 -1.275316263595625e-07
29 71 -9.418004528125444e-07
32 71 4.207510548208798e-07
47 71 1.14678892564738e-08
50 71 -1.821020794051482e-07
53 71 6.802718808054942e-08
56 71 1.918023141914492e-08
71 71 7.337565996267285e-06
77 71 6.820411172673062e-07
80 71 4.909382433047205e-07
83 71 2.538573564624656e-06
92 71 1.127763499408338e-06
95 71 2.804460175581686e-06
3 72 -2.231506105491832e-06
24 72 4.996359947145345e-08
27 72 -1.275316263595625e-07
30 72 -9.418004528125444e-07
33 72 4.207510548208798e-07
48 72 1.14678892564738e-08
51 72 -1.821020794051482e-07
54 72 6.802718808054942e-08
57 72 1.918023141914492e-08
72 72 7.337565996267285e-06
78 72 6.820411172673062e-07
81 72 4.909382433047205e-07
84 72 2.538573564624656e-06
93 72 1.127763499408338e-06
96 72 2.804460175581686e-06
73 73   0.2703821784386458
74 73 -0.02430404060072598
75 73 -0.0007707238562456761
88 73 0.006937665722140716
89 73 -0.003213378910001196
90 73 -1.488095568037316e-05
97 73 -0.06057635008696591
98 73  0.02417266613342686
99 73 1.996882257153073e-06
175 73 -0.03104034414544381
176 73 0.005628291858162771
177 73 3.938375871507806e-06
184 73 0.007093070097032148
185 73  -0.0022656484755048
186 73 -2.239228711115249e-05
217 73  -0.1973292439690682
218 73  0.03681451882668167
219 73  0.03190119967675974
235 73  0.03046625406955984
236 73 -0.01859771393663175
237 73 -0.009500069523416128
277 73 -0.04595351112994053
278 73 -0.01658771957814065
279 73  0.01292517199343457
280 73  0.00845575929171415
281 73 -0.001855681385602878
282 73 9.410567686351788e-05
319 73 -1.085877495878954e-05
320 73 4.494029633167823e-07
321 73 -5.423602732140934e-05
322 73 -0.0003821016010215464
323 73 -3.699681020426716e-06
324 73 0.0005339529543879318
325 73 0.0008479157001710829
326 73 2.681467135992805e-05
327 73 -0.001124607243990258
328 73 5.727775625513224e-06
329 73 -9.935489868701973e-07
330 73 9.935489868701975e-07
331 73 0.0007221070725884568
332 73 -1.12638413456554e-05
333 73 -0.001009709502276442
334 73 2.979951284733817e-07
335 73 -4.469926927100735e-07
336 73 -1.589213131640689e-06
338 73 3.702045718205541e-06
339 73 1.647016881201385e-05
340 73 1.277326401278706e-06
341 73 -1.485527615587583e-05
342 73 -6.325552051657371e-05
343 73 -1.64227680164405e-06
344 73 2.955848578666732e-07
345 73 -1.829494077423167e-06
346 73 6.695527189196267e-08
347 73 -2.364697778825107e-09
348 73 -1.00432907837944e-07
73 74 -0.02430404060072598
74 74   0.2921947710204064
75 74 -0.03488255290178787
88 74 -0.002142252606667457
89 74  0.02428183002749257
90 74 -0.004780532159792888
97 74  0.02142916314144308
98 74  -0.1211069803926604
99 74  0.03022557187790155
175 74  0.00844243778724418
176 74  -0.1086293689424565
177 74  0.01669143383905497
184 74 -0.003398472713257201
185 74  0.02482574533961247
186 74 -0.007218740145179863
217 74  0.03590487924533969
218 74 -0.08303990623894546
219 74 -0.008167843753104951
235 74 -0.01771252834357962
236 74  0.03489218203482049
237 74 0.009500069523416128
277 74 -0.01574872293389612
278 74 -0.04091445497490069
279 74 0.008630783004702922
280 74 -0.002783522078404317
281 74  0.02959515752099949
282 74 -0.009991855422711134
319 74 2.996019755445219e-07
320 74 2.986388587182611e-05
321 74 -3.723293315630734e-06
322 74 -2.466454013617813e-06
323 74 -0.0003821016010215464
324 74 4.166590115800578e-05
325 74 1.870440506234392e-05
326 74 0.0008479157001710829
327 74 -0.00016547393683528
328 74 -1.490323480305297e-06
329 74 8.211648092688707e-06
330 74 -8.094888944834734e-06
331 74 -7.509227563770322e-06
332 74 0.0006789005392906659
333 74 7.509227563770322e-06
334 74 -2.979951284733818e-07
335 74 1.042982949656836e-06
336 74 1.589213131640688e-06
337 74 2.468030478803695e-06
339 74 -1.893819929081754e-05
340 74 -1.015184671097837e-05
341 74 3.649504003653445e-07
342 74 7.289341926295004e-05
343 74 4.453858456389336e-07
344 74 -1.474888621914144e-06
345 74 2.296484232697595e-06
346 74 -1.576465185883378e-09
347 74 6.695527189196267e-08
348 74 1.576465185883378e-09
73 75 -0.0007707238562456761
74 75 -0.03488255290178787
75 75   0.3900769412358108
88 75 -9.920637120248765e-06
89 75 -0.007183199036089655
90 75 0.006937665722140716
97 75 1.331254838102048e-06
98 75  0.03575475303385946
99 75 -0.06380473063257174
175 75 5.90756380726171e-06
176 75  0.01112828576834263
177 75 -0.03105217971204042
184 75 -3.358843066672871e-05
185 75 -0.004793833190860621
186 75 0.007093070097032148
217 75  0.02176467996691646
218 75 -0.005391344081149965
219 75 -0.06432586593113829
235 75 -0.006333379682277413
236 75 0.006333379682277413
237 75  0.01452409691208455
277 75 0.009237729179620919
278 75 0.005782336835133797
279 75 -0.02189484599604305
280 75 0.0001411585152952768
281 75 -0.006743603534725878
282 75  0.00845575929171415
319 75 -2.175517378167589e-05
320 75 -1.903906367649094e-06
321 75 0.0001589075599514723
322 75 0.0003559686362586211
323 75 2.983264578335199e-05
324 75 -0.00133735560357541
325 75 -0.0007505661201492273
326 75 -0.0001246610258752187
327 75 0.002967704950598788
328 75 1.490323480305297e-06
329 75 -6.224550118948317e-06
330 75 1.756334222212078e-05
331 75 -0.0006875418459502249
332 75 1.12638413456554e-05
333 75 0.002332945354219541
334 75 -1.059475421093793e-06
335 75 1.059475421093793e-06
336 75 2.979951284733817e-07
337 75 1.098011254134257e-05
338 75 -1.468215825954811e-05
340 75 -4.222614307095919e-05
341 75 5.668299119052368e-05
342 75 3.649504003653445e-07
343 75 -1.163866658372142e-06
344 75 1.78065780141883e-06
345 75 -8.972889804605955e-07
346 75 -6.695527189196267e-08
347 75 2.364697778825107e-09
348 75 2.343434516218691e-07
1 76 -1.742425395663139e-07
22 76 1.918023141914493e-08
25 76 -8.988232366797277e-07
28 76 -2.44131131832665e-07
31 76 1.14678892564738e-08
46 76 7.098664327509712e-08
49 76 -6.018854995667787e-06
52 76 5.230810840288098e-08
55 76 3.263613482490152e-07
70 76 6.820411172673062e-07
76 76 1.766267676157054e-05
79 76 2.574842285360564e-06
82 76 8.611666203110598e-07
178 76 5.648367734183782e-06
181 76 1.094532087993005e-06
205 76 1.043623691738749e-07
208 76 -1.796909491783577e-06
211 76 9.800841199356472e-07
268 76  1.4299831156096e-06
271 76 2.723220794825119e-06
274 76 -4.279926383965501e-06
2 77 -1.742425395663139e-07
23 77 1.918023141914493e-08
26 77 -8.988232366797277e-07
29 77 -2.44131131832665e-07
32 77 1.14678892564738e-08
47 77 7.098664327509712e-08
50 77 -6.018854995667787e-06
53 77 5.230810840288098e-08
56 77 3.263613482490152e-07
71 77 6.820411172673062e-07
77 77 1.766267676157054e-05
80 77 2.574842285360564e-06
83 77 8.611666203110598e-07
179 77 5.648367734183782e-06
182 77 1.094532087993005e-06
206 77 1.043623691738749e-07
209 77 -1.796909491783577e-06
212 77 9.800841199356472e-07
269 77  1.4299831156096e-06
272 77 2.723220794825119e-06
275 77 -4.279926383965501e-06
3 78 -1.742425395663139e-07
24 78 1.918023141914493e-08
27 78 -8.988232366797277e-07
30 78 -2.44131131832665e-07
33 78 1.14678892564738e-08
48 78 7.098664327509712e-08
51 78 -6.018854995667787e-06
54 78 5.230810840288098e-08
57 78 3.263613482490152e-07
72 78 6.820411172673062e-07
78 78 1.766267676157054e-05
81 78 2.574842285360564e-06
