%%MatrixMarket matrix coordinate real general
304 304 3392
1 1 0.007199999999999999
2 1              -0.0023
3 1 0.0001333333333333333
4 1 -0.0007666666666666666
5 1              -0.0023
6 1 -0.0007666666666666666
7 1 0.0001333333333333333
1 2              -0.0023
2 2  0.01659999999999999
3 2               0.0004
4 2 0.0001333333333333333
5 2 0.0002666666666666667
7 2              -0.0023
8 2              -0.0023
9 2 0.0002666666666666667
10 2              -0.0046
11 2              -0.0023
12 2 0.0001333333333333333
1 3 0.0001333333333333333
2 3               0.0004
3 3 0.009399999999999997
4 3 -0.001533333333333334
5 3              -0.0023
8 3 0.0001333333333333333
9 3              -0.0023
10 3 0.0002666666666666666
13 3 -0.001533333333333334
1 4 -0.0007666666666666666
2 4 0.0001333333333333333
3 4 -0.001533333333333334
4 4 0.003599999999999999
8 4 -0.0007666666666666665
1 5              -0.0023
2 5 0.0002666666666666667
3 5              -0.0023
5 5               0.0166
6 5 0.0001333333333333333
7 5               0.0004
10 5 -0.004599999999999999
13 5 0.0001333333333333333
14 5              -0.0023
15 5              -0.0023
16 5 0.0002666666666666666
1 6 -0.0007666666666666666
5 6 0.0001333333333333333
6 6               0.0072
7 6              -0.0023
15 6 -0.002300000000000001
17 6 -0.0007666666666666664
18 6 0.0001333333333333334
1 7 0.0001333333333333333
2 7              -0.0023
5 7               0.0004
6 7              -0.0023
7 7  0.01659999999999999
10 7 0.0002666666666666667
12 7              -0.0023
15 7 0.0002666666666666667
16 7 -0.004600000000000001
18 7 -0.002299999999999999
19 7 0.0001333333333333334
2 8              -0.0023
3 8 0.0001333333333333333
4 8 -0.0007666666666666665
8 8 0.007199999999999998
9 8              -0.0023
11 8 0.0001333333333333333
20 8 -0.0007666666666666665
2 9 0.0002666666666666667
3 9              -0.0023
8 9              -0.0023
9 9               0.1816
10 9 -0.004599999999999999
11 9               0.0004
13 9 0.0001333333333333333
20 9 0.0001333333333333333
21 9              -0.0023
22 9 0.0002666666666666666
23 9  -0.1672999999999999
2 10              -0.0046
3 10 0.0002666666666666666
5 10 -0.004599999999999999
7 10 0.0002666666666666667
9 10 -0.004599999999999999
10 10               0.1982
11 10 0.0002666666666666667
12 10               0.0004
13 10               0.0004
14 10 0.0002666666666666667
16 10 -0.004599999999999999
21 10 0.0002666666666666667
22 10              -0.1696
24 10              -0.0046
25 10 0.0002666666666666666
2 11              -0.0023
8 11 0.0001333333333333333
9 11               0.0004
10 11 0.0002666666666666667
11 11               1.0066
12 11  -0.1672999999999999
20 11  -0.1672999999999999
22 11  -0.4171000000000001
23 11 0.0002666666666666667
26 11  -0.2497999999999999
27 11 0.0001333333333333334
2 12 0.0001333333333333333
7 12              -0.0023
10 12               0.0004
11 12  -0.1672999999999999
12 12               1.0066
16 12 0.0002666666666666667
19 12  -0.1672999999999999
22 12 0.0002666666666666667
25 12  -0.4171000000000001
27 12  -0.2497999999999999
28 12 0.0001333333333333334
3 13 -0.001533333333333334
5 13 0.0001333333333333333
9 13 0.0001333333333333333
10 13               0.0004
13 13 0.009399999999999997
14 13              -0.0023
21 13              -0.0023
24 13 0.0002666666666666667
29 13 -0.001533333333333333
5 14              -0.0023
10 14 0.0002666666666666667
13 14              -0.0023
14 14               0.0166
15 14 0.0001333333333333333
16 14               0.0004
24 14 -0.004600000000000001
29 14 0.0001333333333333334
30 14 -0.002299999999999999
31 14              -0.0023
32 14 0.0002666666666666667
5 15              -0.0023
6 15 -0.002300000000000001
7 15 0.0002666666666666667
14 15 0.0001333333333333333
15 15               0.0166
16 15              -0.0046
17 15 0.0001333333333333334
18 15 0.0004000000000000001
31 15 -0.002300000000000001
33 15 -0.002299999999999999
34 15 0.0002666666666666667
5 16 0.0002666666666666666
7 16 -0.004600000000000001
10 16 -0.004599999999999999
12 16 0.0002666666666666667
14 16               0.0004
15 16              -0.0046
16 16               0.1982
18 16 0.0002666666666666668
19 16 0.0004000000000000001
24 16 0.0002666666666666667
25 16              -0.1696
31 16 0.0002666666666666667
32 16 -0.004600000000000001
34 16 -0.004599999999999998
35 16 0.0002666666666666667
6 17 -0.0007666666666666664
15 17 0.0001333333333333334
17 17 0.007199999999999999
18 17              -0.0023
33 17              -0.0023
36 17 -0.0007666666666666665
37 17 0.0001333333333333333
6 18 0.0001333333333333334
7 18 -0.002299999999999999
15 18 0.0004000000000000001
16 18 0.0002666666666666668
17 18              -0.0023
18 18               0.0166
19 18              -0.0023
33 18 0.0002666666666666667
34 18 -0.004600000000000001
37 18 -0.002299999999999999
38 18 0.0001333333333333333
7 19 0.0001333333333333334
12 19  -0.1672999999999999
16 19 0.0004000000000000001
18 19              -0.0023
19 19               1.0066
25 19 0.0002666666666666668
28 19  -0.2497999999999999
34 19 0.0002666666666666667
35 19  -0.4171000000000001
38 19  -0.1672999999999999
39 19 0.0001333333333333333
8 20 -0.0007666666666666665
9 20 0.0001333333333333333
11 20  -0.1672999999999999
20 20   0.5022000000000001
23 20  -0.2498000000000001
26 20 0.0001333333333333334
40 20 -0.08326666666666663
9 21              -0.0023
10 21 0.0002666666666666667
13 21              -0.0023
21 21               0.1816
22 21               0.0004
23 21 0.0001333333333333333
24 21 -0.004600000000000001
29 21 0.0001333333333333334
41 21 -0.002299999999999999
42 21 0.0002666666666666667
43 21  -0.1672999999999999
9 22 0.0002666666666666666
10 22              -0.1696
11 22  -0.4171000000000001
12 22 0.0002666666666666667
21 22               0.0004
22 22    2.343200000000001
23 22  -0.4170999999999999
24 22 0.0002666666666666667
25 22  -0.4170999999999999
26 22 0.0002666666666666667
27 22 0.0004000000000000001
42 22  -0.4171000000000001
43 22 0.0002666666666666667
44 22  -0.4995999999999997
45 22 0.0002666666666666667
9 23  -0.1672999999999999
11 23 0.0002666666666666667
20 23  -0.2498000000000001
21 23 0.0001333333333333333
22 23  -0.4170999999999999
23 23               1.3366
26 23 0.0004000000000000001
40 23 0.0001333333333333334
43 23  -0.2498000000000001
44 23 0.0002666666666666667
46 23  -0.2497999999999999
10 24              -0.0046
13 24 0.0002666666666666667
14 24 -0.004600000000000001
16 24 0.0002666666666666667
21 24 -0.004600000000000001
22 24 0.0002666666666666667
24 24               0.1982
25 24               0.0004
29 24 0.0004000000000000002
30 24 0.0002666666666666668
32 24 -0.004600000000000001
41 24 0.0002666666666666668
42 24              -0.1696
47 24 -0.004599999999999998
48 24 0.0002666666666666667
10 25 0.0002666666666666666
12 25  -0.4171000000000001
16 25              -0.1696
19 25 0.0002666666666666668
22 25  -0.4170999999999999
24 25               0.0004
25 25    2.343200000000001
27 25 0.0002666666666666668
28 25 0.0004000000000000002
32 25 0.0002666666666666667
35 25  -0.4170999999999999
42 25 0.0002666666666666667
45 25  -0.4995999999999998
48 25  -0.4171000000000001
49 25 0.0002666666666666668
11 26  -0.2497999999999999
20 26 0.0001333333333333334
22 26 0.0002666666666666667
23 26 0.0004000000000000001
26 26    3.429059183041046
27 26  -0.8473271012259529
40 26  -0.8475649528906537
44 26   -1.006858466418102
46 26   0.1526084889736081
226 26  -0.7487038718434759
227 26   0.1608783852882846
11 27 0.0001333333333333334
12 27  -0.2497999999999999
22 27 0.0004000000000000001
25 27 0.0002666666666666668
26 27  -0.8473271012259529
27 27    3.427169404429007
28 27  -0.8468539054635924
44 27   0.1526657775116796
45 27   -1.005775696723948
227 27   -0.747974259346728
228 27   0.1609214139734947
12 28 0.0001333333333333334
19 28  -0.2497999999999999
25 28 0.0004000000000000002
27 28  -0.8468539054635924
28 28    3.423714554888525
35 28 0.0002666666666666667
39 28   -0.846034711642586
45 28   0.1528002161246088
49 28   -1.003788233719578
228 28  -0.7464498551419256
229 28   0.1610839717730542
13 29 -0.001533333333333333
14 29 0.0001333333333333334
21 29 0.0001333333333333334
24 29 0.0004000000000000002
29 29 0.009400000000000002
30 29 -0.002300000000000001
41 29 -0.002300000000000001
47 29 0.0002666666666666668
54 29 -0.001533333333333334
14 30 -0.002299999999999999
24 30 0.0002666666666666668
29 30 -0.002300000000000001
30 30               0.0166
31 30 0.0001333333333333334
32 30 0.0004000000000000002
47 30 -0.004600000000000003
54 30 0.0001333333333333334
55 30 -0.002300000000000001
56 30 -0.002300000000000001
57 30 0.0002666666666666668
14 31              -0.0023
15 31 -0.002300000000000001
16 31 0.0002666666666666667
30 31 0.0001333333333333334
31 31               0.0166
32 31 -0.004600000000000002
33 31 0.0001333333333333334
34 31 0.0004000000000000001
56 31 -0.002299999999999999
58 31 -0.002299999999999999
59 31 0.0002666666666666668
14 32 0.0002666666666666667
16 32 -0.004600000000000001
24 32 -0.004600000000000001
25 32 0.0002666666666666667
30 32 0.0004000000000000002
31 32 -0.004600000000000002
32 32               0.1982
34 32 0.0002666666666666668
35 32 0.0004000000000000001
47 32 0.0002666666666666668
48 32              -0.1696
56 32 0.0002666666666666668
57 32 -0.004599999999999998
59 32 -0.004599999999999998
60 32 0.0002666666666666668
15 33 -0.002299999999999999
17 33              -0.0023
18 33 0.0002666666666666667
31 33 0.0001333333333333334
33 33  0.01659999999999999
34 33              -0.0046
36 33 0.0001333333333333333
37 33 0.0003999999999999999
58 33              -0.0023
61 33              -0.0023
62 33 0.0002666666666666666
15 34 0.0002666666666666667
16 34 -0.004599999999999998
18 34 -0.004600000000000001
19 34 0.0002666666666666667
31 34 0.0004000000000000001
32 34 0.0002666666666666668
33 34              -0.0046
34 34   0.1981999999999999
35 34  -0.1695999999999999
37 34 0.0002666666666666666
38 34 0.0003999999999999999
58 34 0.0002666666666666667
59 34 -0.004600000000000001
62 34 -0.004599999999999998
63 34 0.0002666666666666666
16 35 0.0002666666666666667
19 35  -0.4171000000000001
25 35  -0.4170999999999999
28 35 0.0002666666666666667
32 35 0.0004000000000000001
34 35  -0.1695999999999999
35 35    2.343200000000001
38 35 0.0002666666666666666
39 35 0.0004000000000000001
48 35 0.0002666666666666668
49 35  -0.4995999999999997
59 35 0.0002666666666666667
60 35  -0.4171000000000001
63 35  -0.4170999999999999
64 35 0.0002666666666666667
17 36 -0.0007666666666666665
33 36 0.0001333333333333333
36 36 0.007199999999999997
37 36 -0.002299999999999999
61 36              -0.0023
65 36 -0.0007666666666666665
66 36 0.0001333333333333333
17 37 0.0001333333333333333
18 37 -0.002299999999999999
33 37 0.0003999999999999999
34 37 0.0002666666666666666
36 37 -0.002299999999999999
37 37  0.01659999999999999
38 37 -0.002299999999999999
61 37 0.0002666666666666666
62 37 -0.004599999999999999
66 37 -0.002299999999999999
67 37 0.0001333333333333333
18 38 0.0001333333333333333
19 38  -0.1672999999999999
34 38 0.0003999999999999999
35 38 0.0002666666666666666
37 38 -0.002299999999999999
38 38               1.0066
39 38  -0.2497999999999998
62 38 0.0002666666666666666
63 38  -0.4170999999999999
67 38  -0.1672999999999999
68 38 0.0001333333333333333
19 39 0.0001333333333333333
28 39   -0.846034711642586
35 39 0.0004000000000000001
38 39  -0.2497999999999998
39 39    3.417994766425925
49 39   0.1530529581217663
63 39 0.0002666666666666667
64 39   -1.000281167415641
68 39  -0.8446805256852844
229 39   -0.743637456066475
232 39   0.1614813822079256
20 40 -0.08326666666666663
23 40 0.0001333333333333334
26 40  -0.8475649528906537
40 40    1.253529781290148
46 40  -0.4597322596680935
226 40   0.1608747509348913
233 40  0.00585271113997689
21 41 -0.002299999999999999
24 41 0.0002666666666666668
29 41 -0.002300000000000001
41 41   0.1816000000000001
42 41 0.0004000000000000002
43 41 0.0001333333333333334
47 41 -0.004600000000000003
54 41 0.0001333333333333334
71 41 -0.002300000000000001
72 41 0.0002666666666666668
73 41  -0.1673000000000001
21 42 0.0002666666666666667
22 42  -0.4171000000000001
24 42              -0.1696
25 42 0.0002666666666666667
41 42 0.0004000000000000002
42 42    2.343200000000001
43 42              -0.4171
44 42 0.0002666666666666667
45 42 0.0004000000000000001
47 42 0.0002666666666666668
48 42              -0.4171
72 42  -0.4170999999999999
73 42 0.0002666666666666668
74 42  -0.4995999999999998
75 42 0.0002666666666666668
21 43  -0.1672999999999999
22 43 0.0002666666666666667
23 43  -0.2498000000000001
41 43 0.0001333333333333334
42 43              -0.4171
43 43               1.3366
44 43 0.0004000000000000001
46 43 0.0001333333333333334
73 43  -0.2497999999999999
74 43 0.0002666666666666668
76 43  -0.2497999999999999
22 44  -0.4995999999999997
23 44 0.0002666666666666667
26 44   -1.006858466418102
27 44   0.1526657775116796
42 44 0.0002666666666666667
43 44 0.0004000000000000001
44 44    5.280386366793214
45 44   -1.229105442718676
46 44   -1.230036549112958
74 44   -1.126054264915064
76 44   0.1516541012509303
226 44   0.3074446397313679
227 44  0.02948448731969792
237 44   -1.028764400485923
238 44   0.3169843925021957
22 45 0.0002666666666666667
25 45  -0.4995999999999998
27 45   -1.005775696723948
28 45   0.1528002161246088
42 45 0.0004000000000000001
44 45   -1.229105442718676
45 45    5.893943403607484
48 45 0.0002666666666666668
49 45   -1.228797687264401
74 45   0.1516584791998604
75 45   -1.428178885742313
227 45   0.3087407396900926
228 45  0.03161341796263735
238 45   -1.316285948869116
239 45   0.3262696750286277
23 46  -0.2497999999999999
26 46   0.1526084889736081
40 46  -0.4597322596680934
43 46 0.0001333333333333334
44 46   -1.230036549112958
46 46    2.826524517495915
76 46  -0.8763807264256559
226 46  0.02835542744167237
233 46     0.14634108366954
237 46   0.3144780524506289
240 46  -0.5649375522450384
24 47 -0.004599999999999998
29 47 0.0002666666666666668
30 47 -0.004600000000000003
32 47 0.0002666666666666668
41 47 -0.004600000000000003
42 47 0.0002666666666666668
47 47   0.1982000000000001
48 47 0.0004000000000000002
54 47 0.0004000000000000001
55 47 0.0002666666666666667
57 47 -0.004600000000000003
71 47 0.0002666666666666668
72 47  -0.1696000000000001
81 47 -0.004600000000000002
82 47 0.0002666666666666668
24 48 0.0002666666666666667
25 48  -0.4171000000000001
32 48              -0.1696
35 48 0.0002666666666666668
42 48              -0.4171
45 48 0.0002666666666666668
47 48 0.0004000000000000002
48 48    2.343200000000001
49 48 0.0004000000000000002
57 48 0.0002666666666666668
60 48              -0.4171
72 48 0.0002666666666666668
75 48  -0.4995999999999999
82 48              -0.4171
83 48 0.0002666666666666669
25 49 0.0002666666666666668
28 49   -1.003788233719578
35 49  -0.4995999999999997
39 49   0.1530529581217663
45 49   -1.228797687264401
48 49 0.0004000000000000002
49 49    5.276605642700326
60 49 0.0002666666666666667
64 49   -1.224756627870801
75 49   0.1516938592449069
83 49   -1.122769491828952
228 49   0.3037413671579927
229 49  0.02560765431745133
239 49   -1.025244369956229
242 49   0.3183502314583844
50 50    11774640.18858053
51 50     1671317.51458835
70 50    1657403.001001624
77 50    3120891.727212493
80 50    2235905.253703577
85 50    1999999.999999999
86 50    1333333.333333333
217 50    408631.5259254591
221 50    341810.8468810557
222 50     622972.507227693
224 50    865069.8323286568
50 51     1671317.51458835
51 51    11993777.04159688
52 51    1702462.802959217
77 51    2283171.690871949
78 51    3225415.160424466
86 51    1999999.999999999
87 51    1333333.333333333
217 51    348775.6982864148
218 51    424720.6517161382
222 51    937773.6585046245
223 51    690395.7116450374
51 52    1702462.802959217
52 52    12380988.24299332
53 52    1748760.631455574
78 52    2371374.807912149
79 52    3391378.417657716
87 52    1999999.999999999
88 52    1333333.333333332
218 52    363827.2058962056
219 52    454146.2274087081
223 52    1093328.944745745
225 52    814741.6711771674
52 53    1748760.631455573
53 53    12921549.50626637
69 53    1806330.955414821
79 53    2477012.810324459
84 53     3592001.85448544
88 53    1999999.999999998
89 53    1333333.333333332
219 53    388861.3062061966
220 53    501962.8570710589
225 53    1354155.051615449
230 53    1017907.405741908
29 54 -0.001533333333333334
30 54 0.0001333333333333334
41 54 0.0001333333333333334
47 54 0.0004000000000000001
54 54 0.009400000000000002
55 54 -0.002300000000000001
71 54 -0.002300000000000001
81 54 0.0002666666666666667
90 54 -0.001533333333333334
30 55 -0.002300000000000001
47 55 0.0002666666666666667
54 55 -0.002300000000000001
55 55               0.0166
56 55 0.0001333333333333334
57 55 0.0004000000000000001
81 55 -0.004600000000000002
90 55 0.0001333333333333334
91 55 -0.002300000000000001
92 55 -0.002300000000000001
93 55 0.0002666666666666667
30 56 -0.002300000000000001
31 56 -0.002299999999999999
32 56 0.0002666666666666668
55 56 0.0001333333333333334
56 56               0.0166
57 56 -0.004600000000000003
58 56 0.0001333333333333334
59 56 0.0004000000000000002
92 56 -0.002300000000000001
94 56 -0.002299999999999999
95 56 0.0002666666666666668
30 57 0.0002666666666666668
32 57 -0.004599999999999998
47 57 -0.004600000000000003
48 57 0.0002666666666666668
55 57 0.0004000000000000001
56 57 -0.004600000000000003
57 57   0.1982000000000002
59 57 0.0002666666666666668
60 57 0.0004000000000000002
81 57 0.0002666666666666668
82 57  -0.1696000000000001
92 57 0.0002666666666666668
93 57 -0.004600000000000003
95 57 -0.004599999999999998
96 57 0.0002666666666666668
31 58 -0.002299999999999999
33 58              -0.0023
34 58 0.0002666666666666667
56 58 0.0001333333333333334
58 58               0.0166
59 58 -0.004600000000000001
61 58 0.0001333333333333333
62 58 0.0003999999999999999
94 58 -0.002299999999999999
97 58              -0.0023
98 58 0.0002666666666666667
31 59 0.0002666666666666668
32 59 -0.004599999999999998
34 59 -0.004600000000000001
35 59 0.0002666666666666667
56 59 0.0004000000000000002
57 59 0.0002666666666666668
58 59 -0.004600000000000001
59 59   0.1981999999999999
60 59  -0.1695999999999999
62 59 0.0002666666666666666
63 59 0.0003999999999999999
94 59 0.0002666666666666668
95 59 -0.004599999999999998
98 59 -0.004600000000000001
99 59 0.0002666666666666667
32 60 0.0002666666666666668
35 60  -0.4171000000000001
48 60              -0.4171
49 60 0.0002666666666666667
57 60 0.0004000000000000002
59 60  -0.1695999999999999
60 60    2.343200000000001
63 60 0.0002666666666666666
64 60 0.0004000000000000001
82 60 0.0002666666666666669
83 60              -0.4996
95 60 0.0002666666666666668
96 60  -0.4170999999999999
99 60  -0.4171000000000001
100 60 0.0002666666666666667
33 61              -0.0023
36 61              -0.0023
37 61 0.0002666666666666666
58 61 0.0001333333333333333
61 61  0.01659999999999999
62 61 -0.004599999999999997
65 61 0.0001333333333333333
66 61 0.0003999999999999999
97 61              -0.0023
101 61              -0.0023
102 61 0.0002666666666666666
33 62 0.0002666666666666666
34 62 -0.004599999999999998
37 62 -0.004599999999999999
38 62 0.0002666666666666666
58 62 0.0003999999999999999
59 62 0.0002666666666666666
61 62 -0.004599999999999997
62 62   0.1981999999999999
63 62  -0.1695999999999999
66 62 0.0002666666666666666
67 62 0.0003999999999999999
97 62 0.0002666666666666666
98 62 -0.004599999999999999
102 62 -0.004599999999999998
103 62 0.0002666666666666666
34 63 0.0002666666666666666
35 63  -0.4170999999999999
38 63  -0.4170999999999999
39 63 0.0002666666666666667
59 63 0.0003999999999999999
60 63 0.0002666666666666666
62 63  -0.1695999999999999
63 63               2.3432
64 63  -0.4995999999999996
67 63 0.0002666666666666666
68 63 0.0004000000000000001
98 63 0.0002666666666666666
99 63  -0.4170999999999999
103 63  -0.4170999999999999
104 63 0.0002666666666666667
35 64 0.0002666666666666667
39 64   -1.000281167415641
49 64   -1.224756627870801
60 64 0.0004000000000000001
63 64  -0.4995999999999996
64 64    5.659704470287981
68 64   0.1535821489343787
83 64   0.1519134131008974
99 64 0.0002666666666666667
100 64   -1.416763825528879
104 64   -1.000690031416132
229 64   0.3050603331751726
232 64  0.02684786428100105
242 64   -1.320671264055034
245 64   0.3215972921105628
36 65 -0.0007666666666666665
61 65 0.0001333333333333333
65 65 0.003599999999999998
66 65 -0.001533333333333333
101 65 -0.0007666666666666665
36 66 0.0001333333333333333
37 66 -0.002299999999999999
61 66 0.0003999999999999999
62 66 0.0002666666666666666
65 66 -0.001533333333333333
66 66 0.009399999999999995
67 66 -0.001533333333333333
101 66 0.0001333333333333333
102 66              -0.0023
37 67 0.0001333333333333333
38 67  -0.1672999999999999
62 67 0.0003999999999999999
63 67 0.0002666666666666666
66 67 -0.001533333333333333
67 67   0.5043999999999997
68 67  -0.1665333333333332
102 67 0.0001333333333333333
103 67  -0.1672999999999999
38 68 0.0001333333333333333
39 68  -0.8446805256852844
63 68 0.0004000000000000001
64 68   0.1535821489343787
67 68  -0.1665333333333332
68 68    2.162022668683294
103 68 0.0001333333333333334
104 68  -0.5419069924625249
232 68  -0.7449340592767846
53 69    1806330.955414821
69 69    8530044.672850383
84 69    2572911.844815178
89 69    1333333.333333332
105 69    1806336.112501506
220 69    427370.9424981026
230 69    1744584.450574915
231 69    237795.7788607791
244 69    427361.4433270126
50 70    1657403.001001624
70 70     4646910.73257577
80 70    1821325.119033832
85 70    1333333.333333333
106 70    666666.6666666664
221 70    252908.9448242891
224 70    475292.1760703331
41 71 -0.002300000000000001
47 71 0.0002666666666666668
54 71 -0.002300000000000001
71 71               0.1816
72 71 0.0004000000000000001
73 71 0.0001333333333333334
81 71 -0.004600000000000002
90 71 0.0001333333333333334
107 71 -0.002300000000000001
108 71 0.0002666666666666667
109 71              -0.1673
41 72 0.0002666666666666668
42 72  -0.4170999999999999
47 72  -0.1696000000000001
48 72 0.0002666666666666668
71 72 0.0004000000000000001
72 72    2.343200000000001
73 72  -0.4171000000000001
74 72 0.0002666666666666668
75 72 0.0004000000000000002
81 72 0.0002666666666666667
82 72  -0.4171000000000001
108 72  -0.4171000000000001
109 72 0.0002666666666666668
110 72  -0.4995999999999999
111 72 0.0002666666666666668
41 73  -0.1673000000000001
42 73 0.0002666666666666668
43 73  -0.2497999999999999
71 73 0.0001333333333333334
72 73  -0.4171000000000001
73 73               1.3366
74 73 0.0004000000000000002
76 73 0.0001333333333333334
109 73  -0.2498000000000001
110 73 0.0002666666666666668
112 73  -0.2497999999999999
42 74  -0.4995999999999998
43 74 0.0002666666666666668
44 74   -1.126054264915064
45 74   0.1516584791998604
72 74 0.0002666666666666668
73 74 0.0004000000000000002
74 74    4.801400069574963
75 74  -0.6311064716503409
76 74   -1.148046110738073
110 74  -0.4170999999999999
112 74 0.0002666666666666668
113 74    -1.56369227493993
114 74   0.1517288929301079
237 74   0.2883927857512626
238 74 0.002168015916914307
42 75 0.0002666666666666668
45 75   -1.428178885742313
48 75  -0.4995999999999999
49 75   0.1516938592449069
72 75 0.0004000000000000002
74 75  -0.6311064716503409
75 75    4.173865327049205
82 75 0.0002666666666666669
83 75   -1.147523532895853
110 75 0.0002666666666666668
111 75              -0.4171
114 75  -0.6321298774377622
115 75   0.1529044239875716
238 75   0.2906576853878686
239 75 0.007428881672135664
43 76  -0.2497999999999999
44 76   0.1516541012509303
46 76  -0.8763807264256559
73 76 0.0001333333333333334
74 76   -1.148046110738073
76 76    2.472035381650883
112 76  -0.1672999999999999
113 76   0.1516600911071606
116 76  -0.4663840610606839
237 76 0.0008164587700226076
240 76   0.1363001510592125
50 77    3120891.727212493
51 77    2283171.690871949
77 77     18022471.3616699
78 77    2428105.799030621
80 77    2266324.348402224
85 77    2666666.699999999
86 77    4000000.066666664
117 77    3906447.814772747
118 77    2649733.266204921
222 77     376906.681324019
224 77    139630.3020402694
234 77    6446.610749742655
236 77    2482.055023916763
246 77    1490105.247672698
249 77    802969.9833660779
51 78    3225415.160424466
52 78    2371374.807912149
77 78    2428105.799030621
78 78    19526983.64339369
79 78    2747188.276370366
86 78    2666666.699999999
87 78    4000000.066666666
118 78    3958745.213143803
119 78    2664227.219145142
222 78    190749.8755297767
223 78    511476.2180525324
234 78    14093.84545359763
235 78     37303.8332198986
246 78     1001304.87271785
247 78    1840586.180609792
52 79    3391378.417657716
53 79    2477012.810324459
78 79    2747188.276370366
79 79    22055466.09817883
84 79    3172146.643015069
87 79    2666666.699999999
88 79    4000000.066666663
119 79    3996242.364903453
120 79    2666666.692321056
223 79    315290.1323896113
225 79    778861.0793988255
235 79    93525.13124782332
241 79    173854.6175726465
247 79    1438890.305432254
248 79    2441753.763893569
50 80    2235905.253703577
70 80    1821325.119033832
77 80    2266324.348402224
80 80    11947176.88161009
85 80    4000000.066666664
106 80    1333333.366666666
117 80    2636332.164549422
121 80    1993524.393219559
224 80    297119.3605248292
236 80    1624.954955697796
249 80    1039052.543056824
47 81 -0.004600000000000002
54 81 0.0002666666666666667
55 81 -0.004600000000000002
57 81 0.0002666666666666668
71 81 -0.004600000000000002
72 81 0.0002666666666666667
81 81               0.1982
82 81 0.0004000000000000001
90 81 0.0004000000000000001
91 81 0.0002666666666666667
93 81 -0.004600000000000002
107 81 0.0002666666666666668
108 81              -0.1696
122 81 -0.004600000000000002
123 81 0.0002666666666666667
47 82 0.0002666666666666668
48 82              -0.4171
57 82  -0.1696000000000001
60 82 0.0002666666666666669
72 82  -0.4171000000000001
75 82 0.0002666666666666669
81 82 0.0004000000000000001
82 82    2.343200000000001
83 82 0.0004000000000000005
93 82 0.0002666666666666668
96 82              -0.4171
108 82 0.0002666666666666668
111 82              -0.4996
123 82  -0.4171000000000001
124 82 0.0002666666666666669
48 83 0.0002666666666666669
49 83   -1.122769491828952
60 83              -0.4996
64 83   0.1519134131008974
75 83   -1.147523532895853
82 83 0.0004000000000000005
83 83    5.773376951234876
96 83 0.0002666666666666669
100 83   -1.233365871526894
111 83 0.0002666666666666669
115 83   -1.554235941544902
124 83  -0.9334229831793732
239 83   0.2957959840809197
242 83  0.01759179685186306
256 83   0.3119393637957498
53 84     3592001.85448544
69 84    2572911.844815179
79 84    3172146.643015069
84 84    25309863.82877422
88 84    2666666.699999998
89 84    4000000.066666663
105 84    3592007.638576516
120 84    4000000.061043952
125 84    3172158.649675604
126 84    2666666.699999997
225 84    568141.8267193497
230 84    1249350.878508031
241 84    458763.0731292863
243 84    568154.2590299012
248 84    2043592.402658762
50 85    1999999.999999999
70 85    1333333.333333333
77 85    2666666.699999999
80 85    4000000.066666664
85 85    1015623610.874151
86 85    174724872.8049781
106 85    174724872.8049781
117 85    331086932.5987641
121 85     330420265.898764
50 86    1333333.333333333
51 86    1999999.999999999
77 86    4000000.066666664
78 86    2666666.699999999
85 86    174724872.8049781
86 86    1015623610.874151
87 86    174724872.8049782
117 86     330420265.898764
118 86    331086932.5987641
51 87    1333333.333333333
52 87    1999999.999999999
78 87    4000000.066666666
79 87    2666666.699999999
86 87    174724872.8049782
87 87    1015623610.874151
88 87    174724872.8049781
118 87    330420265.8987641
119 87    331086932.5987641
52 88    1333333.333333332
53 88    1999999.999999998
79 88    4000000.066666663
84 88    2666666.699999998
87 88    174724872.8049781
88 88    1015623610.874151
89 88    174724872.8049781
119 88     330420265.898764
120 88    331086932.5987641
53 89    1333333.333333332
69 89    1333333.333333332
84 89    4000000.066666663
88 89    174724872.8049781
89 89    666173865.2641947
105 89    1333333.333333333
120 89     330420265.898764
126 89     157028726.493786
54 90 -0.001533333333333334
55 90 0.0001333333333333334
71 90 0.0001333333333333334
81 90 0.0004000000000000001
90 90 0.005800000000000002
91 90 -0.001533333333333334
107 90 -0.001533333333333334
122 90 0.0001333333333333334
55 91 -0.002300000000000001
81 91 0.0002666666666666667
90 91 -0.001533333333333334
91 91 0.009400000000000002
92 91 0.0001333333333333334
93 91 0.0004000000000000001
122 91 -0.002300000000000001
127 91 -0.001533333333333334
128 91 0.0001333333333333334
55 92 -0.002300000000000001
56 92 -0.002300000000000001
57 92 0.0002666666666666668
91 92 0.0001333333333333334
92 92               0.0166
93 92 -0.004600000000000003
94 92 0.0001333333333333334
95 92 0.0004000000000000002
127 92 -0.002300000000000001
129 92 -0.002299999999999999
130 92 0.0002666666666666668
55 93 0.0002666666666666667
57 93 -0.004600000000000003
81 93 -0.004600000000000002
82 93 0.0002666666666666668
91 93 0.0004000000000000001
92 93 -0.004600000000000003
93 93   0.1982000000000001
95 93 0.0002666666666666668
96 93 0.0004000000000000002
122 93 0.0002666666666666668
123 93  -0.1696000000000001
127 93 0.0002666666666666668
128 93 -0.004600000000000003
130 93 -0.004599999999999998
131 93 0.0002666666666666668
56 94 -0.002299999999999999
58 94 -0.002299999999999999
59 94 0.0002666666666666668
92 94 0.0001333333333333334
94 94               0.0166
95 94 -0.004600000000000002
97 94 0.0001333333333333334
98 94 0.0004000000000000001
129 94              -0.0023
132 94 -0.002300000000000001
133 94 0.0002666666666666667
56 95 0.0002666666666666668
57 95 -0.004599999999999998
59 95 -0.004599999999999998
60 95 0.0002666666666666668
92 95 0.0004000000000000002
93 95 0.0002666666666666668
94 95 -0.004600000000000002
95 95               0.1982
96 95              -0.1696
98 95 0.0002666666666666668
99 95 0.0004000000000000001
129 95 0.0002666666666666667
130 95 -0.004600000000000001
133 95 -0.004600000000000002
134 95 0.0002666666666666667
57 96 0.0002666666666666668
60 96  -0.4170999999999999
82 96              -0.4171
83 96 0.0002666666666666669
93 96 0.0004000000000000002
95 96              -0.1696
96 96    2.343200000000001
99 96 0.0002666666666666668
100 96 0.0004000000000000002
123 96 0.0002666666666666668
124 96  -0.4995999999999999
130 96 0.0002666666666666667
131 96  -0.4171000000000001
134 96  -0.4171000000000001
135 96 0.0002666666666666668
58 97              -0.0023
61 97              -0.0023
62 97 0.0002666666666666666
94 97 0.0001333333333333334
97 97               0.0166
98 97 -0.004599999999999999
101 97 0.0001333333333333333
102 97 0.0003999999999999999
132 97 -0.002299999999999999
136 97              -0.0023
137 97 0.0002666666666666667
58 98 0.0002666666666666667
59 98 -0.004600000000000001
62 98 -0.004599999999999999
63 98 0.0002666666666666666
94 98 0.0004000000000000001
95 98 0.0002666666666666668
97 98 -0.004599999999999999
98 98   0.1981999999999999
99 98  -0.1695999999999999
102 98 0.0002666666666666666
103 98 0.0003999999999999999
132 98 0.0002666666666666667
133 98 -0.004599999999999998
137 98 -0.004600000000000001
138 98 0.0002666666666666667
59 99 0.0002666666666666667
60 99  -0.4171000000000001
63 99  -0.4170999999999999
64 99 0.0002666666666666667
95 99 0.0004000000000000001
96 99 0.0002666666666666668
98 99  -0.1695999999999999
99 99               2.3432
100 99  -0.4995999999999997
103 99 0.0002666666666666666
104 99 0.0004000000000000001
133 99 0.0002666666666666667
134 99  -0.4170999999999998
138 99  -0.4171000000000001
139 99 0.0002666666666666667
60 100 0.0002666666666666667
64 100   -1.416763825528879
83 100   -1.233365871526893
96 100 0.0004000000000000002
99 100  -0.4995999999999997
100 100    6.074526593720851
104 100   0.1530533633296483
124 100   0.1516938337471684
134 100 0.0002666666666666668
135 100   -1.420895503794005
139 100    -1.00410442219234
242 100   0.3020640237362612
245 100  0.02552607216992541
256 100   -1.327937689659556
259 100   0.3201364483359022
61 101              -0.0023
65 101 -0.0007666666666666665
66 101 0.0001333333333333333
97 101 0.0001333333333333333
101 101 0.007199999999999997
102 101 -0.002299999999999999
136 101 -0.0007666666666666665
61 102 0.0002666666666666666
62 102 -0.004599999999999998
66 102              -0.0023
67 102 0.0001333333333333333
97 102 0.0003999999999999999
98 102 0.0002666666666666666
101 102 -0.002299999999999999
102 102  0.01659999999999999
103 102 -0.002299999999999999
136 102 0.0001333333333333333
137 102              -0.0023
62 103 0.0002666666666666666
63 103  -0.4170999999999999
67 103  -0.1672999999999999
68 103 0.0001333333333333334
98 103 0.0003999999999999999
99 103 0.0002666666666666666
102 103 -0.002299999999999999
103 103               1.0066
104 103  -0.2497999999999998
137 103 0.0001333333333333333
138 103  -0.1672999999999999
63 104 0.0002666666666666667
64 104   -1.000690031416132
68 104  -0.5419069924625249
99 104 0.0004000000000000001
100 104   0.1530533633296483
103 104  -0.2497999999999998
104 104    2.810677898619996
138 104 0.0001333333333333334
139 104  -0.5432607917026148
232 104    0.160074929905839
245 104  -0.7444467459544136
69 105    1806336.112501506
84 105    3592007.638576516
89 105    1333333.333333333
105 105    12921588.13910328
125 105    2477008.889551355
126 105    1999999.999999998
140 105    1748760.087929635
230 105     1017934.93955598
243 105    1354146.490903011
244 105    501989.4658448892
258 105    388856.1588010499
70 106    666666.6666666664
80 106    1333333.366666666
85 106    174724872.8049781
106 106    349449745.6099562
121 106    174058206.1049781
71 107 -0.002300000000000001
81 107 0.0002666666666666668
90 107 -0.001533333333333334
107 107   0.1744000000000001
108 107 0.0004000000000000001
109 107 0.0001333333333333334
122 107 -0.002300000000000001
141 107  -0.1665333333333333
142 107 0.0001333333333333334
71 108 0.0002666666666666667
72 108  -0.4171000000000001
81 108              -0.1696
82 108 0.0002666666666666668
107 108 0.0004000000000000001
108 108    2.343200000000001
109 108  -0.4171000000000001
110 108 0.0002666666666666668
111 108 0.0004000000000000002
122 108 0.0002666666666666667
123 108  -0.4171000000000001
141 108 0.0002666666666666668
142 108  -0.4171000000000001
143 108  -0.4995999999999999
144 108 0.0002666666666666668
71 109              -0.1673
72 109 0.0002666666666666668
73 109  -0.2498000000000001
107 109 0.0001333333333333334
108 109  -0.4171000000000001
109 109    1.336600000000001
110 109 0.0004000000000000002
112 109 0.0001333333333333334
141 109  -0.2498000000000001
143 109 0.0002666666666666668
145 109  -0.2497999999999999
72 110  -0.4995999999999999
73 110 0.0002666666666666668
74 110  -0.4170999999999999
75 110 0.0002666666666666668
108 110 0.0002666666666666668
109 110 0.0004000000000000002
110 110    2.343200000000001
111 110  -0.4171000000000001
112 110  -0.4171000000000001
113 110 0.0002666666666666667
114 110 0.0004000000000000001
143 110  -0.4171000000000002
145 110 0.0002666666666666667
146 110              -0.1696
147 110 0.0002666666666666667
72 111 0.0002666666666666668
75 111              -0.4171
82 111              -0.4996
83 111 0.0002666666666666669
108 111 0.0004000000000000002
110 111  -0.4171000000000001
111 111    2.343200000000001
114 111 0.0002666666666666668
115 111 0.0004000000000000002
123 111 0.0002666666666666668
124 111              -0.4171
143 111 0.0002666666666666667
144 111  -0.4171000000000002
147 111              -0.1696
148 111 0.0002666666666666668
73 112  -0.2497999999999999
74 112 0.0002666666666666668
76 112  -0.1672999999999999
109 112 0.0001333333333333334
110 112  -0.4171000000000001
112 112               1.0066
113 112 0.0004000000000000001
116 112 0.0001333333333333334
145 112              -0.1673
146 112 0.0002666666666666667
149 112 -0.002300000000000001
74 113   -1.563692274939931
76 113   0.1516600911071606
110 113 0.0002666666666666667
112 113 0.0004000000000000001
113 113    6.732108572981526
114 113   -1.410353331880517
116 113   -1.110362552597444
117 113  0.03333333333333334
118 113  0.06666666666666668
146 113   -1.003797568342539
149 113   0.1567024590129167
150 113  0.06666666666666667
151 113  0.03333333333333333
237 113   -1.462272516684672
238 113   0.3245539210922883
250 113   0.2955572863019816
251 113 0.009699465703493095
264 113   -1.160989183201939
265 113   0.3161731038237163
74 114   0.1517288929301079
75 114  -0.6321298774377622
110 114 0.0004000000000000001
111 114 0.0002666666666666668
113 114   -1.410353331880517
114 114     5.49495869159075
115 114   -1.102649380062533
118 114  0.03333333333333335
119 114  0.06666666666666668
146 114   0.1592296021198965
147 114  -0.9990481323989755
151 114  0.06666666666666668
152 114  0.03333333333333334
238 114   -1.126943675579811
239 114   0.3101637029635209
251 114   0.2924570322220433
252 114 0.003191437569254384
265 114    -1.16410900223895
266 114   0.3111366409165767
75 115   0.1529044239875716
83 115   -1.554235941544902
111 115 0.0004000000000000002
114 115   -1.102649380062533
115 115    6.395857349294744
119 115  0.03333333333333333
120 115  0.06666666666666665
124 115   0.1370655427180197
147 115   0.1663154251696682
148 115   -1.017934455098356
152 115  0.06666666666666665
153 115  0.03333333333333332
239 115   -1.460564192240373
242 115   0.3179286546620837
252 115   0.2880259667900514
253 115 -5.352685805840005e-06
256 115   -1.460645629380799
266 115  -0.8687364325216372
267 115   0.3036389705625023
76 116  -0.4663840610606839
112 116 0.0001333333333333334
113 116   -1.110362552597444
116 116    2.781907173652251
117 116  0.06666666666666668
121 116  0.03333333333333334
149 116   -0.702473306291764
150 116  0.03333333333333333
154 116  0.06666666666666667
237 116   0.3071284230706645
240 116   -0.529780701947448
250 116  0.01311759591029885
254 116   0.1381237465336107
264 116   0.3183829262121095
268 116  -0.5678425410574165
77 117    3906447.814772747
80 117    2636332.164549422
85 117    331086932.5987641
86 117     330420265.898764
113 117  0.03333333333333334
116 117  0.06666666666666668
117 117    1990442148.333648
118 117    331085694.5167065
121 117    331084738.1827819
150 117     331075077.226658
154 117    330418618.9699284
246 117    2456295.832031416
249 117      3678919.3859029
77 118    2649733.266204921
78 118    3958745.213143803
86 118    331086932.5987642
87 118    330420265.8987641
113 118  0.06666666666666668
114 118  0.03333333333333335
117 118    331085694.5167065
118 118    1990488152.039301
119 118    331086775.7697462
150 118    330419419.8630435
151 118    331082456.4872889
246 118    3803677.887491419
247 118    2568168.592129067
78 119    2664227.219145142
79 119    3996242.364903453
87 119    331086932.5987641
88 119     330420265.898764
114 119  0.06666666666666668
115 119  0.03333333333333333
118 119    331086775.7697462
119 119    1990518677.553547
120 119    331086932.5983942
151 119    330420178.6330801
152 119    331086608.5391948
247 119    3959858.663006835
248 119    2658245.725968183
79 120    2666666.692321056
84 120    4000000.061043952
88 120    331086932.5987641
89 120     330420265.898764
115 120  0.06666666666666665
119 120    331086932.5983942
120 120    1990521595.654799
125 120    2666666.692321057
126 120    331086932.5987641
152 120    330420265.8986214
153 120    331086932.5983942
248 120    3999998.731239393
80 121    1993524.393219559
85 121     330420265.898764
106 121    174058206.1049781
116 121  0.03333333333333334
117 121    331084738.1827819
121 121    1010285862.295651
154 121    174057485.8118482
249 121    1299073.875472049
81 122 -0.004600000000000002
90 122 0.0001333333333333334
91 122 -0.002300000000000001
