1 0 0 0 1 0 0 0 1 
1 4.0322e-06 -0.000427164 -3.94345e-06 1 0.000207784 0.000427165 -0.000207782 1 
0.999999 1.1525e-05 -0.00118277 -1.08495e-05 1 0.000571137 0.00118278 -0.000571123 0.999999 
0.999997 2.24914e-05 -0.00223685 -2.00848e-05 0.999999 0.00107593 0.00223688 -0.00107588 0.999997 
0.999994 3.67855e-05 -0.00356737 -3.06726e-05 0.999999 0.00171359 0.00356743 -0.00171347 0.999992 
0.999987 5.48805e-05 -0.0051576 -4.21104e-05 0.999997 0.00247606 0.00515772 -0.00247581 0.999984 
0.999976 7.66235e-05 -0.00699866 -5.30717e-05 0.999994 0.00336531 0.00699888 -0.00336485 0.99997 
0.999959 0.000102607 -0.00907981 -6.28773e-05 0.99999 0.00437578 0.00908018 -0.00437503 0.999949 
0.999935 0.000133401 -0.0113914 -7.0718e-05 0.999985 0.00550289 0.0113919 -0.00550173 0.99992 
0.999903 0.000169489 -0.0139295 -7.54965e-05 0.999977 0.00674801 0.0139303 -0.00674631 0.99988 
0.999861 0.00021167 -0.0166851 -7.64318e-05 0.999967 0.00810558 0.0166862 -0.00810318 0.999828 
0.999807 0.000260543 -0.0196567 -7.22719e-05 0.999954 0.00957809 0.0196583 -0.00957482 0.999761 
0.999739 0.000317194 -0.0228344 -6.24109e-05 0.999938 0.0111578 0.0228365 -0.0111534 0.999677 
0.999656 0.000382299 -0.0262148 -4.55569e-05 0.999918 0.0128449 0.0262175 -0.0128393 0.999574 
0.999556 0.000456971 -0.029793 -2.08332e-05 0.999893 0.0146376 0.0297965 -0.0146305 0.999449 
0.999436 0.000542045 -0.0335657 1.30194e-05 0.999863 0.0165342 0.03357 -0.0165254 0.9993 
0.999295 0.000638667 -0.0375268 5.69346e-05 0.999828 0.0185322 0.0375322 -0.0185212 0.999124 
0.999131 0.00074776 -0.0416728 0.000112183 0.999787 0.0206294 0.0416793 -0.0206162 0.998918 
0.998941 0.000870801 -0.0459991 0.000179553 0.999739 0.0228251 0.046007 -0.0228092 0.998681 
0.998723 0.00100838 -0.0505023 0.000260721 0.999684 0.0251167 0.0505117 -0.0250978 0.998408 
0.998476 0.00116193 -0.0551775 0.000356558 0.999622 0.0275022 0.0551886 -0.02748 0.998098 
0.998196 0.00133257 -0.06002 0.00046816 0.99955 0.0299781 0.060033 -0.0299522 0.997747 
0.997882 0.0015215 -0.0650267 0.000596954 0.99947 0.0325464 0.0650417 -0.0325163 0.997353 
0.997532 0.00172986 -0.0701933 0.000744024 0.99938 0.0352025 0.0702106 -0.0351679 0.996912 
0.997143 0.00195887 -0.0755164 0.000910627 0.999279 0.0379452 0.0755363 -0.0379056 0.996422 
0.996712 0.00220969 -0.0809901 0.00109779 0.999168 0.0407708 0.0810128 -0.0407257 0.995881 
0.996239 0.00248385 -0.0866108 0.00130634 0.999045 0.0436771 0.0866366 -0.043626 0.995284 
0.99572 0.002782 -0.0923754 0.00153837 0.998909 0.0466656 0.0924045 -0.046608 0.99463 
0.995154 0.00310565 -0.0982792 0.00179448 0.998761 0.0497316 0.0983119 -0.0496669 0.993915 
0.994538 0.00345601 -0.104317 0.00207589 0.998599 0.0528743 0.104354 -0.0528021 0.993138 
0.99387 0.00383396 -0.110487 0.00238388 0.998423 0.0560898 0.110528 -0.0560093 0.992294 
0.993148 0.00424087 -0.116782 0.00271953 0.998232 0.0593777 0.116828 -0.0592885 0.991381 
0.992371 0.0046779 -0.123199 0.00308362 0.998026 0.062734 0.123249 -0.0626353 0.990397 
0.991536 0.00514603 -0.129733 0.00347765 0.997803 0.0661583 0.129789 -0.0660494 0.989339 
0.99064 0.00564625 -0.136381 0.00390243 0.997564 0.0696463 0.136442 -0.0695267 0.988205 
0.989684 0.0061798 -0.143136 0.00435901 0.997308 0.0731977 0.143203 -0.0730665 0.986993 
0.988664 0.00674757 -0.149995 0.00484833 0.997034 0.0768087 0.150068 -0.0766652 0.985699 
0.987578 0.00735065 -0.156957 0.0053715 0.996742 0.0804774 0.157037 -0.0803208 0.984321 
0.986427 0.00798959 -0.164007 0.00592888 0.996431 0.0842007 0.164094 -0.0840302 0.982859 
0.985208 0.00866544 -0.171146 0.00652173 0.996101 0.0879771 0.171241 -0.0877919 0.98131 
0.983919 0.00937894 -0.178371 0.00715113 0.995751 0.0918044 0.178474 -0.0916037 0.979671 
0.982558 0.0101315 -0.185679 0.00781699 0.995382 0.095678 0.18579 -0.0954607 0.977941 
0.981126 0.0109225 -0.193059 0.00852107 0.994991 0.0995969 0.19318 -0.0993623 0.976119 
0.97962 0.0117544 -0.200516 0.00926324 0.99458 0.103559 0.200646 -0.103306 0.974202 
0.978041 0.0126262 -0.208031 0.0100442 0.994148 0.10756 0.208171 -0.107288 0.97219 
0.976386 0.0135391 -0.215609 0.0108642 0.993694 0.111598 0.21576 -0.111305 0.970082 
0.974656 0.0144933 -0.223238 0.0117243 0.993218 0.115671 0.2234 -0.115357 0.967877 
0.972849 0.0154897 -0.230923 0.0126246 0.992721 0.119775 0.231097 -0.119438 0.965572 
0.970968 0.0165271 -0.238638 0.0135649 0.992201 0.123908 0.238825 -0.123548 0.963171 
0.969004 0.0176087 -0.246416 0.0145469 0.991659 0.128068 0.246616 -0.127683 0.960665 
0.966968 0.0187319 -0.25421 0.0155687 0.991094 0.132251 0.254423 -0.13184 0.958064 
0.964852 0.0198978 -0.262038 0.016632 0.990507 0.136455 0.262265 -0.136017 0.955362 
0.962658 0.0211065 -0.269896 0.0177369 0.989897 0.140676 0.270138 -0.14021 0.952558 
0.960386 0.0223585 -0.277773 0.0188829 0.989264 0.144914 0.278031 -0.144419 0.949654 
0.958039 0.0236529 -0.285659 0.0200685 0.988609 0.149163 0.285934 -0.148637 0.946651 
0.955615 0.0249894 -0.293558 0.0212957 0.987931 0.153422 0.293849 -0.152864 0.943549 
0.953115 0.0263686 -0.301458 0.0225643 0.98723 0.157694 0.301766 -0.157103 0.940349 
0.950536 0.0277907 -0.30937 0.0238725 0.986508 0.161966 0.309697 -0.16134 0.937047 
0.947884 0.0292519 -0.31727 0.0252196 0.985764 0.166233 0.317616 -0.165571 0.933652 
0.945159 0.0307565 -0.32516 0.0266066 0.984997 0.170508 0.325526 -0.169809 0.93016 
0.94236 0.0323008 -0.333037 0.0280344 0.984208 0.174783 0.333423 -0.174045 0.926573 
0.939489 0.0338843 -0.340899 0.0295004 0.983398 0.179047 0.341306 -0.17827 0.922892 
0.936551 0.0355053 -0.348729 0.031003 0.982568 0.183301 0.349158 -0.182482 0.919124 
0.93354 0.0371685 -0.356542 0.0325425 0.981716 0.187548 0.356994 -0.186686 0.915262 
0.93059 0.0387952 -0.364 0.0340607 0.980878 0.191621 0.364474 -0.190718 0.911474 
0.927685 0.0404001 -0.371171 0.035568 0.980045 0.19557 0.371665 -0.194629 0.907736 
0.92482 0.0419817 -0.378082 0.0370633 0.979219 0.199391 0.378595 -0.198414 0.904045 
0.921991 0.0435446 -0.384756 0.0385446 0.9784 0.203094 0.385289 -0.202081 0.900397 
0.919194 0.0450939 -0.391214 0.0400157 0.977585 0.206704 0.391766 -0.205655 0.896786 
0.91643 0.0466226 -0.39747 0.0414787 0.976776 0.21021 0.398039 -0.20913 0.893213 
0.913697 0.048137 -0.403536 0.0429275 0.975973 0.213619 0.404124 -0.212506 0.889677 
0.910993 0.0496353 -0.409424 0.0443629 0.975178 0.216933 0.410029 -0.215787 0.886178 
0.908326 0.0511168 -0.415128 0.0457861 0.974388 0.220164 0.41575 -0.218988 0.882721 
0.905684 0.0525805 -0.420679 0.0471971 0.973606 0.223302 0.421317 -0.222096 0.879298 
0.903077 0.0540315 -0.426067 0.048595 0.972829 0.226369 0.426722 -0.225133 0.875913 
0.900502 0.0554623 -0.4313 0.0499796 0.97206 0.229351 0.43197 -0.228088 0.87257 
0.89796 0.0568754 -0.436385 0.0513454 0.971301 0.232247 0.437071 -0.230955 0.869269 
0.895451 0.0582741 -0.441329 0.0526976 0.970547 0.235076 0.442029 -0.233756 0.866007 
0.892974 0.0596528 -0.446137 0.0540371 0.969802 0.237831 0.446852 -0.236485 0.862785 
0.890526 0.0610188 -0.450821 0.0553615 0.969064 0.240521 0.45155 -0.239149 0.859599 
0.888114 0.0623667 -0.455372 0.0566696 0.968334 0.243143 0.456116 -0.241745 0.856456 
0.885733 0.0636936 -0.459804 0.0579605 0.967615 0.245688 0.460562 -0.244265 0.853357 
0.883385 0.0650058 -0.464118 0.0592353 0.966903 0.248173 0.46489 -0.246725 0.850297 
0.881066 0.0663033 -0.468323 0.0604971 0.966197 0.250605 0.469109 -0.249131 0.847272 
0.878782 0.0675833 -0.472414 0.0617388 0.965502 0.25297 0.473213 -0.251472 0.844293 
0.876529 0.0688445 -0.476401 0.0629671 0.964815 0.255278 0.477213 -0.253756 0.841353 
0.874304 0.0700897 -0.480291 0.0641799 0.964137 0.257529 0.481116 -0.255984 0.838451 
0.872114 0.0713168 -0.484078 0.0653751 0.963468 0.259723 0.484916 -0.258155 0.835591 
0.869956 0.0725268 -0.487766 0.0665566 0.962806 0.261869 0.488617 -0.260278 0.832772 
0.867826 0.0737242 -0.491368 0.0677189 0.962153 0.263961 0.492232 -0.262348 0.829989 
0.865728 0.0748991 -0.494879 0.0688676 0.96151 0.265998 0.495754 -0.264363 0.827248 
0.863658 0.0760657 -0.498306 0.0699987 0.960873 0.267997 0.499194 -0.266339 0.824542 
0.861623 0.0772095 -0.501641 0.0711154 0.960246 0.269944 0.502541 -0.268264 0.82188 
0.859615 0.0783393 -0.5049 0.0722158 0.959628 0.271845 0.505812 -0.270144 0.819254 
0.857634 0.0794536 -0.508086 0.0732985 0.959019 0.273695 0.50901 -0.271972 0.816664 
0.855683 0.0805511 -0.511193 0.0743689 0.958418 0.275508 0.512129 -0.273764 0.814111 
0.853759 0.0816332 -0.51423 0.0754206 0.957827 0.277272 0.515178 -0.275507 0.811596 
0.851865 0.0827021 -0.51719 0.0764597 0.957241 0.279006 0.51815 -0.27722 0.809117 
0.85 0.0837522 -0.520083 0.0774828 0.956665 0.280692 0.521054 -0.278886 0.806676 
0.848159 0.0847914 -0.522912 0.0784896 0.956097 0.282343 0.523895 -0.280515 0.804267 
0.846349 0.0858131 -0.52567 0.079481 0.955538 0.283955 0.526665 -0.282105 0.801898 
0.844565 0.0868193 -0.528368 0.0804603 0.954986 0.285531 0.529373 -0.283662 0.799562 
0.842802 0.0878107 -0.531012 0.0814215 0.954446 0.287061 0.532029 -0.285172 0.797259 
0.841069 0.0887898 -0.533591 0.0823692 0.953911 0.288565 0.53462 -0.286655 0.794991 
0.839364 0.0897531 -0.536108 0.0833038 0.953383 0.290037 0.537148 -0.288107 0.792759 
0.837679 0.0907036 -0.538578 0.0842254 0.952863 0.291475 0.539629 -0.289524 0.790554 
0.836023 0.091639 -0.540988 0.0851296 0.952353 0.292877 0.542051 -0.290906 0.788387 
0.834389 0.0925631 -0.543348 0.0860214 0.951849 0.294253 0.544422 -0.292261 0.78625 
0.832781 0.0934704 -0.545654 0.0868988 0.951354 0.295592 0.546739 -0.29358 0.784147 
0.831194 0.0943677 -0.547915 0.0877632 0.950865 0.296906 0.549012 -0.294873 0.782071 
0.829632 0.0952519 -0.550125 0.0886128 0.950384 0.29819 0.551233 -0.296137 0.780029 
0.828094 0.0961217 -0.552287 0.0894496 0.949911 0.299445 0.553407 -0.297371 0.778018 
0.826581 0.0969782 -0.5544 0.0902716 0.949446 0.300672 0.555531 -0.298576 0.776039 
0.825086 0.0978205 -0.556476 0.0910824 0.948989 0.301867 0.557618 -0.299751 0.774088 
0.823613 0.0986516 -0.558506 0.0918808 0.948539 0.303039 0.55966 -0.300903 0.772165 
0.822164 0.0994713 -0.560492 0.0926669 0.948094 0.304189 0.561657 -0.302032 0.770271 
0.820735 0.100279 -0.562439 0.0934385 0.947657 0.305311 0.563616 -0.303133 0.768406 
0.819327 0.101076 -0.564347 0.0941984 0.947227 0.30641 0.565535 -0.30421 0.766568 
0.817941 0.101857 -0.566213 0.0949472 0.946805 0.307482 0.567413 -0.305262 0.76476 
0.816576 0.102632 -0.568041 0.0956796 0.94639 0.308532 0.569254 -0.30629 0.762979 
0.815228 0.103392 -0.569837 0.0964048 0.94598 0.30956 0.57106 -0.307297 0.761222 
0.813902 0.104141 -0.571592 0.0971146 0.945579 0.310562 0.572828 -0.308277 0.759495 
0.812594 0.104877 -0.573316 0.0978154 0.945184 0.311542 0.574563 -0.309237 0.757793 
0.811307 0.105604 -0.575004 0.0985061 0.944794 0.312507 0.576262 -0.31018 0.756115 
0.81004 0.106322 -0.576655 0.0991829 0.94441 0.313452 0.577926 -0.311103 0.754464 
0.808792 0.107027 -0.578274 0.0998473 0.944034 0.314372 0.579557 -0.312 0.752841 
0.807558 0.107721 -0.579867 0.100503 0.943666 0.315269 0.581162 -0.312876 0.751239 
0.80648 0.108328 -0.581253 0.101085 0.943338 0.316063 0.582556 -0.313654 0.749833 
0.805541 0.10886 -0.582454 0.101604 0.943043 0.316774 0.583763 -0.314354 0.7486 
0.804726 0.109324 -0.583493 0.102063 0.942783 0.317401 0.584807 -0.314974 0.747524 
0.804026 0.109724 -0.584383 0.102467 0.942553 0.317954 0.585698 -0.315523 0.746594 
0.803431 0.110069 -0.585135 0.10282 0.942349 0.318442 0.586452 -0.31601 0.745796 
0.80294 0.110355 -0.585756 0.10312 0.942176 0.318857 0.587072 -0.316426 0.745131 
0.802541 0.110588 -0.586258 0.103375 0.942029 0.319211 0.587573 -0.316785 0.744584 
0.802236 0.110769 -0.58664 0.103582 0.941908 0.3195 0.587952 -0.31708 0.744159 
0.802023 0.110902 -0.586907 0.103742 0.941812 0.319731 0.588214 -0.317319 0.74385 
0.801896 0.110988 -0.587065 0.103855 0.941741 0.319902 0.588368 -0.317498 0.743652 
0.801852 0.11102 -0.587118 0.103926 0.941698 0.320006 0.588415 -0.317614 0.743565 
0.801891 0.11101 -0.587067 0.103951 0.941679 0.320055 0.588358 -0.317675 0.743584 
0.802011 0.110956 -0.586913 0.103939 0.94168 0.320057 0.588196 -0.317692 0.743705 
0.802209 0.110859 -0.586661 0.103877 0.941708 0.319993 0.587937 -0.317642 0.743931 
0.802487 0.110715 -0.586308 0.10378 0.941757 0.319882 0.587575 -0.317548 0.744258 
0.802835 0.110528 -0.585866 0.103639 0.941832 0.319706 0.587124 -0.31739 0.744681 
0.803261 0.110302 -0.585324 0.103459 0.941927 0.319482 0.586573 -0.317185 0.745202 
0.803758 0.110035 -0.584692 0.103238 0.942046 0.319205 0.58593 -0.316926 0.745817 
0.804324 0.109726 -0.583972 0.102983 0.942185 0.318875 0.585198 -0.316618 0.746523 
0.804961 0.109375 -0.583159 0.102689 0.942348 0.318489 0.584374 -0.316255 0.747322 
0.80567 0.108987 -0.582252 0.102354 0.942532 0.318053 0.583455 -0.315842 0.748214 
0.806443 0.108563 -0.58126 0.101984 0.942735 0.317569 0.58245 -0.31538 0.749191 
0.807285 0.108098 -0.580177 0.101574 0.942962 0.317026 0.581355 -0.314862 0.750259 
0.808195 0.107599 -0.579002 0.101128 0.943207 0.31644 0.580167 -0.314299 0.751414 
0.809165 0.107061 -0.577746 0.100649 0.943473 0.315797 0.578897 -0.313681 0.75265 
0.8102 0.106485 -0.5764 0.100134 0.943761 0.315102 0.577537 -0.313013 0.753972 
0.811298 0.105877 -0.574966 0.0995827 0.944066 0.314359 0.576089 -0.312296 0.755376 
0.812459 0.105229 -0.573443 0.0989968 0.944394 0.31356 0.574552 -0.311524 0.756864 
0.813681 0.104552 -0.571832 0.0983757 0.944739 0.312716 0.572927 -0.310705 0.75843 
0.814962 0.103836 -0.570136 0.09772 0.945106 0.311809 0.571216 -0.309826 0.760079 
0.816304 0.103087 -0.56835 0.0970321 0.945491 0.310856 0.569415 -0.308901 0.761805 
0.817706 0.102304 -0.566472 0.0963133 0.945893 0.309856 0.567521 -0.30793 0.763609 
0.819164 0.101489 -0.564509 0.0955604 0.946314 0.3088 0.565543 -0.306902 0.765488 
0.820679 0.10064 -0.562457 0.0947758 0.946755 0.307688 0.563475 -0.305821 0.767444 
0.822252 0.0997604 -0.560312 0.0939566 0.947214 0.306526 0.561314 -0.304687 0.769475 
0.823884 0.0988455 -0.558072 0.0931087 0.94769 0.305311 0.559058 -0.303502 0.771583 
0.825569 0.0979038 -0.555743 0.0922254 0.948184 0.304042 0.556713 -0.302261 0.773762 
0.827307 0.0969257 -0.553325 0.0913132 0.948698 0.30271 0.554279 -0.30096 0.776014 
0.829101 0.0959187 -0.550809 0.0903695 0.949229 0.301328 0.551747 -0.299608 0.778338 
0.830949 0.0948806 -0.548198 0.0893976 0.949775 0.299892 0.549119 -0.298202 0.780733 
0.832848 0.0938147 -0.545493 0.0883953 0.950338 0.298401 0.546397 -0.296742 0.783195 
0.834801 0.0927182 -0.542689 0.0873614 0.95092 0.296849 0.543577 -0.29522 0.785728 
0.836801 0.0915933 -0.539791 0.0862988 0.951518 0.295239 0.540663 -0.29364 0.788327 
0.838855 0.0904375 -0.53679 0.085208 0.952132 0.293571 0.537644 -0.292002 0.790995 
0.840961 0.0892537 -0.533684 0.0840903 0.952761 0.291847 0.534522 -0.29031 0.793729 
0.843111 0.0880434 -0.530482 0.0829436 0.953407 0.29006 0.531304 -0.288553 0.796526 
0.845315 0.0868025 -0.52717 0.0817655 0.954071 0.288206 0.527974 -0.286729 0.799393 
0.847562 0.085538 -0.523757 0.0805665 0.954747 0.286301 0.524545 -0.284855 0.802315 
0.849859 0.0842481 -0.520232 0.0793354 0.955438 0.28433 0.521004 -0.282914 0.805304 
0.852201 0.0829265 -0.516601 0.0780816 0.956146 0.28229 0.517355 -0.280905 0.808354 
0.854587 0.0815845 -0.512859 0.0768005 0.956867 0.280191 0.513597 -0.278835 0.811461 
0.857018 0.0802165 -0.509004 0.0754943 0.957603 0.278025 0.509725 -0.276699 0.814627 
0.859493 0.0788228 -0.505033 0.0741669 0.958351 0.275796 0.505738 -0.274501 0.81785 
0.862008 0.0774057 -0.500949 0.0728117 0.959115 0.273491 0.501638 -0.272227 0.821129 
0.864564 0.0759667 -0.496748 0.0714335 0.959891 0.27112 0.49742 -0.269885 0.82446 
0.867162 0.0745047 -0.492422 0.0700329 0.96068 0.268682 0.493078 -0.267476 0.827847 
0.869798 0.0730221 -0.487974 0.0686104 0.96148 0.266175 0.488614 -0.264999 0.831283 
0.872468 0.0715179 -0.483409 0.0671691 0.962292 0.263594 0.484033 -0.262448 0.834766 
0.875178 0.0699938 -0.478711 0.065705 0.963116 0.260942 0.479318 -0.259824 0.838299 
0.877922 0.0684482 -0.473886 0.0642201 0.963953 0.258208 0.474478 -0.257119 0.841879 
0.880699 0.0668868 -0.468931 0.0627162 0.964798 0.255403 0.469506 -0.254343 0.845502 
0.883508 0.0653065 -0.463842 0.0611944 0.965655 0.25252 0.464402 -0.251488 0.849167 
0.886348 0.0637115 -0.458616 0.0596576 0.966518 0.249568 0.459161 -0.248564 0.85287 
