1 0 0 0 1 0 0 0 1 
0.999627 0.000455887 -0.0273062 -9.29502e-05 0.999912 0.0132911 0.0273099 -0.0132836 0.999539 
0.997124 0.00223761 -0.0757536 0.000541897 0.999328 0.036651 0.0757847 -0.0365866 0.996453 
0.98971 0.0067472 -0.142926 0.00316907 0.997609 0.0690397 0.14305 -0.0687822 0.987323 
0.974177 0.0155721 -0.225248 0.00931213 0.993999 0.108992 0.225594 -0.108275 0.968186 
0.947808 0.0300568 -0.317422 0.0202814 0.987847 0.154099 0.318196 -0.152494 0.93568 
0.90948 0.0507229 -0.412642 0.0368421 0.978792 0.201517 0.414112 -0.198478 0.888323 
0.860522 0.0768554 -0.503582 0.0585429 0.967084 0.247632 0.506038 -0.242574 0.827698 
0.80443 0.106628 -0.584399 0.0838891 0.95351 0.289449 0.588094 -0.281866 0.758088 
0.745464 0.137852 -0.652135 0.111038 0.939025 0.325426 0.657232 -0.315005 0.684703 
0.687585 0.168481 -0.706286 0.13809 0.924613 0.354995 0.712852 -0.341621 0.612485 
0.633456 0.197168 -0.748237 0.163801 0.910906 0.378707 0.756243 -0.362456 0.544723 
0.584538 0.223135 -0.780081 0.187324 0.898352 0.397333 0.789446 -0.378384 0.483322 
0.541269 0.246161 -0.80401 0.208421 0.887072 0.411903 0.81461 -0.390523 0.428839 
0.503494 0.266346 -0.821921 0.227081 0.87706 0.42332 0.833624 -0.399781 0.381112 
0.470734 0.283918 -0.835344 0.243487 0.868231 0.432306 0.848012 -0.406896 0.339575 
0.442414 0.299178 -0.845436 0.257862 0.860467 0.439435 0.858939 -0.412418 0.303536 
0.417931 0.312442 -0.853062 0.270447 0.853639 0.44515 0.86729 -0.41675 0.272263 
0.39677 0.323989 -0.858839 0.281477 0.847618 0.449794 0.873696 -0.420208 0.245114 
0.378374 0.334069 -0.863268 0.291215 0.842288 0.453591 0.878651 -0.423023 0.221414 
0.362363 0.342894 -0.86667 0.299822 0.837556 0.456734 0.882496 -0.425351 0.200692 
0.348374 0.350663 -0.869293 0.307431 0.833347 0.459367 0.885506 -0.427279 0.182512 
0.33612 0.357526 -0.87132 0.314232 0.829563 0.46161 0.887852 -0.428953 0.166486 
0.325332 0.36362 -0.872891 0.320302 0.826162 0.463532 0.8897 -0.430391 0.152309 
0.315802 0.369039 -0.874116 0.325756 0.823094 0.465188 0.891152 -0.431656 0.139718 
0.307357 0.373879 -0.875069 0.330665 0.820316 0.466628 0.892296 -0.432777 0.128501 
0.299841 0.378228 -0.875808 0.335098 0.817791 0.467897 0.893199 -0.433776 0.118464 
0.293148 0.382136 -0.876377 0.339135 0.815479 0.469023 0.893897 -0.434703 0.109461 
0.287158 0.385664 -0.876815 0.342809 0.813363 0.470025 0.89444 -0.435551 0.101355 
0.28179 0.388869 -0.87714 0.346166 0.81141 0.470938 0.894854 -0.436342 0.094034 
0.276954 0.391772 -0.877389 0.349245 0.809616 0.471752 0.895167 -0.437077 0.0874017 
0.272598 0.394422 -0.877566 0.352079 0.807951 0.4725 0.895394 -0.437775 0.0813782 
0.268659 0.396843 -0.877689 0.354689 0.806408 0.473184 0.895555 -0.438431 0.0758928 
0.265092 0.399066 -0.877765 0.357101 0.804969 0.473818 0.895659 -0.439057 0.0708836 
0.26185 0.401101 -0.877811 0.35934 0.803631 0.474397 0.895717 -0.439653 0.0662995 
0.258906 0.402979 -0.877824 0.361421 0.802375 0.474941 0.895736 -0.440229 0.0620942 
0.256221 0.40471 -0.877816 0.363361 0.8012 0.475445 0.895723 -0.440783 0.0582284 
0.25376 0.406309 -0.877792 0.365162 0.800102 0.475913 0.895691 -0.441304 0.0546655 
0.251522 0.407804 -0.877743 0.366847 0.799059 0.476369 0.895634 -0.441815 0.0513796 
0.249474 0.409184 -0.877685 0.368438 0.798074 0.476793 0.895554 -0.44232 0.0483404 
0.247597 0.41046 -0.877621 0.369937 0.797143 0.477189 0.895456 -0.442815 0.0455254 
0.245863 0.411664 -0.877545 0.371323 0.79627 0.477571 0.895361 -0.443269 0.0429127 
0.244274 0.412766 -0.87747 0.372655 0.795438 0.477919 0.895242 -0.443737 0.0404853 
0.242801 0.41381 -0.877388 0.373889 0.794655 0.478257 0.895128 -0.444167 0.038224 
0.241454 0.414788 -0.877298 0.375067 0.793902 0.478586 0.895 -0.444601 0.0361174 
0.240204 0.415707 -0.877206 0.37617 0.793192 0.478898 0.894873 -0.445012 0.0341511 
0.239058 0.416566 -0.877111 0.377231 0.792505 0.479199 0.894733 -0.44543 0.0323133 
0.237988 0.417373 -0.877018 0.378226 0.79186 0.479482 0.894599 -0.445822 0.0305925 
0.237019 0.418139 -0.876916 0.379189 0.791226 0.479769 0.894449 -0.446231 0.0289818 
0.23609 0.418847 -0.876829 0.380081 0.790646 0.480017 0.894315 -0.446593 0.0274681 
0.235254 0.419537 -0.876723 0.38094 0.790068 0.480289 0.89417 -0.44697 0.0260483 
0.234474 0.420178 -0.876626 0.381764 0.789518 0.480538 0.894023 -0.447338 0.0247128 
0.233742 0.420774 -0.876535 0.382549 0.788999 0.480766 0.89388 -0.447693 0.0234557 
0.233066 0.421345 -0.876441 0.383297 0.788497 0.480994 0.893736 -0.44804 0.0222711 
0.23244 0.421902 -0.876339 0.384001 0.788011 0.48123 0.893597 -0.448372 0.0211542 
0.231856 0.422415 -0.876247 0.384685 0.787547 0.481443 0.893454 -0.448704 0.0201002 
0.231328 0.422912 -0.876147 0.385353 0.787084 0.481666 0.893303 -0.449048 0.0191039 
0.230804 0.423384 -0.876057 0.385968 0.78666 0.481866 0.893173 -0.449346 0.0181521 
0.230322 0.423815 -0.875975 0.386563 0.786257 0.482047 0.893041 -0.449645 0.017261 
0.229888 0.424252 -0.875878 0.38713 0.785851 0.482254 0.892907 -0.449943 0.0164171 
0.229487 0.424651 -0.875789 0.387696 0.785457 0.482441 0.892764 -0.450254 0.0156169 
0.229104 0.425022 -0.87571 0.388236 0.785087 0.482609 0.892628 -0.450549 0.0148575 
0.22875 0.425377 -0.87563 0.388758 0.784726 0.482775 0.892491 -0.450844 0.0141376 
0.228416 0.425733 -0.875544 0.389238 0.78438 0.482951 0.892367 -0.451109 0.0134535 
0.228231 0.426005 -0.87546 0.389688 0.784054 0.483117 0.892218 -0.451419 0.0129362 
0.228169 0.426246 -0.875359 0.390132 0.783714 0.483311 0.89204 -0.451782 0.0125269 
0.228173 0.42644 -0.875264 0.390567 0.783385 0.483492 0.891849 -0.452169 0.012194 
0.228226 0.426621 -0.875161 0.390959 0.783071 0.483684 0.891664 -0.452542 0.0119251 
0.228328 0.42681 -0.875043 0.391352 0.782739 0.483905 0.891465 -0.452939 0.0116876 
0.228464 0.42695 -0.874939 0.391753 0.782419 0.484097 0.891254 -0.453358 0.0114958 
0.228612 0.427099 -0.874827 0.392119 0.782109 0.484302 0.891055 -0.453754 0.0113259 
0.228763 0.427238 -0.87472 0.392471 0.78181 0.4845 0.890861 -0.454138 0.0111709 
0.228953 0.427378 -0.874602 0.392816 0.781503 0.484716 0.890661 -0.454535 0.0110468 
0.229127 0.427482 -0.874505 0.393157 0.781221 0.484893 0.890465 -0.45492 0.010931 
0.229322 0.427613 -0.87439 0.393488 0.780924 0.485103 0.890269 -0.455307 0.0108223 
0.229525 0.427715 -0.874287 0.393817 0.780642 0.48529 0.890071 -0.455695 0.0107352 
0.229712 0.427818 -0.874187 0.394118 0.780377 0.485472 0.889889 -0.456052 0.0106512 
0.229911 0.427931 -0.87408 0.394417 0.780105 0.485666 0.889706 -0.456412 0.0105712 
0.230115 0.428016 -0.873985 0.394716 0.779846 0.48584 0.88952 -0.456775 0.0105095 
0.230315 0.428117 -0.873883 0.394995 0.779589 0.486025 0.889344 -0.457118 0.0104469 
0.230517 0.428213 -0.873782 0.395279 0.779332 0.486206 0.889166 -0.457467 0.0103858 
0.230708 0.42829 -0.873694 0.395537 0.779102 0.486365 0.889002 -0.457787 0.0103401 
0.230897 0.428373 -0.873603 0.395789 0.778871 0.48653 0.88884 -0.458101 0.0102936 
0.23109 0.428459 -0.873511 0.396045 0.778636 0.486697 0.888677 -0.45842 0.0102459 
0.231282 0.428547 -0.873417 0.396271 0.778415 0.486867 0.888526 -0.458713 0.0102128 
0.231468 0.42862 -0.873331 0.396507 0.778199 0.487021 0.888372 -0.459011 0.0101773 
0.231643 0.428692 -0.87325 0.396733 0.777991 0.487168 0.888225 -0.459296 0.0101404 
0.231822 0.428754 -0.873171 0.396949 0.777793 0.487308 0.888082 -0.459574 0.0101161 
0.232003 0.428817 -0.873092 0.397171 0.777591 0.487451 0.887936 -0.459857 0.0100898 
0.232172 0.428896 -0.873009 0.397366 0.777397 0.487601 0.887804 -0.460111 0.0100606 
0.232338 0.428943 -0.872942 0.397567 0.777218 0.487721 0.887671 -0.460369 0.0100437 
0.232504 0.42902 -0.87286 0.397752 0.777031 0.487868 0.887545 -0.460613 0.0100191 
0.232671 0.429076 -0.872788 0.397945 0.776851 0.487998 0.887414 -0.460865 0.0100017 
0.232832 0.429131 -0.872717 0.398127 0.776679 0.488123 0.887291 -0.461103 0.00998695 
0.232977 0.429188 -0.872651 0.398286 0.776523 0.488243 0.887181 -0.461313 0.00997203 
0.233127 0.429235 -0.872588 0.398457 0.776364 0.488356 0.887065 -0.461537 0.00995997 
0.233265 0.429284 -0.872527 0.398605 0.776219 0.488465 0.886962 -0.461735 0.00995025 
0.233414 0.429339 -0.87246 0.398761 0.776063 0.488585 0.886852 -0.461946 0.00994031 
0.233552 0.429378 -0.872404 0.398913 0.775922 0.488685 0.886748 -0.462147 0.00993303 
0.233684 0.429432 -0.872342 0.399045 0.775784 0.488796 0.886654 -0.462328 0.00992587 
0.233817 0.42948 -0.872282 0.399178 0.775649 0.488902 0.886559 -0.462509 0.00992082 
0.233946 0.429516 -0.87223 0.399317 0.775519 0.488995 0.886462 -0.462695 0.00991687 
0.234055 0.429548 -0.872185 0.399431 0.77541 0.489076 0.886382 -0.462848 0.00991399 
0.234174 0.42959 -0.872133 0.399546 0.775291 0.489169 0.886299 -0.463008 0.00991229 
0.234294 0.429625 -0.872083 0.399668 0.775172 0.489258 0.886212 -0.463174 0.00991123 
0.234404 0.429658 -0.872037 0.399777 0.775065 0.489339 0.886134 -0.463323 0.00991054 
0.234509 0.429691 -0.871993 0.399877 0.774963 0.489419 0.886061 -0.463463 0.00991256 
0.234616 0.429727 -0.871946 0.399975 0.77486 0.489502 0.885988 -0.463602 0.00991408 
0.234713 0.429754 -0.871907 0.40007 0.774767 0.489572 0.88592 -0.463733 0.00991633 
0.23481 0.429786 -0.871865 0.400155 0.774676 0.489646 0.885856 -0.463855 0.00992059 
0.234903 0.429822 -0.871822 0.400233 0.774587 0.489723 0.885796 -0.463969 0.00992391 
0.234993 0.42985 -0.871784 0.400312 0.774504 0.489789 0.885736 -0.464082 0.00992891 
0.235079 0.429881 -0.871746 0.400383 0.774424 0.489858 0.885681 -0.464188 0.00993377 
0.235156 0.429896 -0.871717 0.400452 0.774356 0.489908 0.88563 -0.464286 0.00994129 
0.235232 0.429915 -0.871688 0.400519 0.774288 0.489961 0.885579 -0.464382 0.00994831 
0.235311 0.429937 -0.871655 0.400585 0.774218 0.490019 0.885528 -0.464479 0.00995549 
0.235381 0.429959 -0.871625 0.400639 0.774157 0.490071 0.885485 -0.46456 0.00996352 
0.23545 0.429985 -0.871594 0.400685 0.774097 0.490127 0.885446 -0.464636 0.00997274 
0.235514 0.429994 -0.871573 0.400742 0.774044 0.490165 0.885403 -0.464717 0.00998133 
0.235576 0.430023 -0.871541 0.400774 0.773992 0.49022 0.885372 -0.464776 0.00999212 
0.235634 0.430034 -0.87152 0.400819 0.773945 0.490258 0.885337 -0.464843 0.010002 
0.235687 0.430052 -0.871497 0.400849 0.773904 0.490299 0.885309 -0.464896 0.0100133 
0.235735 0.430059 -0.871481 0.400884 0.773867 0.490328 0.88528 -0.46495 0.010024 
0.235788 0.430067 -0.871462 0.400922 0.773827 0.49036 0.885249 -0.465009 0.010036 
0.23584 0.430088 -0.871438 0.400945 0.773788 0.490403 0.885224 -0.465056 0.0100484 
0.235884 0.430102 -0.871419 0.400965 0.773757 0.490436 0.885204 -0.465095 0.010061 
0.23592 0.430106 -0.871407 0.400983 0.773734 0.490456 0.885186 -0.465128 0.0100741 
0.236019 0.430086 -0.87139 0.400992 0.773712 0.490485 0.885156 -0.465184 0.0101495 
0.236174 0.430049 -0.871367 0.401009 0.773678 0.490525 0.885107 -0.465275 0.0102686 
0.236359 0.430005 -0.871338 0.401016 0.773644 0.490572 0.885054 -0.465372 0.0104188 
0.236572 0.429947 -0.871309 0.40103 0.773606 0.490621 0.884991 -0.465488 0.0105924 
0.236811 0.429897 -0.871269 0.401036 0.77356 0.490688 0.884924 -0.465611 0.0107833 
0.237061 0.429834 -0.871232 0.401043 0.773518 0.490749 0.884854 -0.465739 0.0109887 
0.237323 0.429764 -0.871195 0.401056 0.773473 0.490809 0.884778 -0.465879 0.0112035 
0.237596 0.429693 -0.871156 0.401063 0.773428 0.490873 0.884701 -0.466018 0.0114294 
0.237879 0.429625 -0.871112 0.40107 0.773378 0.490946 0.884622 -0.466163 0.011661 
0.238168 0.429562 -0.871064 0.401065 0.773331 0.491025 0.884547 -0.4663 0.0119003 
0.238452 0.429475 -0.871029 0.401069 0.773293 0.491081 0.884468 -0.466442 0.0121442 
0.238744 0.4294 -0.870986 0.40106 0.773254 0.491151 0.884394 -0.466577 0.012394 
0.239051 0.429322 -0.870941 0.401064 0.773205 0.491226 0.884309 -0.466731 0.01265 
0.239348 0.42925 -0.870894 0.401039 0.77317 0.491301 0.88424 -0.466854 0.0129102 
0.239659 0.429167 -0.87085 0.401037 0.773125 0.491373 0.884157 -0.467004 0.0131744 
0.239957 0.429076 -0.870812 0.401017 0.773098 0.491432 0.884085 -0.467133 0.0134436 
0.240268 0.428992 -0.870768 0.400996 0.773064 0.491502 0.88401 -0.467267 0.013718 
0.240577 0.428908 -0.870724 0.400967 0.773034 0.491572 0.883939 -0.467393 0.0139963 
0.240887 0.428811 -0.870686 0.400944 0.773009 0.491631 0.883865 -0.467524 0.0142791 
0.241197 0.428706 -0.870652 0.400919 0.772989 0.491683 0.883792 -0.467654 0.0145662 
0.241512 0.428611 -0.870611 0.400882 0.772968 0.491747 0.883723 -0.467775 0.0148583 
0.241829 0.428514 -0.870572 0.400841 0.772949 0.491808 0.883654 -0.467895 0.0151556 
0.242142 0.428409 -0.870536 0.400793 0.77294 0.491862 0.883591 -0.468005 0.0154575 
0.242467 0.428317 -0.870491 0.400735 0.772926 0.491932 0.883528 -0.468113 0.0157679 
0.242782 0.428206 -0.870457 0.400682 0.772922 0.491981 0.883465 -0.468221 0.0160772 
0.243101 0.428089 -0.870426 0.400625 0.772923 0.492026 0.883403 -0.468326 0.0163953 
0.243428 0.427981 -0.870388 0.400552 0.772925 0.492083 0.883346 -0.468422 0.0167232 
0.243747 0.427861 -0.870358 0.400483 0.772934 0.492125 0.88329 -0.468517 0.017049 
0.244075 0.427754 -0.870318 0.400397 0.772941 0.492183 0.883238 -0.468602 0.0173843 
0.244394 0.427626 -0.870292 0.400306 0.772966 0.492218 0.883191 -0.468678 0.0177266 
0.244722 0.427499 -0.870262 0.400215 0.772988 0.492258 0.883141 -0.468759 0.018076 
0.24506 0.427369 -0.870231 0.400125 0.773008 0.4923 0.883089 -0.468844 0.018432 
0.245393 0.427238 -0.870201 0.400019 0.773038 0.492338 0.883044 -0.468913 0.0187954 
0.245726 0.427094 -0.870178 0.399911 0.773077 0.492365 0.883001 -0.46898 0.0191652 
0.246065 0.426961 -0.870148 0.399787 0.773117 0.492404 0.882963 -0.469037 0.0195434 
0.246411 0.42681 -0.870123 0.399673 0.773158 0.492431 0.882918 -0.469105 0.0199302 
0.246757 0.426674 -0.870092 0.399529 0.773207 0.49247 0.882886 -0.469148 0.0203254 
0.247096 0.42651 -0.870076 0.399389 0.773273 0.492481 0.882855 -0.469189 0.0207289 
0.247445 0.426352 -0.870055 0.399238 0.773338 0.492502 0.882825 -0.469226 0.0211422 
0.247802 0.426185 -0.870035 0.399087 0.773404 0.492519 0.882793 -0.469267 0.021566 
0.248162 0.426019 -0.870013 0.398922 0.773478 0.492537 0.882766 -0.469297 0.0219993 
0.248524 0.425849 -0.869993 0.398744 0.77356 0.492553 0.882745 -0.469316 0.0224433 
0.248886 0.425672 -0.869976 0.398553 0.773653 0.492561 0.882729 -0.469324 0.0228985 
0.249256 0.425484 -0.869962 0.398362 0.773749 0.492564 0.882711 -0.469335 0.0233648 
0.249638 0.425292 -0.869947 0.398169 0.773846 0.492569 0.882691 -0.469349 0.0238434 
0.250018 0.425095 -0.869934 0.397954 0.773958 0.492567 0.88268 -0.469344 0.0243348 
0.250399 0.424892 -0.869924 0.397724 0.77408 0.492561 0.882675 -0.469327 0.0248391 
0.250797 0.424679 -0.869913 0.397498 0.7742 0.492553 0.882664 -0.46932 0.0253579 
0.251201 0.424477 -0.869895 0.397243 0.774329 0.492557 0.882664 -0.46929 0.0258922 
0.251604 0.424238 -0.869895 0.396995 0.774476 0.492527 0.882661 -0.469266 0.0264411 
0.25202 0.424013 -0.869884 0.396722 0.774623 0.492516 0.882665 -0.469226 0.0270049 
0.252444 0.423776 -0.869877 0.396438 0.77478 0.492496 0.882672 -0.46918 0.0275881 
0.252883 0.42352 -0.869874 0.396158 0.774941 0.492468 0.882671 -0.469145 0.0281884 
0.253317 0.42326 -0.869874 0.395846 0.775124 0.492432 0.882687 -0.469078 0.0288064 
0.253764 0.422993 -0.869874 0.395519 0.775315 0.492394 0.882705 -0.469004 0.0294456 
0.254228 0.422717 -0.869873 0.395183 0.77551 0.492357 0.882722 -0.46893 0.0301062 
0.254705 0.422436 -0.86987 0.394833 0.775711 0.49232 0.882741 -0.46885 0.0307856 
0.255188 0.422129 -0.869877 0.394471 0.775932 0.492262 0.882764 -0.468761 0.0314908 
0.255689 0.421821 -0.869879 0.394088 0.776159 0.492211 0.88279 -0.468662 0.0322208 
0.256193 0.42149 -0.869891 0.393684 0.776409 0.49214 0.882824 -0.468546 0.0329769 
0.256718 0.421159 -0.869897 0.393257 0.776666 0.492077 0.882862 -0.468418 0.0337607 
0.257256 0.420807 -0.869909 0.392813 0.776939 0.492 0.882902 -0.468282 0.0345738 
0.257825 0.420447 -0.869914 0.39236 0.777212 0.49193 0.882938 -0.468152 0.0354181 
